54406 4027 11558   4879 2013 12  1     14  32766 0 8
54406 4027 11558   4879 2013 12  2     13  32766 0 8
54406 4027 11558   4879 2013 12  3     16  32766 0 8
54406 4027 11558   4879 2013 12  4      9  32766 0 8
54406 4027 11558   4879 2013 12  5     20  32766 0 8
54406 4027 11558   4879 2013 12  6     15  32766 0 8
54406 4027 11558   4879 2013 12  7     10  32766 0 8
54406 4027 11558   4879 2013 12  8      9  32766 0 8
54406 4027 11558   4879 2013 12  9     18  32766 0 8
54406 4027 11558   4879 2013 12 10     17  32766 0 8
54406 4027 11558   4879 2013 12 11     17  32766 0 8
54406 4027 11558   4879 2013 12 12     19  32766 0 8
54406 4027 11558   4879 2013 12 13     16  32766 0 8
54406 4027 11558   4879 2013 12 14     11  32766 0 8
54406 4027 11558   4879 2013 12 15      8  32766 0 8
54406 4027 11558   4879 2013 12 16      8  32766 0 8
54406 4027 11558   4879 2013 12 17     10  32766 0 8
54406 4027 11558   4879 2013 12 18     12  32766 0 8
54406 4027 11558   4879 2013 12 19     11  32766 0 8
54406 4027 11558   4879 2013 12 20     10  32766 0 8
54406 4027 11558   4879 2013 12 21      8  32766 0 8
54406 4027 11558   4879 2013 12 22      4  32766 0 8
54406 4027 11558   4879 2013 12 23      5  32766 0 8
54406 4027 11558   4879 2013 12 24      5  32766 0 8
54406 4027 11558   4879 2013 12 25     10  32766 0 8
54406 4027 11558   4879 2013 12 26     13  32766 0 8
54406 4027 11558   4879 2013 12 27      9  32766 0 8
54406 4027 11558   4879 2013 12 28     17  32766 0 8
54406 4027 11558   4879 2013 12 29     26  32766 0 8
54406 4027 11558   4879 2013 12 30     30  32766 0 8
54406 4027 11558   4879 2013 12 31     30  32766 0 8
54406 4027 11558   4879 2014  1  1     38  32766 0 8
54406 4027 11558   4879 2014  1  2     17  32766 0 8
54406 4027 11558   4879 2014  1  3     18  32766 0 8
54406 4027 11558   4879 2014  1  4      7  32766 0 8
54406 4027 11558   4879 2014  1  5      6  32766 0 8
54406 4027 11558   4879 2014  1  6      4  32766 0 8
54406 4027 11558   4879 2014  1  7     10  32766 0 8
54406 4027 11558   4879 2014  1  8     14  32766 0 8
54406 4027 11558   4879 2014  1  9     13  32766 0 8
54406 4027 11558   4879 2014  1 10     15  32766 0 8
54406 4027 11558   4879 2014  1 11      9  32766 0 8
54406 4027 11558   4879 2014  1 12     15  32766 0 8
54406 4027 11558   4879 2014  1 13      8  32766 0 8
54406 4027 11558   4879 2014  1 14      9  32766 0 8
54406 4027 11558   4879 2014  1 15      8  32766 0 8
54406 4027 11558   4879 2014  1 16     13  32766 0 8
54406 4027 11558   4879 2014  1 17     13  32766 0 8
54406 4027 11558   4879 2014  1 18      9  32766 0 8
54406 4027 11558   4879 2014  1 19     18  32766 0 8
54406 4027 11558   4879 2014  1 20     20  32766 0 8
54406 4027 11558   4879 2014  1 21     14  32766 0 8
54406 4027 11558   4879 2014  1 22      9  32766 0 8
54406 4027 11558   4879 2014  1 23     10  32766 0 8
54406 4027 11558   4879 2014  1 24      7  32766 0 8
54406 4027 11558   4879 2014  1 25     17  32766 0 8
54406 4027 11558   4879 2014  1 26     11  32766 0 8
54406 4027 11558   4879 2014  1 27     12  32766 0 8
54406 4027 11558   4879 2014  1 28     17  32766 0 8
54406 4027 11558   4879 2014  1 29      8  32766 0 8
54406 4027 11558   4879 2014  1 30     22  32766 0 8
54406 4027 11558   4879 2014  1 31     12  32766 0 8
54406 4027 11558   4879 2014  2  1      9  32766 0 8
54406 4027 11558   4879 2014  2  2     19  32766 0 8
54406 4027 11558   4879 2014  2  3     22  32766 0 8
54406 4027 11558   4879 2014  2  4     18  32766 0 8
54406 4027 11558   4879 2014  2  5     13  32766 0 8
54406 4027 11558   4879 2014  2  6      9  32766 0 8
54406 4027 11558   4879 2014  2  7      7  32766 0 8
54406 4027 11558   4879 2014  2  8     10  32766 0 8
54406 4027 11558   4879 2014  2  9     12  32766 0 8
54406 4027 11558   4879 2014  2 10     10  32766 0 8
54406 4027 11558   4879 2014  2 11      8  32766 0 8
54406 4027 11558   4879 2014  2 12     12  32766 0 8
54406 4027 11558   4879 2014  2 13      7  32766 0 8
54406 4027 11558   4879 2014  2 14      3  32766 0 8
54406 4027 11558   4879 2014  2 15      7  32766 0 8
54406 4027 11558   4879 2014  2 16     11  32766 0 8
54406 4027 11558   4879 2014  2 17     17  32766 0 8
54406 4027 11558   4879 2014  2 18     13  32766 0 8
54406 4027 11558   4879 2014  2 19     10  32766 0 8
54406 4027 11558   4879 2014  2 20     10  32766 0 8
54406 4027 11558   4879 2014  2 21      8  32766 0 8
54406 4027 11558   4879 2014  2 22      7  32766 0 8
54406 4027 11558   4879 2014  2 23      7  32766 0 8
54406 4027 11558   4879 2014  2 24     18  32766 0 8
54406 4027 11558   4879 2014  2 25     12  32766 0 8
54406 4027 11558   4879 2014  2 26      6  32766 0 8
54406 4027 11558   4879 2014  2 27     23  32766 0 8
54406 4027 11558   4879 2014  2 28     12  32766 0 8
54406 4027 11558   4879 2014  3  1     17  32766 0 8
54406 4027 11558   4879 2014  3  2     33  32766 0 8
54406 4027 11558   4879 2014  3  3     14  32766 0 8
54406 4027 11558   4879 2014  3  4     25  32766 0 8
54406 4027 11558   4879 2014  3  5     26  32766 0 8
54406 4027 11558   4879 2014  3  6     28  32766 0 8
54406 4027 11558   4879 2014  3  7     20  32766 0 8
54406 4027 11558   4879 2014  3  8     26  32766 0 8
54406 4027 11558   4879 2014  3  9     30  32766 0 8
54406 4027 11558   4879 2014  3 10     18  32766 0 8
54406 4027 11558   4879 2014  3 11     17  32766 0 8
54406 4027 11558   4879 2014  3 12     28  32766 0 8
54406 4027 11558   4879 2014  3 13     41  32766 0 8
54406 4027 11558   4879 2014  3 14     59  32766 0 8
54406 4027 11558   4879 2014  3 15     61  32766 0 8
54406 4027 11558   4879 2014  3 16     49  32766 0 8
54406 4027 11558   4879 2014  3 17     55  32766 0 8
54406 4027 11558   4879 2014  3 18     46  32766 0 8
54406 4027 11558   4879 2014  3 19     39  32766 0 8
54406 4027 11558   4879 2014  3 20     61  32766 0 8
54406 4027 11558   4879 2014  3 21     66  32766 0 8
54406 4027 11558   4879 2014  3 22     54  32766 0 8
54406 4027 11558   4879 2014  3 23     51  32766 0 8
54406 4027 11558   4879 2014  3 24     50  32766 0 8
54406 4027 11558   4879 2014  3 25     42  32766 0 8
54406 4027 11558   4879 2014  3 26     49  32766 0 8
54406 4027 11558   4879 2014  3 27     18  32766 0 8
54406 4027 11558   4879 2014  3 28     42  32766 0 8
54406 4027 11558   4879 2014  3 29     57  32766 0 8
54406 4027 11558   4879 2014  3 30     55  32766 0 8
54406 4027 11558   4879 2014  3 31     33  32766 0 8
54406 4027 11558   4879 2014  4  1  32766     45 8 0
54406 4027 11558   4879 2014  4  2  32766     33 8 0
54406 4027 11558   4879 2014  4  3  32766     51 8 0
54406 4027 11558   4879 2014  4  4  32766     51 8 0
54406 4027 11558   4879 2014  4  5  32766     46 8 0
54406 4027 11558   4879 2014  4  6  32766     39 8 0
54406 4027 11558   4879 2014  4  7  32766     37 8 0
54406 4027 11558   4879 2014  4  8  32766     28 8 0
54406 4027 11558   4879 2014  4  9  32766     39 8 0
54406 4027 11558   4879 2014  4 10  32766     36 8 0
54406 4027 11558   4879 2014  4 11  32766     31 8 0
54406 4027 11558   4879 2014  4 12  32766     32 8 0
54406 4027 11558   4879 2014  4 13  32766     31 8 0
54406 4027 11558   4879 2014  4 14  32766     28 8 0
54406 4027 11558   4879 2014  4 15  32766     22 8 0
54406 4027 11558   4879 2014  4 16  32766     32 8 0
54406 4027 11558   4879 2014  4 17  32766     16 8 0
54406 4027 11558   4879 2014  4 18  32766     17 8 0
54406 4027 11558   4879 2014  4 19  32766     16 8 0
54406 4027 11558   4879 2014  4 20  32766     31 8 0
54406 4027 11558   4879 2014  4 21  32766     29 8 0
54406 4027 11558   4879 2014  4 22  32766     42 8 0
54406 4027 11558   4879 2014  4 23  32766     28 8 0
54406 4027 11558   4879 2014  4 24  32766     25 8 0
54406 4027 11558   4879 2014  4 25  32766     36 8 0
54406 4027 11558   4879 2014  4 26  32766     35 8 0
54406 4027 11558   4879 2014  4 27  32766     38 8 0
54406 4027 11558   4879 2014  4 28  32766     40 8 0
54406 4027 11558   4879 2014  4 29  32766     39 8 0
54406 4027 11558   4879 2014  4 30  32766     37 8 0
54406 4027 11558   4879 2014  5  1  32766     32 8 0
54406 4027 11558   4879 2014  5  2  32766     52 8 0
54406 4027 11558   4879 2014  5  3  32766     39 8 0
54406 4027 11558   4879 2014  5  4  32766     51 8 0
54406 4027 11558   4879 2014  5  5  32766     39 8 0
54406 4027 11558   4879 2014  5  6  32766     36 8 0
54406 4027 11558   4879 2014  5  7  32766     43 8 0
54406 4027 11558   4879 2014  5  8  32766     43 8 0
54406 4027 11558   4879 2014  5  9  32766     30 8 0
54406 4027 11558   4879 2014  5 10  32766     19 8 0
54406 4027 11558   4879 2014  5 11  32766     11 8 0
54406 4027 11558   4879 2014  5 12  32766     41 8 0
54406 4027 11558   4879 2014  5 13  32766     49 8 0
54406 4027 11558   4879 2014  5 14  32766     38 8 0
54406 4027 11558   4879 2014  5 15  32766     44 8 0
54406 4027 11558   4879 2014  5 16  32766     47 8 0
54406 4027 11558   4879 2014  5 17  32766     45 8 0
54406 4027 11558   4879 2014  5 18  32766     36 8 0
54406 4027 11558   4879 2014  5 19  32766     43 8 0
54406 4027 11558   4879 2014  5 20  32766     51 8 0
54406 4027 11558   4879 2014  5 21  32766     49 8 0
54406 4027 11558   4879 2014  5 22  32766     63 8 0
54406 4027 11558   4879 2014  5 23  32766     68 8 0
54406 4027 11558   4879 2014  5 24  32766     28 8 0
54406 4027 11558   4879 2014  5 25  32766     71 8 0
54406 4027 11558   4879 2014  5 26  32766     81 8 0
54406 4027 11558   4879 2014  5 27  32766     75 8 0
54406 4027 11558   4879 2014  5 28  32766     59 8 0
54406 4027 11558   4879 2014  5 29  32766     49 8 0
54406 4027 11558   4879 2014  5 30  32766     61 8 0
54406 4027 11558   4879 2014  5 31  32766     52 8 0
54406 4027 11558   4879 2014  6  1  32766     32 8 0
54406 4027 11558   4879 2014  6  2  32766     36 8 0
54406 4027 11558   4879 2014  6  3  32766     42 8 0
54406 4027 11558   4879 2014  6  4  32766     42 8 0
54406 4027 11558   4879 2014  6  5  32766     37 8 0
54406 4027 11558   4879 2014  6  6  32766     33 8 0
54406 4027 11558   4879 2014  6  7  32766     39 8 0
54406 4027 11558   4879 2014  6  8  32766     41 8 0
54406 4027 11558   4879 2014  6  9  32766     38 8 0
54406 4027 11558   4879 2014  6 10  32766     32 8 0
54406 4027 11558   4879 2014  6 11  32766     31 8 0
54406 4027 11558   4879 2014  6 12  32766     42 8 0
54406 4027 11558   4879 2014  6 13  32766     43 8 0
54406 4027 11558   4879 2014  6 14  32766     35 8 0
54406 4027 11558   4879 2014  6 15  32766     35 8 0
54406 4027 11558   4879 2014  6 16  32766     31 8 0
54406 4027 11558   4879 2014  6 17  32766     32 8 0
54406 4027 11558   4879 2014  6 18  32766     40 8 0
54406 4027 11558   4879 2014  6 19  32766     40 8 0
54406 4027 11558   4879 2014  6 20  32766     36 8 0
54406 4027 11558   4879 2014  6 21  32766     41 8 0
54406 4027 11558   4879 2014  6 22  32766     30 8 0
54406 4027 11558   4879 2014  6 23  32766     35 8 0
54406 4027 11558   4879 2014  6 24  32766     47 8 0
54406 4027 11558   4879 2014  6 25  32766     23 8 0
54406 4027 11558   4879 2014  6 26  32766     22 8 0
54406 4027 11558   4879 2014  6 27  32766     47 8 0
54406 4027 11558   4879 2014  6 28  32766     53 8 0
54406 4027 11558   4879 2014  6 29  32766     48 8 0
54406 4027 11558   4879 2014  6 30  32766     35 8 0
54406 4027 11558   4879 2014  7  1  32766     30 8 0
54406 4027 11558   4879 2014  7  2  32766     24 8 0
54406 4027 11558   4879 2014  7  3  32766     12 8 0
54406 4027 11558   4879 2014  7  4  32766     27 8 0
54406 4027 11558   4879 2014  7  5  32766     36 8 0
54406 4027 11558   4879 2014  7  6  32766     30 8 0
54406 4027 11558   4879 2014  7  7  32766     23 8 0
54406 4027 11558   4879 2014  7  8  32766     48 8 0
54406 4027 11558   4879 2014  7  9  32766  32766 8 8
54406 4027 11558   4879 2014  7 10  32766     42 8 0
54406 4027 11558   4879 2014  7 11  32766     44 8 0
54406 4027 11558   4879 2014  7 12  32766     56 8 0
54406 4027 11558   4879 2014  7 13  32766     58 8 0
54406 4027 11558   4879 2014  7 14  32766     50 8 0
54406 4027 11558   4879 2014  7 15  32766     49 8 0
54406 4027 11558   4879 2014  7 16  32766     28 8 0
54406 4027 11558   4879 2014  7 17  32766     31 8 0
54406 4027 11558   4879 2014  7 18  32766     25 8 0
54406 4027 11558   4879 2014  7 19  32766     37 8 0
54406 4027 11558   4879 2014  7 20  32766     38 8 0
54406 4027 11558   4879 2014  7 21  32766     34 8 0
54406 4027 11558   4879 2014  7 22  32766     29 8 0
54406 4027 11558   4879 2014  7 23  32766     31 8 0
54406 4027 11558   4879 2014  7 24  32766     26 8 0
54406 4027 11558   4879 2014  7 25  32766     42 8 0
54406 4027 11558   4879 2014  7 26  32766     45 8 0
54406 4027 11558   4879 2014  7 27  32766     60 8 0
54406 4027 11558   4879 2014  7 28  32766     45 8 0
54406 4027 11558   4879 2014  7 29  32766     34 8 0
54406 4027 11558   4879 2014  7 30  32766     29 8 0
54406 4027 11558   4879 2014  7 31  32766     32 8 0
54406 4027 11558   4879 2014  8  1  32766     25 8 0
54406 4027 11558   4879 2014  8  2  32766     25 8 0
54406 4027 11558   4879 2014  8  3  32766     25 8 0
54406 4027 11558   4879 2014  8  4  32766     27 8 0
54406 4027 11558   4879 2014  8  5  32766     26 8 0
54406 4027 11558   4879 2014  8  6  32766     37 8 0
54406 4027 11558   4879 2014  8  7  32766     49 8 0
54406 4027 11558   4879 2014  8  8  32766     43 8 0
54406 4027 11558   4879 2014  8  9  32766     40 8 0
54406 4027 11558   4879 2014  8 10  32766     37 8 0
54406 4027 11558   4879 2014  8 11  32766     45 8 0
54406 4027 11558   4879 2014  8 12  32766  32766 8 8
54406 4027 11558   4879 2014  8 13  32766     15 8 0
54406 4027 11558   4879 2014  8 14  32766     32 8 0
54406 4027 11558   4879 2014  8 15  32766     30 8 0
54406 4027 11558   4879 2014  8 16  32766     33 8 0
54406 4027 11558   4879 2014  8 17  32766     39 8 0
54406 4027 11558   4879 2014  8 18  32766     36 8 0
54406 4027 11558   4879 2014  8 19  32766     31 8 0
54406 4027 11558   4879 2014  8 20  32766     36 8 0
54406 4027 11558   4879 2014  8 21  32766     28 8 0
54406 4027 11558   4879 2014  8 22  32766     30 8 0
54406 4027 11558   4879 2014  8 23  32766     28 8 0
54406 4027 11558   4879 2014  8 24  32766     49 8 0
54406 4027 11558   4879 2014  8 25  32766     48 8 0
54406 4027 11558   4879 2014  8 26  32766     47 8 0
54406 4027 11558   4879 2014  8 27  32766     54 8 0
54406 4027 11558   4879 2014  8 28  32766     19 8 0
54406 4027 11558   4879 2014  8 29  32766     13 8 0
54406 4027 11558   4879 2014  8 30  32766     16 8 0
54406 4027 11558   4879 2014  8 31  32766      6 8 0
54406 4027 11558   4879 2014  9  1  32766     12 8 0
54406 4027 11558   4879 2014  9  2  32766     29 8 0
54406 4027 11558   4879 2014  9  3  32766     31 8 0
54406 4027 11558   4879 2014  9  4  32766     35 8 0
54406 4027 11558   4879 2014  9  5  32766     23 8 0
54406 4027 11558   4879 2014  9  6  32766     18 8 0
54406 4027 11558   4879 2014  9  7  32766     21 8 0
54406 4027 11558   4879 2014  9  8  32766     33 8 0
54406 4027 11558   4879 2014  9  9  32766     39 8 0
54406 4027 11558   4879 2014  9 10  32766     27 8 0
54406 4027 11558   4879 2014  9 11  32766  32766 8 8
54406 4027 11558   4879 2014  9 12  32766  32766 8 8
54406 4027 11558   4879 2014  9 13  32766     13 8 0
54406 4027 11558   4879 2014  9 14  32766     32 8 0
54406 4027 11558   4879 2014  9 15  32766     37 8 0
54406 4027 11558   4879 2014  9 16  32766     25 8 0
54406 4027 11558   4879 2014  9 17  32766     17 8 0
54406 4027 11558   4879 2014  9 18  32766     25 8 0
54406 4027 11558   4879 2014  9 19  32766     33 8 0
54406 4027 11558   4879 2014  9 20  32766      9 8 0
54406 4027 11558   4879 2014  9 21  32766     19 8 0
54406 4027 11558   4879 2014  9 22  32766     12 8 0
54406 4027 11558   4879 2014  9 23  32766     17 8 0
54406 4027 11558   4879 2014  9 24  32766     14 8 0
54406 4027 11558   4879 2014  9 25  32766     16 8 0
54406 4027 11558   4879 2014  9 26  32766     10 8 0
54406 4027 11558   4879 2014  9 27  32766     23 8 0
54406 4027 11558   4879 2014  9 28  32766     18 8 0
54406 4027 11558   4879 2014  9 29  32766     23 8 0
54406 4027 11558   4879 2014  9 30  32766     34 8 0
54406 4027 11558   4879 2014 10  1  32766     22 8 0
54406 4027 11558   4879 2014 10  2  32766      6 8 0
54406 4027 11558   4879 2014 10  3  32766     10 8 0
54406 4027 11558   4879 2014 10  4  32766  32766 8 8
54406 4027 11558   4879 2014 10  5  32766     23 8 0
54406 4027 11558   4879 2014 10  6  32766     21 8 0
54406 4027 11558   4879 2014 10  7  32766     15 8 0
54406 4027 11558   4879 2014 10  8  32766     14 8 0
54406 4027 11558   4879 2014 10  9  32766      8 8 0
54406 4027 11558   4879 2014 10 10  32766      8 8 0
54406 4027 11558   4879 2014 10 11  32766     10 8 0
54406 4027 11558   4879 2014 10 12  32766     30 8 0
54406 4027 11558   4879 2014 10 13  32766     25 8 0
54406 4027 11558   4879 2014 10 14  32766     23 8 0
54406 4027 11558   4879 2014 10 15  32766     29 8 0
54406 4027 11558   4879 2014 10 16  32766     26 8 0
54406 4027 11558   4879 2014 10 17  32766     21 8 0
54406 4027 11558   4879 2014 10 18  32766     15 8 0
54406 4027 11558   4879 2014 10 19  32766      7 8 0
54406 4027 11558   4879 2014 10 20  32766      8 8 0
54406 4027 11558   4879 2014 10 21  32766     22 8 0
54406 4027 11558   4879 2014 10 22  32766     18 8 0
54406 4027 11558   4879 2014 10 23  32766     12 8 0
54406 4027 11558   4879 2014 10 24  32766      9 8 0
54406 4027 11558   4879 2014 10 25  32766      9 8 0
54406 4027 11558   4879 2014 10 26  32766     24 8 0
54406 4027 11558   4879 2014 10 27  32766     25 8 0
54406 4027 11558   4879 2014 10 28  32766     15 8 0
54406 4027 11558   4879 2014 10 29  32766     13 8 0
54406 4027 11558   4879 2014 10 30  32766      8 8 0
54406 4027 11558   4879 2014 10 31  32766      6 8 0
54406 4027 11558   4879 2014 11  1     19  32766 0 8
54406 4027 11558   4879 2014 11  2     42  32766 0 8
54406 4027 11558   4879 2014 11  3     41  32766 0 8
54406 4027 11558   4879 2014 11  4     21  32766 0 8
54406 4027 11558   4879 2014 11  5     27  32766 0 8
54406 4027 11558   4879 2014 11  6     25  32766 0 8
54406 4027 11558   4879 2014 11  7     15  32766 0 8
54406 4027 11558   4879 2014 11  8     16  32766 0 8
54406 4027 11558   4879 2014 11  9     24  32766 0 8
54406 4027 11558   4879 2014 11 10     10  32766 0 8
54406 4027 11558   4879 2014 11 11     20  32766 0 8
54406 4027 11558   4879 2014 11 12     37  32766 0 8
54406 4027 11558   4879 2014 11 13     30  32766 0 8
54406 4027 11558   4879 2014 11 14     17  32766 0 8
54406 4027 11558   4879 2014 11 15     11  32766 0 8
54406 4027 11558   4879 2014 11 16     16  32766 0 8
54406 4027 11558   4879 2014 11 17     19  32766 0 8
54406 4027 11558   4879 2014 11 18     12  32766 0 8
54406 4027 11558   4879 2014 11 19      8  32766 0 8
54406 4027 11558   4879 2014 11 20     14  32766 0 8
54406 4027 11558   4879 2014 11 21     18  32766 0 8
54406 4027 11558   4879 2014 11 22     16  32766 0 8
54406 4027 11558   4879 2014 11 23     13  32766 0 8
54406 4027 11558   4879 2014 11 24     13  32766 0 8
54406 4027 11558   4879 2014 11 25      7  32766 0 8
54406 4027 11558   4879 2014 11 26      7  32766 0 8
54406 4027 11558   4879 2014 11 27     19  32766 0 8
54406 4027 11558   4879 2014 11 28     11  32766 0 8
54406 4027 11558   4879 2014 11 29      6  32766 0 8
54406 4027 11558   4879 2014 11 30     22  32766 0 8
54406 4027 11558   4879 2014 12  1     20  32766 0 8
54406 4027 11558   4879 2014 12  2     12  32766 0 8
54406 4027 11558   4879 2014 12  3     17  32766 0 8
54406 4027 11558   4879 2014 12  4     21  32766 0 8
54406 4027 11558   4879 2014 12  5     17  32766 0 8
54406 4027 11558   4879 2014 12  6     11  32766 0 8
54406 4027 11558   4879 2014 12  7     13  32766 0 8
54406 4027 11558   4879 2014 12  8     10  32766 0 8
54406 4027 11558   4879 2014 12  9      7  32766 0 8
54406 4027 11558   4879 2014 12 10     18  32766 0 8
54406 4027 11558   4879 2014 12 11     14  32766 0 8
54406 4027 11558   4879 2014 12 12     23  32766 0 8
54406 4027 11558   4879 2014 12 13     18  32766 0 8
54406 4027 11558   4879 2014 12 14     11  32766 0 8
54406 4027 11558   4879 2014 12 15     12  32766 0 8
54406 4027 11558   4879 2014 12 16     17  32766 0 8
54406 4027 11558   4879 2014 12 17     20  32766 0 8
54406 4027 11558   4879 2014 12 18      9  32766 0 8
54406 4027 11558   4879 2014 12 19     12  32766 0 8
54406 4027 11558   4879 2014 12 20      7  32766 0 8
54406 4027 11558   4879 2014 12 21     16  32766 0 8
54406 4027 11558   4879 2014 12 22     21  32766 0 8
54406 4027 11558   4879 2014 12 23      7  32766 0 8
54406 4027 11558   4879 2014 12 24     17  32766 0 8
54406 4027 11558   4879 2014 12 25     10  32766 0 8
54406 4027 11558   4879 2014 12 26      7  32766 0 8
54406 4027 11558   4879 2014 12 27      8  32766 0 8
54406 4027 11558   4879 2014 12 28     15  32766 0 8
54406 4027 11558   4879 2014 12 29     18  32766 0 8
54406 4027 11558   4879 2014 12 30     19  32766 0 8
54406 4027 11558   4879 2014 12 31     23  32766 0 8
54406 4027 11558   4879 2015  1  1     17  32766 0 8
54406 4027 11558   4879 2015  1  2     18  32766 0 8
54406 4027 11558   4879 2015  1  3     10  32766 0 8
54406 4027 11558   4879 2015  1  4      8  32766 0 8
54406 4027 11558   4879 2015  1  5     19  32766 0 8
54406 4027 11558   4879 2015  1  6     17  32766 0 8
54406 4027 11558   4879 2015  1  7      9  32766 0 8
54406 4027 11558   4879 2015  1  8      7  32766 0 8
54406 4027 11558   4879 2015  1  9     17  32766 0 8
54406 4027 11558   4879 2015  1 10     20  32766 0 8
54406 4027 11558   4879 2015  1 11     23  32766 0 8
54406 4027 11558   4879 2015  1 12     11  32766 0 8
54406 4027 11558   4879 2015  1 13      7  32766 0 8
54406 4027 11558   4879 2015  1 14      1  32766 0 8
54406 4027 11558   4879 2015  1 15      3  32766 0 8
54406 4027 11558   4879 2015  1 16     14  32766 0 8
54406 4027 11558   4879 2015  1 17      8  32766 0 8
54406 4027 11558   4879 2015  1 18     17  32766 0 8
54406 4027 11558   4879 2015  1 19     16  32766 0 8
54406 4027 11558   4879 2015  1 20      9  32766 0 8
54406 4027 11558   4879 2015  1 21     14  32766 0 8
54406 4027 11558   4879 2015  1 22      8  32766 0 8
54406 4027 11558   4879 2015  1 23      7  32766 0 8
54406 4027 11558   4879 2015  1 24      9  32766 0 8
54406 4027 11558   4879 2015  1 25      3  32766 0 8
54406 4027 11558   4879 2015  1 26     12  32766 0 8
54406 4027 11558   4879 2015  1 27     13  32766 0 8
54406 4027 11558   4879 2015  1 28     11  32766 0 8
54406 4027 11558   4879 2015  1 29     13  32766 0 8
54406 4027 11558   4879 2015  1 30     15  32766 0 8
54406 4027 11558   4879 2015  1 31     13  32766 0 8
54406 4027 11558   4879 2015  2  1     10  32766 0 8
54406 4027 11558   4879 2015  2  2      9  32766 0 8
54406 4027 11558   4879 2015  2  3     13  32766 0 8
54406 4027 11558   4879 2015  2  4     20  32766 0 8
54406 4027 11558   4879 2015  2  5     20  32766 0 8
54406 4027 11558   4879 2015  2  6     13  32766 0 8
54406 4027 11558   4879 2015  2  7     23  32766 0 8
54406 4027 11558   4879 2015  2  8     14  32766 0 8
54406 4027 11558   4879 2015  2  9     12  32766 0 8
54406 4027 11558   4879 2015  2 10     23  32766 0 8
54406 4027 11558   4879 2015  2 11     23  32766 0 8
54406 4027 11558   4879 2015  2 12     21  32766 0 8
54406 4027 11558   4879 2015  2 13     19  32766 0 8
54406 4027 11558   4879 2015  2 14     15  32766 0 8
54406 4027 11558   4879 2015  2 15     13  32766 0 8
54406 4027 11558   4879 2015  2 16     25  32766 0 8
54406 4027 11558   4879 2015  2 17     28  32766 0 8
54406 4027 11558   4879 2015  2 18     20  32766 0 8
54406 4027 11558   4879 2015  2 19     15  32766 0 8
54406 4027 11558   4879 2015  2 20      4  32766 0 8
54406 4027 11558   4879 2015  2 21     14  32766 0 8
54406 4027 11558   4879 2015  2 22     30  32766 0 8
54406 4027 11558   4879 2015  2 23     17  32766 0 8
54406 4027 11558   4879 2015  2 24     16  32766 0 8
54406 4027 11558   4879 2015  2 25     25  32766 0 8
54406 4027 11558   4879 2015  2 26     24  32766 0 8
54406 4027 11558   4879 2015  2 27     16  32766 0 8
54406 4027 11558   4879 2015  2 28      8  32766 0 8
54406 4027 11558   4879 2015  3  1     34  32766 0 8
54406 4027 11558   4879 2015  3  2     38  32766 0 8
54406 4027 11558   4879 2015  3  3     33  32766 0 8
54406 4027 11558   4879 2015  3  4     23  32766 0 8
54406 4027 11558   4879 2015  3  5     19  32766 0 8
54406 4027 11558   4879 2015  3  6     20  32766 0 8
54406 4027 11558   4879 2015  3  7     24  32766 0 8
54406 4027 11558   4879 2015  3  8     30  32766 0 8
54406 4027 11558   4879 2015  3  9     30  32766 0 8
54406 4027 11558   4879 2015  3 10     24  32766 0 8
54406 4027 11558   4879 2015  3 11     33  32766 0 8
54406 4027 11558   4879 2015  3 12     33  32766 0 8
54406 4027 11558   4879 2015  3 13     33  32766 0 8
54406 4027 11558   4879 2015  3 14     24  32766 0 8
54406 4027 11558   4879 2015  3 15     52  32766 0 8
54406 4027 11558   4879 2015  3 16     35  32766 0 8
54406 4027 11558   4879 2015  3 17     45  32766 0 8
54406 4027 11558   4879 2015  3 18     39  32766 0 8
54406 4027 11558   4879 2015  3 19     35  32766 0 8
54406 4027 11558   4879 2015  3 20     60  32766 0 8
54406 4027 11558   4879 2015  3 21     64  32766 0 8
54406 4027 11558   4879 2015  3 22     56  32766 0 8
54406 4027 11558   4879 2015  3 23     49  32766 0 8
54406 4027 11558   4879 2015  3 24     47  32766 0 8
54406 4027 11558   4879 2015  3 25     39  32766 0 8
54406 4027 11558   4879 2015  3 26     40  32766 0 8
54406 4027 11558   4879 2015  3 27     48  32766 0 8
54406 4027 11558   4879 2015  3 28     57  32766 0 8
54406 4027 11558   4879 2015  3 29     53  32766 0 8
54406 4027 11558   4879 2015  3 30     48  32766 0 8
54406 4027 11558   4879 2015  3 31     20  32766 0 8
54406 4027 11558   4879 2015  4  1  32766     30 8 0
54406 4027 11558   4879 2015  4  2  32766     31 8 0
54406 4027 11558   4879 2015  4  3  32766     52 8 0
54406 4027 11558   4879 2015  4  4  32766     25 8 0
54406 4027 11558   4879 2015  4  5  32766     40 8 0
54406 4027 11558   4879 2015  4  6  32766     48 8 0
54406 4027 11558   4879 2015  4  7  32766     43 8 0
54406 4027 11558   4879 2015  4  8  32766     34 8 0
54406 4027 11558   4879 2015  4  9  32766     28 8 0
54406 4027 11558   4879 2015  4 10  32766     28 8 0
54406 4027 11558   4879 2015  4 11  32766     31 8 0
54406 4027 11558   4879 2015  4 12  32766     33 8 0
54406 4027 11558   4879 2015  4 13  32766     34 8 0
54406 4027 11558   4879 2015  4 14  32766     38 8 0
54406 4027 11558   4879 2015  4 15  32766     37 8 0
54406 4027 11558   4879 2015  4 16  32766     56 8 0
54406 4027 11558   4879 2015  4 17  32766     44 8 0
54406 4027 11558   4879 2015  4 18  32766     25 8 0
54406 4027 11558   4879 2015  4 19  32766     38 8 0
54406 4027 11558   4879 2015  4 20  32766     54 8 0
54406 4027 11558   4879 2015  4 21  32766     49 8 0
54406 4027 11558   4879 2015  4 22  32766     53 8 0
54406 4027 11558   4879 2015  4 23  32766     52 8 0
54406 4027 11558   4879 2015  4 24  32766     53 8 0
54406 4027 11558   4879 2015  4 25  32766     54 8 0
54406 4027 11558   4879 2015  4 26  32766     53 8 0
54406 4027 11558   4879 2015  4 27  32766     27 8 0
54406 4027 11558   4879 2015  4 28  32766     26 8 0
54406 4027 11558   4879 2015  4 29  32766     34 8 0
54406 4027 11558   4879 2015  4 30  32766     33 8 0
54406 4027 11558   4879 2015  5  1  32766     21 8 0
54406 4027 11558   4879 2015  5  2  32766     23 8 0
54406 4027 11558   4879 2015  5  3  32766     48 8 0
54406 4027 11558   4879 2015  5  4  32766     65 8 0
54406 4027 11558   4879 2015  5  5  32766     40 8 0
54406 4027 11558   4879 2015  5  6  32766     52 8 0
54406 4027 11558   4879 2015  5  7  32766     41 8 0
54406 4027 11558   4879 2015  5  8  32766     39 8 0
54406 4027 11558   4879 2015  5  9  32766      7 8 0
54406 4027 11558   4879 2015  5 10  32766     17 8 0
54406 4027 11558   4879 2015  5 11  32766     26 8 0
54406 4027 11558   4879 2015  5 12  32766     31 8 0
54406 4027 11558   4879 2015  5 13  32766     38 8 0
54406 4027 11558   4879 2015  5 14  32766     46 8 0
54406 4027 11558   4879 2015  5 15  32766     47 8 0
54406 4027 11558   4879 2015  5 16  32766     53 8 0
54406 4027 11558   4879 2015  5 17  32766     25 8 0
54406 4027 11558   4879 2015  5 18  32766     47 8 0
54406 4027 11558   4879 2015  5 19  32766     58 8 0
54406 4027 11558   4879 2015  5 20  32766     51 8 0
54406 4027 11558   4879 2015  5 21  32766     46 8 0
54406 4027 11558   4879 2015  5 22  32766     46 8 0
54406 4027 11558   4879 2015  5 23  32766     45 8 0
54406 4027 11558   4879 2015  5 24  32766     48 8 0
54406 4027 11558   4879 2015  5 25  32766     50 8 0
54406 4027 11558   4879 2015  5 26  32766     53 8 0
54406 4027 11558   4879 2015  5 27  32766     55 8 0
54406 4027 11558   4879 2015  5 28  32766     28 8 0
54406 4027 11558   4879 2015  5 29  32766     35 8 0
54406 4027 11558   4879 2015  5 30  32766     59 8 0
54406 4027 11558   4879 2015  5 31  32766     43 8 0
54406 4027 11558   4879 2015  6  1  32766     37 8 0
54406 4027 11558   4879 2015  6  2  32766     62 8 0
54406 4027 11558   4879 2015  6  3  32766     52 8 0
54406 4027 11558   4879 2015  6  4  32766     40 8 0
54406 4027 11558   4879 2015  6  5  32766     32 8 0
54406 4027 11558   4879 2015  6  6  32766     36 8 0
54406 4027 11558   4879 2015  6  7  32766     36 8 0
54406 4027 11558   4879 2015  6  8  32766     36 8 0
54406 4027 11558   4879 2015  6  9  32766     39 8 0
54406 4027 11558   4879 2015  6 10  32766     21 8 0
54406 4027 11558   4879 2015  6 11  32766     28 8 0
54406 4027 11558   4879 2015  6 12  32766     40 8 0
54406 4027 11558   4879 2015  6 13  32766     24 8 0
54406 4027 11558   4879 2015  6 14  32766     35 8 0
54406 4027 11558   4879 2015  6 15  32766     36 8 0
54406 4027 11558   4879 2015  6 16  32766     25 8 0
54406 4027 11558   4879 2015  6 17  32766     27 8 0
54406 4027 11558   4879 2015  6 18  32766     51 8 0
54406 4027 11558   4879 2015  6 19  32766     22 8 0
54406 4027 11558   4879 2015  6 20  32766     44 8 0
54406 4027 11558   4879 2015  6 21  32766     44 8 0
54406 4027 11558   4879 2015  6 22  32766     42 8 0
54406 4027 11558   4879 2015  6 23  32766     37 8 0
54406 4027 11558   4879 2015  6 24  32766     15 8 0
54406 4027 11558   4879 2015  6 25  32766     14 8 0
54406 4027 11558   4879 2015  6 26  32766     24 8 0
54406 4027 11558   4879 2015  6 27  32766     28 8 0
54406 4027 11558   4879 2015  6 28  32766     27 8 0
54406 4027 11558   4879 2015  6 29  32766     24 8 0
54406 4027 11558   4879 2015  6 30  32766     27 8 0
54406 4027 11558   4879 2015  7  1  32766     29 8 0
54406 4027 11558   4879 2015  7  2  32766     37 8 0
54406 4027 11558   4879 2015  7  3  32766     52 8 0
54406 4027 11558   4879 2015  7  4  32766     32 8 0
54406 4027 11558   4879 2015  7  5  32766     36 8 0
54406 4027 11558   4879 2015  7  6  32766     30 8 0
54406 4027 11558   4879 2015  7  7  32766     35 8 0
54406 4027 11558   4879 2015  7  8  32766     39 8 0
54406 4027 11558   4879 2015  7  9  32766     50 8 0
54406 4027 11558   4879 2015  7 10  32766     53 8 0
54406 4027 11558   4879 2015  7 11  32766     41 8 0
54406 4027 11558   4879 2015  7 12  32766     44 8 0
54406 4027 11558   4879 2015  7 13  32766     49 8 0
54406 4027 11558   4879 2015  7 14  32766     59 8 0
54406 4027 11558   4879 2015  7 15  32766     29 8 0
54406 4027 11558   4879 2015  7 16  32766     16 8 0
54406 4027 11558   4879 2015  7 17  32766     17 8 0
54406 4027 11558   4879 2015  7 18  32766     30 8 0
54406 4027 11558   4879 2015  7 19  32766     30 8 0
54406 4027 11558   4879 2015  7 20  32766     30 8 0
54406 4027 11558   4879 2015  7 21  32766     29 8 0
54406 4027 11558   4879 2015  7 22  32766     32 8 0
54406 4027 11558   4879 2015  7 23  32766     39 8 0
54406 4027 11558   4879 2015  7 24  32766     40 8 0
54406 4027 11558   4879 2015  7 25  32766     37 8 0
54406 4027 11558   4879 2015  7 26  32766     42 8 0
54406 4027 11558   4879 2015  7 27  32766     35 8 0
54406 4027 11558   4879 2015  7 28  32766     29 8 0
54406 4027 11558   4879 2015  7 29  32766     35 8 0
54406 4027 11558   4879 2015  7 30  32766     25 8 0
54406 4027 11558   4879 2015  7 31  32766     20 8 0
54406 4027 11558   4879 2015  8  1  32766     13 8 0
54406 4027 11558   4879 2015  8  2  32766     21 8 0
54406 4027 11558   4879 2015  8  3  32766     26 8 0
54406 4027 11558   4879 2015  8  4  32766     34 8 0
54406 4027 11558   4879 2015  8  5  32766     27 8 0
54406 4027 11558   4879 2015  8  6  32766     32 8 0
54406 4027 11558   4879 2015  8  7  32766     22 8 0
54406 4027 11558   4879 2015  8  8  32766     35 8 0
54406 4027 11558   4879 2015  8  9  32766     30 8 0
54406 4027 11558   4879 2015  8 10  32766     44 8 0
54406 4027 11558   4879 2015  8 11  32766     41 8 0
54406 4027 11558   4879 2015  8 12  32766     40 8 0
54406 4027 11558   4879 2015  8 13  32766     36 8 0
54406 4027 11558   4879 2015  8 14  32766     50 8 0
54406 4027 11558   4879 2015  8 15  32766     48 8 0
54406 4027 11558   4879 2015  8 16  32766     47 8 0
54406 4027 11558   4879 2015  8 17  32766     31 8 0
54406 4027 11558   4879 2015  8 18  32766     39 8 0
54406 4027 11558   4879 2015  8 19  32766     34 8 0
54406 4027 11558   4879 2015  8 20  32766     31 8 0
54406 4027 11558   4879 2015  8 21  32766     35 8 0
54406 4027 11558   4879 2015  8 22  32766     35 8 0
54406 4027 11558   4879 2015  8 23  32766     28 8 0
54406 4027 11558   4879 2015  8 24  32766     25 8 0
54406 4027 11558   4879 2015  8 25  32766     27 8 0
54406 4027 11558   4879 2015  8 26  32766     25 8 0
54406 4027 11558   4879 2015  8 27  32766     29 8 0
54406 4027 11558   4879 2015  8 28  32766     28 8 0
54406 4027 11558   4879 2015  8 29  32766     32 8 0
54406 4027 11558   4879 2015  8 30  32766     30 8 0
54406 4027 11558   4879 2015  8 31  32766     22 8 0
54406 4027 11558   4879 2015  9  1  32766     13 8 0
54406 4027 11558   4879 2015  9  2  32766     22 8 0
54406 4027 11558   4879 2015  9  3  32766     26 8 0
54406 4027 11558   4879 2015  9  4  32766     12 8 0
54406 4027 11558   4879 2015  9  5  32766     19 8 0
54406 4027 11558   4879 2015  9  6  32766     22 8 0
54406 4027 11558   4879 2015  9  7  32766     26 8 0
54406 4027 11558   4879 2015  9  8  32766     28 8 0
54406 4027 11558   4879 2015  9  9  32766     19 8 0
54406 4027 11558   4879 2015  9 10  32766     23 8 0
54406 4027 11558   4879 2015  9 11  32766     22 8 0
54406 4027 11558   4879 2015  9 12  32766     35 8 0
54406 4027 11558   4879 2015  9 13  32766     27 8 0
54406 4027 11558   4879 2015  9 14  32766     24 8 0
54406 4027 11558   4879 2015  9 15  32766     23 8 0
54406 4027 11558   4879 2015  9 16  32766     20 8 0
54406 4027 11558   4879 2015  9 17  32766     19 8 0
54406 4027 11558   4879 2015  9 18  32766     26 8 0
54406 4027 11558   4879 2015  9 19  32766     36 8 0
54406 4027 11558   4879 2015  9 20  32766     22 8 0
54406 4027 11558   4879 2015  9 21  32766     23 8 0
54406 4027 11558   4879 2015  9 22  32766     15 8 0
54406 4027 11558   4879 2015  9 23  32766     17 8 0
54406 4027 11558   4879 2015  9 24  32766     18 8 0
54406 4027 11558   4879 2015  9 25  32766     31 8 0
54406 4027 11558   4879 2015  9 26  32766     28 8 0
54406 4027 11558   4879 2015  9 27  32766     17 8 0
54406 4027 11558   4879 2015  9 28  32766     17 8 0
54406 4027 11558   4879 2015  9 29  32766     11 8 0
54406 4027 11558   4879 2015  9 30  32766      8 8 0
54406 4027 11558   4879 2015 10  1  32766     42 8 0
54406 4027 11558   4879 2015 10  2  32766     32 8 0
54406 4027 11558   4879 2015 10  3  32766     28 8 0
54406 4027 11558   4879 2015 10  4  32766     18 8 0
54406 4027 11558   4879 2015 10  5  32766     19 8 0
54406 4027 11558   4879 2015 10  6  32766     14 8 0
54406 4027 11558   4879 2015 10  7  32766     14 8 0
54406 4027 11558   4879 2015 10  8  32766     41 8 0
54406 4027 11558   4879 2015 10  9  32766     42 8 0
54406 4027 11558   4879 2015 10 10  32766     32 8 0
54406 4027 11558   4879 2015 10 11  32766     27 8 0
54406 4027 11558   4879 2015 10 12  32766     23 8 0
54406 4027 11558   4879 2015 10 13  32766     18 8 0
54406 4027 11558   4879 2015 10 14  32766     16 8 0
54406 4027 11558   4879 2015 10 15  32766     17 8 0
54406 4027 11558   4879 2015 10 16  32766     13 8 0
54406 4027 11558   4879 2015 10 17  32766     12 8 0
54406 4027 11558   4879 2015 10 18  32766     27 8 0
54406 4027 11558   4879 2015 10 19  32766     13 8 0
54406 4027 11558   4879 2015 10 20  32766     13 8 0
54406 4027 11558   4879 2015 10 21  32766      7 8 0
54406 4027 11558   4879 2015 10 22  32766     13 8 0
54406 4027 11558   4879 2015 10 23  32766      9 8 0
54406 4027 11558   4879 2015 10 24  32766     13 8 0
54406 4027 11558   4879 2015 10 25  32766     18 8 0
54406 4027 11558   4879 2015 10 26  32766     13 8 0
54406 4027 11558   4879 2015 10 27  32766     27 8 0
54406 4027 11558   4879 2015 10 28  32766     25 8 0
54406 4027 11558   4879 2015 10 29  32766     34 8 0
54406 4027 11558   4879 2015 10 30  32766     20 8 0
54406 4027 11558   4879 2015 10 31  32766     16 8 0
54406 4027 11558   4879 2015 11  1     27  32766 0 8
54406 4027 11558   4879 2015 11  2     28  32766 0 8
54406 4027 11558   4879 2015 11  3     25  32766 0 8
54406 4027 11558   4879 2015 11  4     12  32766 0 8
54406 4027 11558   4879 2015 11  5      4  32766 0 8
54406 4027 11558   4879 2015 11  6      5  32766 0 8
54406 4027 11558   4879 2015 11  7      2  32766 0 8
54406 4027 11558   4879 2015 11  8      5  32766 0 8
54406 4027 11558   4879 2015 11  9     13  32766 0 8
54406 4027 11558   4879 2015 11 10      2  32766 0 8
54406 4027 11558   4879 2015 11 11      3  32766 0 8
54406 4027 11558   4879 2015 11 12      2  32766 0 8
54406 4027 11558   4879 2015 11 13      1  32766 0 8
54406 4027 11558   4879 2015 11 14      5  32766 0 8
54406 4027 11558   4879 2015 11 15      8  32766 0 8
54406 4027 11558   4879 2015 11 16      3  32766 0 8
54406 4027 11558   4879 2015 11 17     10  32766 0 8
54406 4027 11558   4879 2015 11 18      5  32766 0 8
54406 4027 11558   4879 2015 11 19      0  32766 0 8
54406 4027 11558   4879 2015 11 20      2  32766 0 8
54406 4027 11558   4879 2015 11 21      4  32766 0 8
54406 4027 11558   4879 2015 11 22      2  32766 0 8
54406 4027 11558   4879 2015 11 23      8  32766 0 8
54406 4027 11558   4879 2015 11 24      3  32766 0 8
54406 4027 11558   4879 2015 11 25      4  32766 0 8
54406 4027 11558   4879 2015 11 26      8  32766 0 8
54406 4027 11558   4879 2015 11 27      6  32766 0 8
54406 4027 11558   4879 2015 11 28      3  32766 0 8
54406 4027 11558   4879 2015 11 29      3  32766 0 8
54406 4027 11558   4879 2015 11 30      6  32766 0 8
54406 4027 11558   4879 2015 12  1      5  32766 0 8
54406 4027 11558   4879 2015 12  2     17  32766 0 8
54406 4027 11558   4879 2015 12  3     19  32766 0 8
54406 4027 11558   4879 2015 12  4     18  32766 0 8
54406 4027 11558   4879 2015 12  5     11  32766 0 8
54406 4027 11558   4879 2015 12  6      6  32766 0 8
54406 4027 11558   4879 2015 12  7      6  32766 0 8
54406 4027 11558   4879 2015 12  8      5  32766 0 8
54406 4027 11558   4879 2015 12  9      2  32766 0 8
54406 4027 11558   4879 2015 12 10      7  32766 0 8
54406 4027 11558   4879 2015 12 11      7  32766 0 8
54406 4027 11558   4879 2015 12 12      5  32766 0 8
54406 4027 11558   4879 2015 12 13      3  32766 0 8
54406 4027 11558   4879 2015 12 14     18  32766 0 8
54406 4027 11558   4879 2015 12 15     27  32766 0 8
54406 4027 11558   4879 2015 12 16     13  32766 0 8
54406 4027 11558   4879 2015 12 17     11  32766 0 8
54406 4027 11558   4879 2015 12 18      9  32766 0 8
54406 4027 11558   4879 2015 12 19      4  32766 0 8
54406 4027 11558   4879 2015 12 20      3  32766 0 8
54406 4027 11558   4879 2015 12 21      3  32766 0 8
54406 4027 11558   4879 2015 12 22      2  32766 0 8
54406 4027 11558   4879 2015 12 23      4  32766 0 8
54406 4027 11558   4879 2015 12 24     16  32766 0 8
54406 4027 11558   4879 2015 12 25     14  32766 0 8
54406 4027 11558   4879 2015 12 26     16  32766 0 8
54406 4027 11558   4879 2015 12 27     12  32766 0 8
54406 4027 11558   4879 2015 12 28      6  32766 0 8
54406 4027 11558   4879 2015 12 29      3  32766 0 8
54406 4027 11558   4879 2015 12 30     16  32766 0 8
54406 4027 11558   4879 2015 12 31      7  32766 0 8
54406 4027 11558   4879 2016  1  1      5  32766 0 8
54406 4027 11558   4879 2016  1  2      4  32766 0 8
54406 4027 11558   4879 2016  1  3      7  32766 0 8
54406 4027 11558   4879 2016  1  4     15  32766 0 8
54406 4027 11558   4879 2016  1  5     12  32766 0 8
54406 4027 11558   4879 2016  1  6     10  32766 0 8
54406 4027 11558   4879 2016  1  7     11  32766 0 8
54406 4027 11558   4879 2016  1  8     12  32766 0 8
54406 4027 11558   4879 2016  1  9      7  32766 0 8
54406 4027 11558   4879 2016  1 10      8  32766 0 8
54406 4027 11558   4879 2016  1 11     11  32766 0 8
54406 4027 11558   4879 2016  1 12      9  32766 0 8
54406 4027 11558   4879 2016  1 13     14  32766 0 8
54406 4027 11558   4879 2016  1 14     19  32766 0 8
54406 4027 11558   4879 2016  1 15      8  32766 0 8
54406 4027 11558   4879 2016  1 16      8  32766 0 8
54406 4027 11558   4879 2016  1 17      6  32766 0 8
54406 4027 11558   4879 2016  1 18      8  32766 0 8
54406 4027 11558   4879 2016  1 19      9  32766 0 8
54406 4027 11558   4879 2016  1 20      6  32766 0 8
54406 4027 11558   4879 2016  1 21      3  32766 0 8
54406 4027 11558   4879 2016  1 22      8  32766 0 8
54406 4027 11558   4879 2016  1 23      9  32766 0 8
54406 4027 11558   4879 2016  1 24     11  32766 0 8
54406 4027 11558   4879 2016  1 25     19  32766 0 8
54406 4027 11558   4879 2016  1 26     17  32766 0 8
54406 4027 11558   4879 2016  1 27     11  32766 0 8
54406 4027 11558   4879 2016  1 28      7  32766 0 8
54406 4027 11558   4879 2016  1 29      8  32766 0 8
54406 4027 11558   4879 2016  1 30      9  32766 0 8
54406 4027 11558   4879 2016  1 31     11  32766 0 8
54406 4027 11558   4879 2016  2  1     14  32766 0 8
54406 4027 11558   4879 2016  2  2     11  32766 0 8
54406 4027 11558   4879 2016  2  3     12  32766 0 8
54406 4027 11558   4879 2016  2  4     14  32766 0 8
54406 4027 11558   4879 2016  2  5     16  32766 0 8
54406 4027 11558   4879 2016  2  6     18  32766 0 8
54406 4027 11558   4879 2016  2  7     13  32766 0 8
54406 4027 11558   4879 2016  2  8     38  32766 0 8
54406 4027 11558   4879 2016  2  9     17  32766 0 8
54406 4027 11558   4879 2016  2 10     18  32766 0 8
54406 4027 11558   4879 2016  2 11     12  32766 0 8
54406 4027 11558   4879 2016  2 12      9  32766 0 8
54406 4027 11558   4879 2016  2 13     23  32766 0 8
54406 4027 11558   4879 2016  2 14     17  32766 0 8
54406 4027 11558   4879 2016  2 15     22  32766 0 8
54406 4027 11558   4879 2016  2 16     25  32766 0 8
54406 4027 11558   4879 2016  2 17     20  32766 0 8
54406 4027 11558   4879 2016  2 18     32  32766 0 8
54406 4027 11558   4879 2016  2 19     18  32766 0 8
54406 4027 11558   4879 2016  2 20     20  32766 0 8
54406 4027 11558   4879 2016  2 21     13  32766 0 8
54406 4027 11558   4879 2016  2 22     16  32766 0 8
54406 4027 11558   4879 2016  2 23     17  32766 0 8
54406 4027 11558   4879 2016  2 24     17  32766 0 8
54406 4027 11558   4879 2016  2 25     20  32766 0 8
54406 4027 11558   4879 2016  2 26     21  32766 0 8
54406 4027 11558   4879 2016  2 27     15  32766 0 8
54406 4027 11558   4879 2016  2 28     19  32766 0 8
54406 4027 11558   4879 2016  2 29     16  32766 0 8
54406 4027 11558   4879 2016  3  1     20  32766 0 8
54406 4027 11558   4879 2016  3  2     38  32766 0 8
54406 4027 11558   4879 2016  3  3     29  32766 0 8
54406 4027 11558   4879 2016  3  4     13  32766 0 8
54406 4027 11558   4879 2016  3  5     45  32766 0 8
54406 4027 11558   4879 2016  3  6     21  32766 0 8
54406 4027 11558   4879 2016  3  7     27  32766 0 8
54406 4027 11558   4879 2016  3  8     25  32766 0 8
54406 4027 11558   4879 2016  3  9     21  32766 0 8
54406 4027 11558   4879 2016  3 10     26  32766 0 8
54406 4027 11558   4879 2016  3 11     28  32766 0 8
54406 4027 11558   4879 2016  3 12     22  32766 0 8
54406 4027 11558   4879 2016  3 13     31  32766 0 8
54406 4027 11558   4879 2016  3 14     37  32766 0 8
54406 4027 11558   4879 2016  3 15     32  32766 0 8
54406 4027 11558   4879 2016  3 16     28  32766 0 8
54406 4027 11558   4879 2016  3 17     25  32766 0 8
54406 4027 11558   4879 2016  3 18     38  32766 0 8
54406 4027 11558   4879 2016  3 19     45  32766 0 8
54406 4027 11558   4879 2016  3 20     43  32766 0 8
54406 4027 11558   4879 2016  3 21     39  32766 0 8
54406 4027 11558   4879 2016  3 22     29  32766 0 8
54406 4027 11558   4879 2016  3 23     53  32766 0 8
54406 4027 11558   4879 2016  3 24     44  32766 0 8
54406 4027 11558   4879 2016  3 25     41  32766 0 8
54406 4027 11558   4879 2016  3 26     56  32766 0 8
54406 4027 11558   4879 2016  3 27     59  32766 0 8
54406 4027 11558   4879 2016  3 28     49  32766 0 8
54406 4027 11558   4879 2016  3 29     63  32766 0 8
54406 4027 11558   4879 2016  3 30     62  32766 0 8
54406 4027 11558   4879 2016  3 31     46  32766 0 8
54406 4027 11558   4879 2016  4  1  32766     31 8 0
54406 4027 11558   4879 2016  4  2  32766     32 8 0
54406 4027 11558   4879 2016  4  3  32766     33 8 0
54406 4027 11558   4879 2016  4  4  32766     35 8 0
54406 4027 11558   4879 2016  4  5  32766     28 8 0
54406 4027 11558   4879 2016  4  6  32766     27 8 0
54406 4027 11558   4879 2016  4  7  32766     37 8 0
54406 4027 11558   4879 2016  4  8  32766     55 8 0
54406 4027 11558   4879 2016  4  9  32766     40 8 0
54406 4027 11558   4879 2016  4 10  32766     42 8 0
54406 4027 11558   4879 2016  4 11  32766     40 8 0
54406 4027 11558   4879 2016  4 12  32766     26 8 0
54406 4027 11558   4879 2016  4 13  32766     35 8 0
54406 4027 11558   4879 2016  4 14  32766     40 8 0
54406 4027 11558   4879 2016  4 15  32766     26 8 0
54406 4027 11558   4879 2016  4 16  32766     27 8 0
54406 4027 11558   4879 2016  4 17  32766     40 8 0
54406 4027 11558   4879 2016  4 18  32766     33 8 0
54406 4027 11558   4879 2016  4 19  32766     22 8 0
54406 4027 11558   4879 2016  4 20  32766     27 8 0
54406 4027 11558   4879 2016  4 21  32766     42 8 0
54406 4027 11558   4879 2016  4 22  32766     60 8 0
54406 4027 11558   4879 2016  4 23  32766     48 8 0
54406 4027 11558   4879 2016  4 24  32766     37 8 0
54406 4027 11558   4879 2016  4 25  32766     30 8 0
54406 4027 11558   4879 2016  4 26  32766     38 8 0
54406 4027 11558   4879 2016  4 27  32766     25 8 0
54406 4027 11558   4879 2016  4 28  32766     35 8 0
54406 4027 11558   4879 2016  4 29  32766     30 8 0
54406 4027 11558   4879 2016  4 30  32766     36 8 0
54406 4027 11558   4879 2016  5  1  32766     19 8 0
54406 4027 11558   4879 2016  5  2  32766     16 8 0
54406 4027 11558   4879 2016  5  3  32766     47 8 0
54406 4027 11558   4879 2016  5  4  32766     30 8 0
54406 4027 11558   4879 2016  5  5  32766     34 8 0
54406 4027 11558   4879 2016  5  6  32766     50 8 0
54406 4027 11558   4879 2016  5  7  32766     48 8 0
54406 4027 11558   4879 2016  5  8  32766     37 8 0
54406 4027 11558   4879 2016  5  9  32766     12 8 0
54406 4027 11558   4879 2016  5 10  32766     27 8 0
54406 4027 11558   4879 2016  5 11  32766     20 8 0
54406 4027 11558   4879 2016  5 12  32766     31 8 0
54406 4027 11558   4879 2016  5 13  32766     49 8 0
54406 4027 11558   4879 2016  5 14  32766     13 8 0
54406 4027 11558   4879 2016  5 15  32766     23 8 0
54406 4027 11558   4879 2016  5 16  32766     49 8 0
54406 4027 11558   4879 2016  5 17  32766     43 8 0
54406 4027 11558   4879 2016  5 18  32766     40 8 0
54406 4027 11558   4879 2016  5 19  32766     39 8 0
54406 4027 11558   4879 2016  5 20  32766     44 8 0
54406 4027 11558   4879 2016  5 21  32766     45 8 0
54406 4027 11558   4879 2016  5 22  32766     49 8 0
54406 4027 11558   4879 2016  5 23  32766     24 8 0
54406 4027 11558   4879 2016  5 24  32766     47 8 0
54406 4027 11558   4879 2016  5 25  32766     37 8 0
54406 4027 11558   4879 2016  5 26  32766     50 8 0
54406 4027 11558   4879 2016  5 27  32766     45 8 0
54406 4027 11558   4879 2016  5 28  32766     43 8 0
54406 4027 11558   4879 2016  5 29  32766     60 8 0
54406 4027 11558   4879 2016  5 30  32766     42 8 0
54406 4027 11558   4879 2016  5 31  32766     47 8 0
54406 4027 11558   4879 2016  6  1  32766     44 8 0
54406 4027 11558   4879 2016  6  2  32766     39 8 0
54406 4027 11558   4879 2016  6  3  32766     40 8 0
54406 4027 11558   4879 2016  6  4  32766     43 8 0
54406 4027 11558   4879 2016  6  5  32766     44 8 0
54406 4027 11558   4879 2016  6  6  32766     37 8 0
54406 4027 11558   4879 2016  6  7  32766     38 8 0
54406 4027 11558   4879 2016  6  8  32766     36 8 0
54406 4027 11558   4879 2016  6  9  32766     37 8 0
54406 4027 11558   4879 2016  6 10  32766     35 8 0
54406 4027 11558   4879 2016  6 11  32766     52 8 0
54406 4027 11558   4879 2016  6 12  32766     45 8 0
54406 4027 11558   4879 2016  6 13  32766     23 8 0
54406 4027 11558   4879 2016  6 14  32766      9 8 0
54406 4027 11558   4879 2016  6 15  32766     30 8 0
54406 4027 11558   4879 2016  6 16  32766     43 8 0
54406 4027 11558   4879 2016  6 17  32766     24 8 0
54406 4027 11558   4879 2016  6 18  32766     38 8 0
54406 4027 11558   4879 2016  6 19  32766     46 8 0
54406 4027 11558   4879 2016  6 20  32766     38 8 0
54406 4027 11558   4879 2016  6 21  32766     32 8 0
54406 4027 11558   4879 2016  6 22  32766     36 8 0
54406 4027 11558   4879 2016  6 23  32766     38 8 0
54406 4027 11558   4879 2016  6 24  32766     63 8 0
54406 4027 11558   4879 2016  6 25  32766     69 8 0
54406 4027 11558   4879 2016  6 26  32766     50 8 0
54406 4027 11558   4879 2016  6 27  32766     35 8 0
54406 4027 11558   4879 2016  6 28  32766     16 8 0
54406 4027 11558   4879 2016  6 29  32766     15 8 0
54406 4027 11558   4879 2016  6 30  32766     28 8 0
54406 4027 11558   4879 2016  7  1  32766     48 8 0
54406 4027 11558   4879 2016  7  2  32766     32 8 0
54406 4027 11558   4879 2016  7  3  32766     33 8 0
54406 4027 11558   4879 2016  7  4  32766     19 8 0
54406 4027 11558   4879 2016  7  5  32766     37 8 0
54406 4027 11558   4879 2016  7  6  32766     43 8 0
54406 4027 11558   4879 2016  7  7  32766     45 8 0
54406 4027 11558   4879 2016  7  8  32766     37 8 0
54406 4027 11558   4879 2016  7  9  32766     36 8 0
54406 4027 11558   4879 2016  7 10  32766     45 8 0
54406 4027 11558   4879 2016  7 11  32766     45 8 0
54406 4027 11558   4879 2016  7 12  32766     19 8 0
54406 4027 11558   4879 2016  7 13  32766     36 8 0
54406 4027 11558   4879 2016  7 14  32766     36 8 0
54406 4027 11558   4879 2016  7 15  32766     11 8 0
54406 4027 11558   4879 2016  7 16  32766     15 8 0
54406 4027 11558   4879 2016  7 17  32766     24 8 0
54406 4027 11558   4879 2016  7 18  32766     21 8 0
54406 4027 11558   4879 2016  7 19  32766      9 8 0
54406 4027 11558   4879 2016  7 20  32766      0 8 0
54406 4027 11558   4879 2016  7 21  32766      2 8 0
54406 4027 11558   4879 2016  7 22  32766     17 8 0
54406 4027 11558   4879 2016  7 23  32766     31 8 0
54406 4027 11558   4879 2016  7 24  32766     32 8 0
54406 4027 11558   4879 2016  7 25  32766     23 8 0
54406 4027 11558   4879 2016  7 26  32766     39 8 0
54406 4027 11558   4879 2016  7 27  32766     45 8 0
54406 4027 11558   4879 2016  7 28  32766     37 8 0
54406 4027 11558   4879 2016  7 29  32766     37 8 0
54406 4027 11558   4879 2016  7 30  32766     31 8 0
54406 4027 11558   4879 2016  7 31  32766     27 8 0
54406 4027 11558   4879 2016  8  1  32766     31 8 0
54406 4027 11558   4879 2016  8  2  32766     25 8 0
54406 4027 11558   4879 2016  8  3  32766     35 8 0
54406 4027 11558   4879 2016  8  4  32766     39 8 0
54406 4027 11558   4879 2016  8  5  32766     39 8 0
54406 4027 11558   4879 2016  8  6  32766     35 8 0
54406 4027 11558   4879 2016  8  7  32766     31 8 0
54406 4027 11558   4879 2016  8  8  32766     48 8 0
54406 4027 11558   4879 2016  8  9  32766     51 8 0
54406 4027 11558   4879 2016  8 10  32766     35 8 0
54406 4027 11558   4879 2016  8 11  32766     28 8 0
54406 4027 11558   4879 2016  8 12  32766     18 8 0
54406 4027 11558   4879 2016  8 13  32766     25 8 0
54406 4027 11558   4879 2016  8 14  32766     32 8 0
54406 4027 11558   4879 2016  8 15  32766     26 8 0
54406 4027 11558   4879 2016  8 16  32766     36 8 0
54406 4027 11558   4879 2016  8 17  32766     22 8 0
54406 4027 11558   4879 2016  8 18  32766      3 8 0
54406 4027 11558   4879 2016  8 19  32766     20 8 0
54406 4027 11558   4879 2016  8 20  32766     38 8 0
54406 4027 11558   4879 2016  8 21  32766     34 8 0
54406 4027 11558   4879 2016  8 22  32766     35 8 0
54406 4027 11558   4879 2016  8 23  32766     25 8 0
54406 4027 11558   4879 2016  8 24  32766     20 8 0
54406 4027 11558   4879 2016  8 25  32766     53 8 0
54406 4027 11558   4879 2016  8 26  32766     42 8 0
54406 4027 11558   4879 2016  8 27  32766     41 8 0
54406 4027 11558   4879 2016  8 28  32766     44 8 0
54406 4027 11558   4879 2016  8 29  32766     36 8 0
54406 4027 11558   4879 2016  8 30  32766     30 8 0
54406 4027 11558   4879 2016  8 31  32766     49 8 0
54406 4027 11558   4879 2016  9  1  32766     48 8 0
54406 4027 11558   4879 2016  9  2  32766     16 8 0
54406 4027 11558   4879 2016  9  3  32766     26 8 0
54406 4027 11558   4879 2016  9  4  32766     20 8 0
54406 4027 11558   4879 2016  9  5  32766     25 8 0
54406 4027 11558   4879 2016  9  6  32766     27 8 0
54406 4027 11558   4879 2016  9  7  32766     28 8 0
54406 4027 11558   4879 2016  9  8  32766     31 8 0
54406 4027 11558   4879 2016  9  9  32766     28 8 0
54406 4027 11558   4879 2016  9 10  32766     29 8 0
54406 4027 11558   4879 2016  9 11  32766     17 8 0
54406 4027 11558   4879 2016  9 12  32766     20 8 0
54406 4027 11558   4879 2016  9 13  32766     23 8 0
54406 4027 11558   4879 2016  9 14  32766     19 8 0
54406 4027 11558   4879 2016  9 15  32766     29 8 0
54406 4027 11558   4879 2016  9 16  32766     24 8 0
54406 4027 11558   4879 2016  9 17  32766     23 8 0
54406 4027 11558   4879 2016  9 18  32766     15 8 0
54406 4027 11558   4879 2016  9 19  32766     25 8 0
54406 4027 11558   4879 2016  9 20  32766     32 8 0
54406 4027 11558   4879 2016  9 21  32766     18 8 0
54406 4027 11558   4879 2016  9 22  32766     10 8 0
54406 4027 11558   4879 2016  9 23  32766     17 8 0
54406 4027 11558   4879 2016  9 24  32766     11 8 0
54406 4027 11558   4879 2016  9 25  32766     14 8 0
54406 4027 11558   4879 2016  9 26  32766     14 8 0
54406 4027 11558   4879 2016  9 27  32766     31 8 0
54406 4027 11558   4879 2016  9 28  32766     32 8 0
54406 4027 11558   4879 2016  9 29  32766     25 8 0
54406 4027 11558   4879 2016  9 30  32766     19 8 0
54406 4027 11558   4879 2016 10  1  32766     17 8 0
54406 4027 11558   4879 2016 10  2  32766     12 8 0
54406 4027 11558   4879 2016 10  3  32766     12 8 0
54406 4027 11558   4879 2016 10  4  32766     12 8 0
54406 4027 11558   4879 2016 10  5  32766     21 8 0
54406 4027 11558   4879 2016 10  6  32766     12 8 0
54406 4027 11558   4879 2016 10  7  32766      3 8 0
54406 4027 11558   4879 2016 10  8  32766     30 8 0
54406 4027 11558   4879 2016 10  9  32766     17 8 0
54406 4027 11558   4879 2016 10 10  32766     14 8 0
54406 4027 11558   4879 2016 10 11  32766     19 8 0
54406 4027 11558   4879 2016 10 12  32766     12 8 0
54406 4027 11558   4879 2016 10 13  32766      9 8 0
54406 4027 11558   4879 2016 10 14  32766      8 8 0
54406 4027 11558   4879 2016 10 15  32766      9 8 0
54406 4027 11558   4879 2016 10 16  32766      7 8 0
54406 4027 11558   4879 2016 10 17  32766     17 8 0
54406 4027 11558   4879 2016 10 18  32766     12 8 0
54406 4027 11558   4879 2016 10 19  32766      8 8 0
54406 4027 11558   4879 2016 10 20  32766      6 8 0
54406 4027 11558   4879 2016 10 21  32766      8 8 0
54406 4027 11558   4879 2016 10 22  32766     10 8 0
54406 4027 11558   4879 2016 10 23  32766     14 8 0
54406 4027 11558   4879 2016 10 24  32766     12 8 0
54406 4027 11558   4879 2016 10 25  32766     10 8 0
54406 4027 11558   4879 2016 10 26  32766     20 8 0
54406 4027 11558   4879 2016 10 27  32766      7 8 0
54406 4027 11558   4879 2016 10 28  32766     15 8 0
54406 4027 11558   4879 2016 10 29  32766     20 8 0
54406 4027 11558   4879 2016 10 30  32766     13 8 0
54406 4027 11558   4879 2016 10 31  32766     12 8 0
54406 4027 11558   4879 2016 11  1     12  32766 0 8
54406 4027 11558   4879 2016 11  2     17  32766 0 8
54406 4027 11558   4879 2016 11  3     25  32766 0 8
54406 4027 11558   4879 2016 11  4     21  32766 0 8
54406 4027 11558   4879 2016 11  5     22  32766 0 8
54406 4027 11558   4879 2016 11  6     17  32766 0 8
54406 4027 11558   4879 2016 11  7     15  32766 0 8
54406 4027 11558   4879 2016 11  8     19  32766 0 8
54406 4027 11558   4879 2016 11  9      8  32766 0 8
54406 4027 11558   4879 2016 11 10     12  32766 0 8
54406 4027 11558   4879 2016 11 11     17  32766 0 8
54406 4027 11558   4879 2016 11 12     13  32766 0 8
54406 4027 11558   4879 2016 11 13      6  32766 0 8
54406 4027 11558   4879 2016 11 14     28  32766 0 8
54406 4027 11558   4879 2016 11 15     17  32766 0 8
54406 4027 11558   4879 2016 11 16      9  32766 0 8
54406 4027 11558   4879 2016 11 17      8  32766 0 8
54406 4027 11558   4879 2016 11 18      6  32766 0 8
54406 4027 11558   4879 2016 11 19     24  32766 0 8
54406 4027 11558   4879 2016 11 20      4  32766 0 8
54406 4027 11558   4879 2016 11 21      0  32766 0 8
54406 4027 11558   4879 2016 11 22     11  32766 0 8
54406 4027 11558   4879 2016 11 23     12  32766 0 8
54406 4027 11558   4879 2016 11 24      8  32766 0 8
54406 4027 11558   4879 2016 11 25      7  32766 0 8
54406 4027 11558   4879 2016 11 26     10  32766 0 8
54406 4027 11558   4879 2016 11 27     19  32766 0 8
54406 4027 11558   4879 2016 11 28     10  32766 0 8
54406 4027 11558   4879 2016 11 29      8  32766 0 8
54406 4027 11558   4879 2016 11 30      9  32766 0 8
54406 4027 11558   4879 2016 12  1     21  32766 0 8
54406 4027 11558   4879 2016 12  2      9  32766 0 8
54406 4027 11558   4879 2016 12  3      8  32766 0 8
54406 4027 11558   4879 2016 12  4      6  32766 0 8
54406 4027 11558   4879 2016 12  5     17  32766 0 8
54406 4027 11558   4879 2016 12  6     14  32766 0 8
54406 4027 11558   4879 2016 12  7     20  32766 0 8
54406 4027 11558   4879 2016 12  8     21  32766 0 8
54406 4027 11558   4879 2016 12  9     13  32766 0 8
54406 4027 11558   4879 2016 12 10      5  32766 0 8
54406 4027 11558   4879 2016 12 11      7  32766 0 8
54406 4027 11558   4879 2016 12 12      5  32766 0 8
54406 4027 11558   4879 2016 12 13     13  32766 0 8
54406 4027 11558   4879 2016 12 14     11  32766 0 8
54406 4027 11558   4879 2016 12 15     15  32766 0 8
54406 4027 11558   4879 2016 12 16     10  32766 0 8
54406 4027 11558   4879 2016 12 17      8  32766 0 8
54406 4027 11558   4879 2016 12 18      6  32766 0 8
54406 4027 11558   4879 2016 12 19      4  32766 0 8
54406 4027 11558   4879 2016 12 20      4  32766 0 8
54406 4027 11558   4879 2016 12 21      6  32766 0 8
54406 4027 11558   4879 2016 12 22     14  32766 0 8
54406 4027 11558   4879 2016 12 23      7  32766 0 8
54406 4027 11558   4879 2016 12 24      7  32766 0 8
54406 4027 11558   4879 2016 12 25      3  32766 0 8
54406 4027 11558   4879 2016 12 26     14  32766 0 8
54406 4027 11558   4879 2016 12 27     13  32766 0 8
54406 4027 11558   4879 2016 12 28      5  32766 0 8
54406 4027 11558   4879 2016 12 29      9  32766 0 8
54406 4027 11558   4879 2016 12 30      6  32766 0 8
54406 4027 11558   4879 2016 12 31      4  32766 0 8
54406 4027 11558   4879 2017  1  1      4  32766 0 8
54406 4027 11558   4879 2017  1  2     10  32766 0 8
54406 4027 11558   4879 2017  1  3      7  32766 0 8
54406 4027 11558   4879 2017  1  4     10  32766 0 8
54406 4027 11558   4879 2017  1  5      8  32766 0 8
54406 4027 11558   4879 2017  1  6      3  32766 0 8
54406 4027 11558   4879 2017  1  7      1  32766 0 8
54406 4027 11558   4879 2017  1  8     10  32766 0 8
54406 4027 11558   4879 2017  1  9     13  32766 0 8
54406 4027 11558   4879 2017  1 10     16  32766 0 8
54406 4027 11558   4879 2017  1 11     13  32766 0 8
54406 4027 11558   4879 2017  1 12     19  32766 0 8
54406 4027 11558   4879 2017  1 13     17  32766 0 8
54406 4027 11558   4879 2017  1 14     11  32766 0 8
54406 4027 11558   4879 2017  1 15      3  32766 0 8
54406 4027 11558   4879 2017  1 16      2  32766 0 8
54406 4027 11558   4879 2017  1 17      7  32766 0 8
54406 4027 11558   4879 2017  1 18      8  32766 0 8
54406 4027 11558   4879 2017  1 19     10  32766 0 8
54406 4027 11558   4879 2017  1 20     13  32766 0 8
54406 4027 11558   4879 2017  1 21     11  32766 0 8
54406 4027 11558   4879 2017  1 22      9  32766 0 8
54406 4027 11558   4879 2017  1 23      9  32766 0 8
54406 4027 11558   4879 2017  1 24      5  32766 0 8
54406 4027 11558   4879 2017  1 25      8  32766 0 8
54406 4027 11558   4879 2017  1 26     12  32766 0 8
54406 4027 11558   4879 2017  1 27     12  32766 0 8
54406 4027 11558   4879 2017  1 28     12  32766 0 8
54406 4027 11558   4879 2017  1 29     14  32766 0 8
54406 4027 11558   4879 2017  1 30     10  32766 0 8
54406 4027 11558   4879 2017  1 31     12  32766 0 8
54406 4027 11558   4879 2017  2  1     16  32766 0 8
54406 4027 11558   4879 2017  2  2      7  32766 0 8
54406 4027 11558   4879 2017  2  3     10  32766 0 8
54406 4027 11558   4879 2017  2  4     14  32766 0 8
54406 4027 11558   4879 2017  2  5     16  32766 0 8
54406 4027 11558   4879 2017  2  6     17  32766 0 8
54406 4027 11558   4879 2017  2  7     10  32766 0 8
54406 4027 11558   4879 2017  2  8     13  32766 0 8
54406 4027 11558   4879 2017  2  9     18  32766 0 8
54406 4027 11558   4879 2017  2 10     18  32766 0 8
54406 4027 11558   4879 2017  2 11     17  32766 0 8
54406 4027 11558   4879 2017  2 12     15  32766 0 8
54406 4027 11558   4879 2017  2 13     17  32766 0 8
54406 4027 11558   4879 2017  2 14     13  32766 0 8
54406 4027 11558   4879 2017  2 15      9  32766 0 8
54406 4027 11558   4879 2017  2 16     16  32766 0 8
54406 4027 11558   4879 2017  2 17     19  32766 0 8
54406 4027 11558   4879 2017  2 18     18  32766 0 8
54406 4027 11558   4879 2017  2 19     28  32766 0 8
54406 4027 11558   4879 2017  2 20     20  32766 0 8
54406 4027 11558   4879 2017  2 21      9  32766 0 8
54406 4027 11558   4879 2017  2 22      4  32766 0 8
54406 4027 11558   4879 2017  2 23     18  32766 0 8
54406 4027 11558   4879 2017  2 24     25  32766 0 8
54406 4027 11558   4879 2017  2 25     29  32766 0 8
54406 4027 11558   4879 2017  2 26     22  32766 0 8
54406 4027 11558   4879 2017  2 27     26  32766 0 8
54406 4027 11558   4879 2017  2 28     31  32766 0 8
54406 4027 11558   4879 2017  3  1     31  32766 0 8
54406 4027 11558   4879 2017  3  2     36  32766 0 8
54406 4027 11558   4879 2017  3  3     35  32766 0 8
54406 4027 11558   4879 2017  3  4     28  32766 0 8
54406 4027 11558   4879 2017  3  5     30  32766 0 8
54406 4027 11558   4879 2017  3  6     28  32766 0 8
54406 4027 11558   4879 2017  3  7     26  32766 0 8
54406 4027 11558   4879 2017  3  8     36  32766 0 8
54406 4027 11558   4879 2017  3  9     52  32766 0 8
54406 4027 11558   4879 2017  3 10     39  32766 0 8
54406 4027 11558   4879 2017  3 11     37  32766 0 8
54406 4027 11558   4879 2017  3 12     47  32766 0 8
54406 4027 11558   4879 2017  3 13     40  32766 0 8
54406 4027 11558   4879 2017  3 14     42  32766 0 8
54406 4027 11558   4879 2017  3 15     33  32766 0 8
54406 4027 11558   4879 2017  3 16     27  32766 0 8
54406 4027 11558   4879 2017  3 17     28  32766 0 8
54406 4027 11558   4879 2017  3 18     38  32766 0 8
54406 4027 11558   4879 2017  3 19     28  32766 0 8
54406 4027 11558   4879 2017  3 20     19  32766 0 8
54406 4027 11558   4879 2017  3 21     29  32766 0 8
54406 4027 11558   4879 2017  3 22     21  32766 0 8
54406 4027 11558   4879 2017  3 23     22  32766 0 8
54406 4027 11558   4879 2017  3 24      4  32766 0 8
54406 4027 11558   4879 2017  3 25     28  32766 0 8
54406 4027 11558   4879 2017  3 26     32  32766 0 8
54406 4027 11558   4879 2017  3 27     37  32766 0 8
54406 4027 11558   4879 2017  3 28     39  32766 0 8
54406 4027 11558   4879 2017  3 29     49  32766 0 8
54406 4027 11558   4879 2017  3 30     28  32766 0 8
54406 4027 11558   4879 2017  3 31     45  32766 0 8
54406 4027 11558   4879 2017  4  1  32766     35 8 0
54406 4027 11558   4879 2017  4  2  32766     30 8 0
54406 4027 11558   4879 2017  4  3  32766     28 8 0
54406 4027 11558   4879 2017  4  4  32766     12 8 0
54406 4027 11558   4879 2017  4  5  32766     20 8 0
54406 4027 11558   4879 2017  4  6  32766     27 8 0
54406 4027 11558   4879 2017  4  7  32766     22 8 0
54406 4027 11558   4879 2017  4  8  32766     24 8 0
54406 4027 11558   4879 2017  4  9  32766     28 8 0
54406 4027 11558   4879 2017  4 10  32766     24 8 0
54406 4027 11558   4879 2017  4 11  32766     38 8 0
54406 4027 11558   4879 2017  4 12  32766     38 8 0
54406 4027 11558   4879 2017  4 13  32766     30 8 0
54406 4027 11558   4879 2017  4 14  32766     34 8 0
54406 4027 11558   4879 2017  4 15  32766     37 8 0
54406 4027 11558   4879 2017  4 16  32766     30 8 0
54406 4027 11558   4879 2017  4 17  32766     41 8 0
54406 4027 11558   4879 2017  4 18  32766     52 8 0
54406 4027 11558   4879 2017  4 19  32766     34 8 0
54406 4027 11558   4879 2017  4 20  32766     32 8 0
54406 4027 11558   4879 2017  4 21  32766     29 8 0
54406 4027 11558   4879 2017  4 22  32766     46 8 0
54406 4027 11558   4879 2017  4 23  32766     45 8 0
54406 4027 11558   4879 2017  4 24  32766     50 8 0
54406 4027 11558   4879 2017  4 25  32766     38 8 0
54406 4027 11558   4879 2017  4 26  32766     41 8 0
54406 4027 11558   4879 2017  4 27  32766     42 8 0
54406 4027 11558   4879 2017  4 28  32766     45 8 0
54406 4027 11558   4879 2017  4 29  32766     54 8 0
54406 4027 11558   4879 2017  4 30  32766     52 8 0
54406 4027 11558   4879 2017  5  1  32766     45 8 0
54406 4027 11558   4879 2017  5  2  32766     40 8 0
54406 4027 11558   4879 2017  5  3  32766     14 8 0
54406 4027 11558   4879 2017  5  4  32766     37 8 0
54406 4027 11558   4879 2017  5  5  32766     53 8 0
54406 4027 11558   4879 2017  5  6  32766     58 8 0
54406 4027 11558   4879 2017  5  7  32766     46 8 0
54406 4027 11558   4879 2017  5  8  32766     26 8 0
54406 4027 11558   4879 2017  5  9  32766     34 8 0
54406 4027 11558   4879 2017  5 10  32766     37 8 0
54406 4027 11558   4879 2017  5 11  32766     62 8 0
54406 4027 11558   4879 2017  5 12  32766     48 8 0
54406 4027 11558   4879 2017  5 13  32766     48 8 0
54406 4027 11558   4879 2017  5 14  32766     44 8 0
54406 4027 11558   4879 2017  5 15  32766     47 8 0
54406 4027 11558   4879 2017  5 16  32766     47 8 0
54406 4027 11558   4879 2017  5 17  32766     45 8 0
54406 4027 11558   4879 2017  5 18  32766     36 8 0
54406 4027 11558   4879 2017  5 19  32766     38 8 0
54406 4027 11558   4879 2017  5 20  32766     67 8 0
54406 4027 11558   4879 2017  5 21  32766     56 8 0
54406 4027 11558   4879 2017  5 22  32766     29 8 0
54406 4027 11558   4879 2017  5 23  32766     44 8 0
54406 4027 11558   4879 2017  5 24  32766     55 8 0
54406 4027 11558   4879 2017  5 25  32766     47 8 0
54406 4027 11558   4879 2017  5 26  32766     45 8 0
54406 4027 11558   4879 2017  5 27  32766     49 8 0
54406 4027 11558   4879 2017  5 28  32766     41 8 0
54406 4027 11558   4879 2017  5 29  32766     43 8 0
54406 4027 11558   4879 2017  5 30  32766     23 8 0
54406 4027 11558   4879 2017  5 31  32766     46 8 0
54406 4027 11558   4879 2017  6  1  32766     60 8 0
54406 4027 11558   4879 2017  6  2  32766     40 8 0
54406 4027 11558   4879 2017  6  3  32766     37 8 0
54406 4027 11558   4879 2017  6  4  32766     45 8 0
54406 4027 11558   4879 2017  6  5  32766     42 8 0
54406 4027 11558   4879 2017  6  6  32766     11 8 0
54406 4027 11558   4879 2017  6  7  32766     22 8 0
54406 4027 11558   4879 2017  6  8  32766     41 8 0
54406 4027 11558   4879 2017  6  9  32766     39 8 0
54406 4027 11558   4879 2017  6 10  32766     65 8 0
54406 4027 11558   4879 2017  6 11  32766     49 8 0
54406 4027 11558   4879 2017  6 12  32766     41 8 0
54406 4027 11558   4879 2017  6 13  32766     21 8 0
54406 4027 11558   4879 2017  6 14  32766     27 8 0
54406 4027 11558   4879 2017  6 15  32766     49 8 0
54406 4027 11558   4879 2017  6 16  32766     59 8 0
54406 4027 11558   4879 2017  6 17  32766     35 8 0
54406 4027 11558   4879 2017  6 18  32766     38 8 0
54406 4027 11558   4879 2017  6 19  32766     39 8 0
54406 4027 11558   4879 2017  6 20  32766     51 8 0
54406 4027 11558   4879 2017  6 21  32766     34 8 0
54406 4027 11558   4879 2017  6 22  32766     16 8 0
54406 4027 11558   4879 2017  6 23  32766      2 8 0
54406 4027 11558   4879 2017  6 24  32766     12 8 0
54406 4027 11558   4879 2017  6 25  32766     24 8 0
54406 4027 11558   4879 2017  6 26  32766     28 8 0
54406 4027 11558   4879 2017  6 27  32766     35 8 0
54406 4027 11558   4879 2017  6 28  32766     24 8 0
54406 4027 11558   4879 2017  6 29  32766     36 8 0
54406 4027 11558   4879 2017  6 30  32766     33 8 0
