54416 4023 11652    718 2013 12  1    -31    188   -128 9 9 9
54416 4023 11652    718 2013 12  2    -15    183   -103 9 9 9
54416 4023 11652    718 2013 12  3     18    221    -90 9 9 9
54416 4023 11652    718 2013 12  4      0    196    -88 9 9 9
54416 4023 11652    718 2013 12  5     16    162    -82 9 9 9
54416 4023 11652    718 2013 12  6    -14    172   -102 9 9 9
54416 4023 11652    718 2013 12  7    -27    134    -92 9 9 9
54416 4023 11652    718 2013 12  8     27    138    -61 9 9 9
54416 4023 11652    718 2013 12  9    -36    143   -115 9 9 9
54416 4023 11652    718 2013 12 10    -24    129   -110 9 9 9
54416 4023 11652    718 2013 12 11    -33    128   -146 9 9 9
54416 4023 11652    718 2013 12 12    -47     86   -122 9 9 9
54416 4023 11652    718 2013 12 13    -91    102   -173 9 9 9
54416 4023 11652    718 2013 12 14    -79    118   -170 9 9 9
54416 4023 11652    718 2013 12 15    -46    138   -136 9 9 9
54416 4023 11652    718 2013 12 16    -41     88   -127 9 9 9
54416 4023 11652    718 2013 12 17    -42     66   -102 9 9 9
54416 4023 11652    718 2013 12 18    -79     83   -175 9 9 9
54416 4023 11652    718 2013 12 19    -70     60   -143 9 9 9
54416 4023 11652    718 2013 12 20    -72     97   -172 9 9 9
54416 4023 11652    718 2013 12 21    -54    117   -169 9 9 9
54416 4023 11652    718 2013 12 22    -66    119   -151 9 9 9
54416 4023 11652    718 2013 12 23    -58    136   -153 9 9 9
54416 4023 11652    718 2013 12 24    -77     74   -149 9 9 9
54416 4023 11652    718 2013 12 25    -46    118   -133 9 9 9
54416 4023 11652    718 2013 12 26    -53     88   -149 9 9 9
54416 4023 11652    718 2013 12 27    -97     97   -198 9 9 9
54416 4023 11652    718 2013 12 28    -90     96   -185 9 9 9
54416 4023 11652    718 2013 12 29    -55    131   -184 9 9 9
54416 4023 11652    718 2013 12 30    -59    155   -165 9 9 9
54416 4023 11652    718 2013 12 31    -47    163   -133 9 9 9
54416 4023 11652    718 2014  1  1    -32    179   -131 0 0 0
54416 4023 11652    718 2014  1  2    -35    139   -135 0 0 0
54416 4023 11652    718 2014  1  3    -18    150   -103 0 0 0
54416 4023 11652    718 2014  1  4    -44     91   -119 0 0 0
54416 4023 11652    718 2014  1  5    -50    133   -136 0 0 0
54416 4023 11652    718 2014  1  6    -11     37   -112 0 0 0
54416 4023 11652    718 2014  1  7    -20    121    -99 0 0 0
54416 4023 11652    718 2014  1  8    -43     71   -132 0 0 0
54416 4023 11652    718 2014  1  9   -119     82   -210 0 0 0
54416 4023 11652    718 2014  1 10    -92    106   -176 0 0 0
54416 4023 11652    718 2014  1 11    -78    132   -180 0 0 0
54416 4023 11652    718 2014  1 12    -57    112   -161 0 0 0
54416 4023 11652    718 2014  1 13    -90    119   -180 0 0 0
54416 4023 11652    718 2014  1 14    -86    117   -191 0 0 0
54416 4023 11652    718 2014  1 15    -55    184   -164 0 0 0
54416 4023 11652    718 2014  1 16    -38    120   -106 0 0 0
54416 4023 11652    718 2014  1 17    -12    142   -114 0 0 0
54416 4023 11652    718 2014  1 18    -47    204   -168 0 0 0
54416 4023 11652    718 2014  1 19    -16    121   -100 0 0 0
54416 4023 11652    718 2014  1 20    -41    157   -154 0 0 0
54416 4023 11652    718 2014  1 21    -66    182   -184 0 0 0
54416 4023 11652    718 2014  1 22    -51    185   -158 0 0 0
54416 4023 11652    718 2014  1 23    -72    128   -146 0 0 0
54416 4023 11652    718 2014  1 24      2    118   -111 0 0 0
54416 4023 11652    718 2014  1 25    -40    140   -101 0 0 0
54416 4023 11652    718 2014  1 26     -5    158   -123 0 0 0
54416 4023 11652    718 2014  1 27    -24    174   -125 0 0 0
54416 4023 11652    718 2014  1 28    -50    182   -161 0 0 0
54416 4023 11652    718 2014  1 29    -48    154   -133 0 0 0
54416 4023 11652    718 2014  1 30      0    230   -130 0 0 0
54416 4023 11652    718 2014  1 31    -12    200   -116 0 0 0
54416 4023 11652    718 2014  2  1     20     70    -17 0 0 0
54416 4023 11652    718 2014  2  2     47    211    -32 0 0 0
54416 4023 11652    718 2014  2  3    -27    169   -143 0 0 0
54416 4023 11652    718 2014  2  4    -77    190   -205 0 0 0
54416 4023 11652    718 2014  2  5    -51    160   -172 0 0 0
54416 4023 11652    718 2014  2  6    -34    168   -125 0 0 0
54416 4023 11652    718 2014  2  7    -25     41    -57 0 0 0
54416 4023 11652    718 2014  2  8    -20    108    -86 0 0 0
54416 4023 11652    718 2014  2  9    -60    159   -188 0 0 0
54416 4023 11652    718 2014  2 10    -64    185   -181 0 0 0
54416 4023 11652    718 2014  2 11    -60    184   -170 0 0 0
54416 4023 11652    718 2014  2 12    -30    231   -165 0 0 0
54416 4023 11652    718 2014  2 13    -40     74   -121 0 0 0
54416 4023 11652    718 2014  2 14    -37    153   -124 0 0 0
54416 4023 11652    718 2014  2 15    -32    153   -114 0 0 0
54416 4023 11652    718 2014  2 16     14    262   -128 0 0 0
54416 4023 11652    718 2014  2 17     16    210    -55 0 0 0
54416 4023 11652    718 2014  2 18    -17    131   -101 0 0 0
54416 4023 11652    718 2014  2 19     -6    265   -143 0 0 0
54416 4023 11652    718 2014  2 20    -23     72   -108 0 0 0
54416 4023 11652    718 2014  2 21     -4    108    -61 0 0 0
54416 4023 11652    718 2014  2 22     32    141    -69 0 0 0
54416 4023 11652    718 2014  2 23     20     62      0 0 0 0
54416 4023 11652    718 2014  2 24     29    157    -39 0 0 0
54416 4023 11652    718 2014  2 25     11    169    -71 0 0 0
54416 4023 11652    718 2014  2 26     38    171    -50 0 0 0
54416 4023 11652    718 2014  2 27     34    210    -67 0 0 0
54416 4023 11652    718 2014  2 28    -16    193   -115 0 0 0
54416 4023 11652    718 2014  3  1     30    280    -81 0 0 0
54416 4023 11652    718 2014  3  2     14    246   -103 0 0 0
54416 4023 11652    718 2014  3  3    -20     38   -108 0 0 0
54416 4023 11652    718 2014  3  4     58    256    -81 0 0 0
54416 4023 11652    718 2014  3  5     13    242   -143 0 0 0
54416 4023 11652    718 2014  3  6     24    258   -141 0 0 0
54416 4023 11652    718 2014  3  7     27    303   -131 0 0 0
54416 4023 11652    718 2014  3  8     34    270    -95 0 0 0
54416 4023 11652    718 2014  3  9     37    306   -127 0 0 0
54416 4023 11652    718 2014  3 10     45    264    -78 0 0 0
54416 4023 11652    718 2014  3 11     67    293    -57 0 0 0
54416 4023 11652    718 2014  3 12     87    295    -16 0 0 0
54416 4023 11652    718 2014  3 13     95    368   -127 0 0 0
54416 4023 11652    718 2014  3 14    102    394   -102 0 0 0
54416 4023 11652    718 2014  3 15    115    425    -70 0 0 0
54416 4023 11652    718 2014  3 16    108    370    -39 0 0 0
54416 4023 11652    718 2014  3 17    147    407     -9 0 0 0
54416 4023 11652    718 2014  3 18    131    383    -13 0 0 0
54416 4023 11652    718 2014  3 19     82    251    -28 0 0 0
54416 4023 11652    718 2014  3 20    129    372    -74 0 0 0
54416 4023 11652    718 2014  3 21    150    446    -58 0 0 0
54416 4023 11652    718 2014  3 22    137    424    -39 0 0 0
54416 4023 11652    718 2014  3 23    131    378    -28 0 0 0
54416 4023 11652    718 2014  3 24    143    386     -6 0 0 0
54416 4023 11652    718 2014  3 25    156    398     29 0 0 0
54416 4023 11652    718 2014  3 26    170    404     37 0 0 0
54416 4023 11652    718 2014  3 27    124    222     59 0 0 0
54416 4023 11652    718 2014  3 28    177    380     78 0 0 0
54416 4023 11652    718 2014  3 29    195    472     21 0 0 0
54416 4023 11652    718 2014  3 30    215    516      3 0 0 0
54416 4023 11652    718 2014  3 31    176    382     88 0 0 0
54416 4023 11652    718 2014  4  1    197    510     20 0 0 0
54416 4023 11652    718 2014  4  2    197    407     41 0 0 0
54416 4023 11652    718 2014  4  3    180    395      8 0 0 0
54416 4023 11652    718 2014  4  4    180    502    -27 0 0 0
54416 4023 11652    718 2014  4  5    183    447    -28 0 0 0
54416 4023 11652    718 2014  4  6    197    492    -25 0 0 0
54416 4023 11652    718 2014  4  7    193    480     10 0 0 0
54416 4023 11652    718 2014  4  8    202    445     30 0 0 0
54416 4023 11652    718 2014  4  9    238    500     90 0 0 0
54416 4023 11652    718 2014  4 10    169    357     93 0 0 0
54416 4023 11652    718 2014  4 11    177    385     98 0 0 0
54416 4023 11652    718 2014  4 12    169    379     19 0 0 0
54416 4023 11652    718 2014  4 13    187    405     22 0 0 0
54416 4023 11652    718 2014  4 14    215    467     64 0 0 0
54416 4023 11652    718 2014  4 15    200    314    103 0 0 0
54416 4023 11652    718 2014  4 16    202    441    109 0 0 0
54416 4023 11652    718 2014  4 17    169    292    103 0 0 0
54416 4023 11652    718 2014  4 18    188    401     96 0 0 0
54416 4023 11652    718 2014  4 19    132    253     72 0 0 0
54416 4023 11652    718 2014  4 20    168    417      7 0 0 0
54416 4023 11652    718 2014  4 21    218    535     16 0 0 0
54416 4023 11652    718 2014  4 22    238    534     28 0 0 0
54416 4023 11652    718 2014  4 23    245    465     82 0 0 0
54416 4023 11652    718 2014  4 24    206    375    106 0 0 0
54416 4023 11652    718 2014  4 25    249    473    104 0 0 0
54416 4023 11652    718 2014  4 26    182    354     97 0 0 0
54416 4023 11652    718 2014  4 27    200    421     62 0 0 0
54416 4023 11652    718 2014  4 28    243    492     76 0 0 0
54416 4023 11652    718 2014  4 29    244    482     78 0 0 0
54416 4023 11652    718 2014  4 30    256    495     86 0 0 0
54416 4023 11652    718 2014  5  1    230    433    114 0 0 0
54416 4023 11652    718 2014  5  2    200    457     65 0 0 0
54416 4023 11652    718 2014  5  3    165    461     38 0 0 0
54416 4023 11652    718 2014  5  4    175    374     14 0 0 0
54416 4023 11652    718 2014  5  5    206    496      7 0 0 0
54416 4023 11652    718 2014  5  6    228    494     38 0 0 0
54416 4023 11652    718 2014  5  7    241    500     73 0 0 0
54416 4023 11652    718 2014  5  8    223    507     52 0 0 0
54416 4023 11652    718 2014  5  9    183    281    140 0 0 0
54416 4023 11652    718 2014  5 10    203    316    105 0 0 0
54416 4023 11652    718 2014  5 11    138    195    107 0 0 0
54416 4023 11652    718 2014  5 12    211    364     83 0 0 0
54416 4023 11652    718 2014  5 13    194    397    101 0 0 0
54416 4023 11652    718 2014  5 14    198    342    107 0 0 0
54416 4023 11652    718 2014  5 15    257    525     63 0 0 0
54416 4023 11652    718 2014  5 16    298    549    114 0 0 0
54416 4023 11652    718 2014  5 17    281    523    125 0 0 0
54416 4023 11652    718 2014  5 18    303    552    117 0 0 0
54416 4023 11652    718 2014  5 19    263    433    169 0 0 0
54416 4023 11652    718 2014  5 20    312    552    149 0 0 0
54416 4023 11652    718 2014  5 21    306    530    148 0 0 0
54416 4023 11652    718 2014  5 22    322    559    170 0 0 0
54416 4023 11652    718 2014  5 23    339    562    182 0 0 0
54416 4023 11652    718 2014  5 24    207    267    195 0 0 0
54416 4023 11652    718 2014  5 25    254    427    177 0 0 0
54416 4023 11652    718 2014  5 26    274    516     87 0 0 0
54416 4023 11652    718 2014  5 27    206    512    138 0 0 0
54416 4023 11652    718 2014  5 28    313    578    111 0 0 0
54416 4023 11652    718 2014  5 29    354    654    159 0 0 0
54416 4023 11652    718 2014  5 30    349    596    183 0 0 0
54416 4023 11652    718 2014  5 31    341    605    184 0 0 0
54416 4023 11652    718 2014  6  1    272    568    195 0 0 0
54416 4023 11652    718 2014  6  2    273    498    171 0 0 0
54416 4023 11652    718 2014  6  3    354    635    147 0 0 0
54416 4023 11652    718 2014  6  4    342    578    181 0 0 0
54416 4023 11652    718 2014  6  5    367    634    180 0 0 0
54416 4023 11652    718 2014  6  6    243    401    172 0 0 0
54416 4023 11652    718 2014  6  7    233    368    123 0 0 0
54416 4023 11652    718 2014  6  8    231    531    134 0 0 0
54416 4023 11652    718 2014  6  9    264    530    117 0 0 0
54416 4023 11652    718 2014  6 10    229    395    171 0 0 0
54416 4023 11652    718 2014  6 11    286    497    150 0 0 0
54416 4023 11652    718 2014  6 12    343    599    162 0 0 0
54416 4023 11652    718 2014  6 13    322    580    196 0 0 0
54416 4023 11652    718 2014  6 14    271    414    167 0 0 0
54416 4023 11652    718 2014  6 15    271    468    194 0 0 0
54416 4023 11652    718 2014  6 16    284    435    194 0 0 0
54416 4023 11652    718 2014  6 17    234    370    184 0 0 0
54416 4023 11652    718 2014  6 18    268    430    160 0 0 0
54416 4023 11652    718 2014  6 19    261    374    179 0 0 0
54416 4023 11652    718 2014  6 20    243    416    182 0 0 0
54416 4023 11652    718 2014  6 21    262    392    184 0 0 0
54416 4023 11652    718 2014  6 22    262    425    170 0 0 0
54416 4023 11652    718 2014  6 23    274    441    155 0 0 0
54416 4023 11652    718 2014  6 24    295    468    172 0 0 0
54416 4023 11652    718 2014  6 25    280    423    196 0 0 0
54416 4023 11652    718 2014  6 26    278    549    217 0 0 0
54416 4023 11652    718 2014  6 27    319    551    168 0 0 0
54416 4023 11652    718 2014  6 28    348    618    162 0 0 0
54416 4023 11652    718 2014  6 29    346    593    187 0 0 0
54416 4023 11652    718 2014  6 30    318    504    205 0 0 0
54416 4023 11652    718 2014  7  1    303    493    206 0 0 0
54416 4023 11652    718 2014  7  2    240    315    203 0 0 0
54416 4023 11652    718 2014  7  3    274    378    225 0 0 0
54416 4023 11652    718 2014  7  4    300    440    228 0 0 0
54416 4023 11652    718 2014  7  5    285    387    228 0 0 0
54416 4023 11652    718 2014  7  6    276    380    232 0 0 0
54416 4023 11652    718 2014  7  7    294    441    229 0 0 0
54416 4023 11652    718 2014  7  8    270    404    231 0 0 0
54416 4023 11652    718 2014  7  9    255    379    191 0 0 0
54416 4023 11652    718 2014  7 10    306    499    177 0 0 0
54416 4023 11652    718 2014  7 11    314    502    184 0 0 0
54416 4023 11652    718 2014  7 12    332    547    176 0 0 0
54416 4023 11652    718 2014  7 13    341    604    172 0 0 0
54416 4023 11652    718 2014  7 14    336    591    176 0 0 0
54416 4023 11652    718 2014  7 15    309    533    204 0 0 0
54416 4023 11652    718 2014  7 16    304    494    212 0 0 0
54416 4023 11652    718 2014  7 17    273    470    208 0 0 0
54416 4023 11652    718 2014  7 18    321    518    237 0 0 0
54416 4023 11652    718 2014  7 19    370    550    240 0 0 0
54416 4023 11652    718 2014  7 20    346    510    257 0 0 0
54416 4023 11652    718 2014  7 21    313    519    237 0 0 0
54416 4023 11652    718 2014  7 22    273    367    229 0 0 0
54416 4023 11652    718 2014  7 23    281    452    204 0 0 0
54416 4023 11652    718 2014  7 24    271    393    218 0 0 0
54416 4023 11652    718 2014  7 25    332    566    178 0 0 0
54416 4023 11652    718 2014  7 26    333    530    202 0 0 0
54416 4023 11652    718 2014  7 27    330    509    201 0 0 0
54416 4023 11652    718 2014  7 28    358    591    210 0 0 0
54416 4023 11652    718 2014  7 29    352    536    238 0 0 0
54416 4023 11652    718 2014  7 30    275    378    223 0 0 0
54416 4023 11652    718 2014  7 31    286    404    231 0 0 0
54416 4023 11652    718 2014  8  1    297    415    228 0 0 0
54416 4023 11652    718 2014  8  2    322    467    246 0 0 0
54416 4023 11652    718 2014  8  3    349    529    243 0 0 0
54416 4023 11652    718 2014  8  4    248    303    206 0 0 0
54416 4023 11652    718 2014  8  5    292    547    161 0 0 0
54416 4023 11652    718 2014  8  6    328    584    180 0 0 0
54416 4023 11652    718 2014  8  7    341    601    178 0 0 0
54416 4023 11652    718 2014  8  8    320    555    187 0 0 0
54416 4023 11652    718 2014  8  9    321    534    184 0 0 0
54416 4023 11652    718 2014  8 10    338    597    171 0 0 0
54416 4023 11652    718 2014  8 11    338    603    168 0 0 0
54416 4023 11652    718 2014  8 12    317    625    150 0 0 0
54416 4023 11652    718 2014  8 13    214    297    193 0 0 0
54416 4023 11652    718 2014  8 14    292    528    138 0 0 0
54416 4023 11652    718 2014  8 15    332    593    170 0 0 0
54416 4023 11652    718 2014  8 16    349    611    188 0 0 0
54416 4023 11652    718 2014  8 17    321    576    229 0 0 0
54416 4023 11652    718 2014  8 18    333    601    187 0 0 0
54416 4023 11652    718 2014  8 19    344    599    191 0 0 0
54416 4023 11652    718 2014  8 20    335    559    197 0 0 0
54416 4023 11652    718 2014  8 21    339    589    218 0 0 0
54416 4023 11652    718 2014  8 22    260    381    186 0 0 0
54416 4023 11652    718 2014  8 23    328    546    204 0 0 0
54416 4023 11652    718 2014  8 24    254    391    194 0 0 0
54416 4023 11652    718 2014  8 25    256    392    161 0 0 0
54416 4023 11652    718 2014  8 26    270    473    141 0 0 0
54416 4023 11652    718 2014  8 27    296    520    151 0 0 0
54416 4023 11652    718 2014  8 28    250    426    190 0 0 0
54416 4023 11652    718 2014  8 29    247    366    184 0 0 0
54416 4023 11652    718 2014  8 30    238    332    195 0 0 0
54416 4023 11652    718 2014  8 31    236    364    199 0 0 0
54416 4023 11652    718 2014  9  1    236    341    197 0 0 0
54416 4023 11652    718 2014  9  2    200    238    182 0 0 0
54416 4023 11652    718 2014  9  3    246    400    116 0 0 0
54416 4023 11652    718 2014  9  4    258    430    137 0 0 0
54416 4023 11652    718 2014  9  5    257    419    160 0 0 0
54416 4023 11652    718 2014  9  6    253    405    181 0 0 0
54416 4023 11652    718 2014  9  7    252    374    202 0 0 0
54416 4023 11652    718 2014  9  8    267    474    111 0 0 0
54416 4023 11652    718 2014  9  9    267    483    116 0 0 0
54416 4023 11652    718 2014  9 10    268    504    143 0 0 0
54416 4023 11652    718 2014  9 11    233    409    158 0 0 0
54416 4023 11652    718 2014  9 12    214    273    189 0 0 0
54416 4023 11652    718 2014  9 13    229    364    167 0 0 0
54416 4023 11652    718 2014  9 14    194    313    152 0 0 0
54416 4023 11652    718 2014  9 15    232    481     73 0 0 0
54416 4023 11652    718 2014  9 16    193    340     86 0 0 0
54416 4023 11652    718 2014  9 17    190    389    113 0 0 0
54416 4023 11652    718 2014  9 18    231    499     74 0 0 0
54416 4023 11652    718 2014  9 19    221    440     95 0 0 0
54416 4023 11652    718 2014  9 20    254    467    155 0 0 0
54416 4023 11652    718 2014  9 21    244    417    157 0 0 0
54416 4023 11652    718 2014  9 22    207    259    184 0 0 0
54416 4023 11652    718 2014  9 23    181    203    170 0 0 0
54416 4023 11652    718 2014  9 24    219    349    134 0 0 0
54416 4023 11652    718 2014  9 25    189    299    128 0 0 0
54416 4023 11652    718 2014  9 26    182    268    152 0 0 0
54416 4023 11652    718 2014  9 27    192    325    105 0 0 0
54416 4023 11652    718 2014  9 28    179    311    115 0 0 0
54416 4023 11652    718 2014  9 29    182    359    104 0 0 0
54416 4023 11652    718 2014  9 30    126    272     57 0 0 0
54416 4023 11652    718 2014 10  1    113    144     71 0 0 0
54416 4023 11652    718 2014 10  2    168    349     72 0 0 0
54416 4023 11652    718 2014 10  3    137    208     82 0 0 0
54416 4023 11652    718 2014 10  4    148    193    128 0 0 0
54416 4023 11652    718 2014 10  5    155    281     84 0 0 0
54416 4023 11652    718 2014 10  6    132    310     29 0 0 0
54416 4023 11652    718 2014 10  7    142    301     47 0 0 0
54416 4023 11652    718 2014 10  8    145    260     83 0 0 0
54416 4023 11652    718 2014 10  9    155    273     89 0 0 0
54416 4023 11652    718 2014 10 10    165    269    103 0 0 0
54416 4023 11652    718 2014 10 11    173    281    105 0 0 0
54416 4023 11652    718 2014 10 12    139    304     99 0 0 0
54416 4023 11652    718 2014 10 13    133    355     -8 0 0 0
54416 4023 11652    718 2014 10 14    128    360     -1 0 0 0
54416 4023 11652    718 2014 10 15    145    361     22 0 0 0
54416 4023 11652    718 2014 10 16    126    364    -16 0 0 0
54416 4023 11652    718 2014 10 17    138    376      9 0 0 0
54416 4023 11652    718 2014 10 18    161    376     39 0 0 0
54416 4023 11652    718 2014 10 19    153    261     93 0 0 0
54416 4023 11652    718 2014 10 20    178    323     91 0 0 0
54416 4023 11652    718 2014 10 21    124    217     51 0 0 0
54416 4023 11652    718 2014 10 22     98    190     22 0 0 0
54416 4023 11652    718 2014 10 23    147    238    103 0 0 0
54416 4023 11652    718 2014 10 24    138    265     60 0 0 0
54416 4023 11652    718 2014 10 25    136    289     67 0 0 0
54416 4023 11652    718 2014 10 26    131    316     27 0 0 0
54416 4023 11652    718 2014 10 27     80    297    -39 0 0 0
54416 4023 11652    718 2014 10 28     86    281    -12 0 0 0
54416 4023 11652    718 2014 10 29    104    258     20 0 0 0
54416 4023 11652    718 2014 10 30    124    213     86 0 0 0
54416 4023 11652    718 2014 10 31    125    170     88 0 0 0
54416 4023 11652    718 2014 11  1     94    201     20 0 0 0
54416 4023 11652    718 2014 11  2    105    305    -17 0 0 0
54416 4023 11652    718 2014 11  3     88    323    -47 0 0 0
54416 4023 11652    718 2014 11  4     72    273    -39 0 0 0
54416 4023 11652    718 2014 11  5    101    335    -36 0 0 0
54416 4023 11652    718 2014 11  6     82    258    -25 0 0 0
54416 4023 11652    718 2014 11  7     30    230    -55 0 0 0
54416 4023 11652    718 2014 11  8     56    280    -63 0 0 0
54416 4023 11652    718 2014 11  9     69    308    -65 0 0 0
54416 4023 11652    718 2014 11 10     55    302    -58 0 0 0
54416 4023 11652    718 2014 11 11     26    213    -32 0 0 0
54416 4023 11652    718 2014 11 12     36    222    -64 0 0 0
54416 4023 11652    718 2014 11 13     25    251    -96 0 0 0
54416 4023 11652    718 2014 11 14     33    289    -84 0 0 0
54416 4023 11652    718 2014 11 15     23    198    -57 0 0 0
54416 4023 11652    718 2014 11 16     39    235    -54 0 0 0
54416 4023 11652    718 2014 11 17     30    259    -71 0 0 0
54416 4023 11652    718 2014 11 18     36    259    -74 0 0 0
54416 4023 11652    718 2014 11 19     16    176    -59 0 0 0
54416 4023 11652    718 2014 11 20     22    175    -49 0 0 0
54416 4023 11652    718 2014 11 21     28    247    -63 0 0 0
54416 4023 11652    718 2014 11 22     12    232    -85 0 0 0
54416 4023 11652    718 2014 11 23     22    152    -45 0 0 0
54416 4023 11652    718 2014 11 24     14    233   -100 0 0 0
54416 4023 11652    718 2014 11 25     24    166    -63 0 0 0
54416 4023 11652    718 2014 11 26     25    152    -46 0 0 0
54416 4023 11652    718 2014 11 27     25     80    -39 0 0 0
54416 4023 11652    718 2014 11 28     26    221    -65 0 0 0
54416 4023 11652    718 2014 11 29     -4     30    -68 0 0 0
54416 4023 11652    718 2014 11 30     24    166    -30 0 0 0
54416 4023 11652    718 2014 12  1    -32    119   -128 0 0 0
54416 4023 11652    718 2014 12  2    -64    128   -156 0 0 0
54416 4023 11652    718 2014 12  3    -61    133   -164 0 0 0
54416 4023 11652    718 2014 12  4    -38    125   -157 0 0 0
54416 4023 11652    718 2014 12  5    -82    131   -179 0 0 0
54416 4023 11652    718 2014 12  6    -35    173   -153 0 0 0
54416 4023 11652    718 2014 12  7    -36    122   -105 0 0 0
54416 4023 11652    718 2014 12  8    -60    166   -158 0 0 0
54416 4023 11652    718 2014 12  9    -48    101   -136 0 0 0
54416 4023 11652    718 2014 12 10    -36    119    -96 0 0 0
54416 4023 11652    718 2014 12 11    -59    153   -160 0 0 0
54416 4023 11652    718 2014 12 12    -52    147   -150 0 0 0
54416 4023 11652    718 2014 12 13    -70    157   -165 0 0 0
54416 4023 11652    718 2014 12 14    -45    167   -150 0 0 0
54416 4023 11652    718 2014 12 15    -49    135   -134 0 0 0
54416 4023 11652    718 2014 12 16    -86    113   -182 0 0 0
54416 4023 11652    718 2014 12 17    -65    144   -170 0 0 0
54416 4023 11652    718 2014 12 18    -56    133   -158 0 0 0
54416 4023 11652    718 2014 12 19    -48    153   -143 0 0 0
54416 4023 11652    718 2014 12 20    -99    109   -188 0 0 0
54416 4023 11652    718 2014 12 21    -85    124   -198 0 0 0
54416 4023 11652    718 2014 12 22    -40    194   -149 0 0 0
54416 4023 11652    718 2014 12 23    -42    195   -137 0 0 0
54416 4023 11652    718 2014 12 24    -30    155   -123 0 0 0
54416 4023 11652    718 2014 12 25    -58    180   -158 0 0 0
54416 4023 11652    718 2014 12 26    -65    124   -140 0 0 0
54416 4023 11652    718 2014 12 27    -56    106   -129 0 0 0
54416 4023 11652    718 2014 12 28    -29    160   -125 0 0 0
54416 4023 11652    718 2014 12 29     -6    188   -137 0 0 0
54416 4023 11652    718 2014 12 30    -15    173   -124 0 0 0
54416 4023 11652    718 2014 12 31    -53     95   -142 0 0 0
54416 4023 11652    718 2015  1  1    -96    116   -188 0 0 0
54416 4023 11652    718 2015  1  2    -62    147   -158 0 0 0
54416 4023 11652    718 2015  1  3    -62    113   -146 0 0 0
54416 4023 11652    718 2015  1  4    -16    186   -135 0 0 0
54416 4023 11652    718 2015  1  5     14    137    -50 0 0 0
54416 4023 11652    718 2015  1  6    -59    149   -154 0 0 0
54416 4023 11652    718 2015  1  7    -60    132   -150 0 0 0
54416 4023 11652    718 2015  1  8    -56    137   -144 0 0 0
54416 4023 11652    718 2015  1  9    -63    159   -161 0 0 0
54416 4023 11652    718 2015  1 10    -37    184   -156 0 0 0
54416 4023 11652    718 2015  1 11     -3    171   -103 0 0 0
54416 4023 11652    718 2015  1 12    -67    126   -145 0 0 0
54416 4023 11652    718 2015  1 13    -53    113   -119 0 0 0
54416 4023 11652    718 2015  1 14    -57     15   -130 0 0 0
54416 4023 11652    718 2015  1 15    -69     68   -132 0 0 0
54416 4023 11652    718 2015  1 16    -59    116   -166 0 0 0
54416 4023 11652    718 2015  1 17    -45    133   -156 0 0 0
54416 4023 11652    718 2015  1 18     -3    138   -107 0 0 0
54416 4023 11652    718 2015  1 19    -37    174   -160 0 0 0
54416 4023 11652    718 2015  1 20    -60    150   -143 0 0 0
54416 4023 11652    718 2015  1 21    -17    152   -122 0 0 0
54416 4023 11652    718 2015  1 22    -51    168   -146 0 0 0
54416 4023 11652    718 2015  1 23    -48    157   -142 0 0 0
54416 4023 11652    718 2015  1 24    -12    133   -114 0 0 0
54416 4023 11652    718 2015  1 25    -14     99    -88 0 0 0
54416 4023 11652    718 2015  1 26    -60     44   -119 0 0 0
54416 4023 11652    718 2015  1 27    -69    123   -163 0 0 0
54416 4023 11652    718 2015  1 28    -35    137   -155 0 0 0
54416 4023 11652    718 2015  1 29    -20    138   -103 0 0 0
54416 4023 11652    718 2015  1 30    -58    125   -186 0 0 0
54416 4023 11652    718 2015  1 31    -59    155   -180 0 0 0
54416 4023 11652    718 2015  2  1    -55    170   -176 9 9 9
54416 4023 11652    718 2015  2  2    -48    111   -150 9 9 9
54416 4023 11652    718 2015  2  3      0    173   -122 9 9 9
54416 4023 11652    718 2015  2  4    -10    177   -139 9 9 9
54416 4023 11652    718 2015  2  5    -24    204   -144 9 9 9
54416 4023 11652    718 2015  2  6    -15    236   -135 9 9 9
54416 4023 11652    718 2015  2  7     -4    118   -107 9 9 9
54416 4023 11652    718 2015  2  8    -73    141   -198 9 9 9
54416 4023 11652    718 2015  2  9    -54    187   -178 9 9 9
54416 4023 11652    718 2015  2 10    -14    228   -134 9 9 9
54416 4023 11652    718 2015  2 11     30    261   -133 9 9 9
54416 4023 11652    718 2015  2 12    -17    237   -139 9 9 9
54416 4023 11652    718 2015  2 13    -14    250   -141 9 9 9
54416 4023 11652    718 2015  2 14     -2    235   -116 9 9 9
54416 4023 11652    718 2015  2 15     10    185    -87 9 9 9
54416 4023 11652    718 2015  2 16     16    241   -104 9 9 9
54416 4023 11652    718 2015  2 17     33    232    -88 9 9 9
54416 4023 11652    718 2015  2 18     12    248   -105 9 9 9
54416 4023 11652    718 2015  2 19    -24    117   -121 9 9 9
54416 4023 11652    718 2015  2 20     -3     12    -10 9 9 9
54416 4023 11652    718 2015  2 21     -6      6    -25 9 9 9
54416 4023 11652    718 2015  2 22     -6    155    -98 9 9 9
54416 4023 11652    718 2015  2 23    -12    212   -142 9 9 9
54416 4023 11652    718 2015  2 24      3    200   -111 9 9 9
54416 4023 11652    718 2015  2 25     32    229    -67 9 9 9
54416 4023 11652    718 2015  2 26      6    205   -145 9 9 9
54416 4023 11652    718 2015  2 27    -15     87    -90 9 9 9
54416 4023 11652    718 2015  2 28      5    105    -29 9 9 9
54416 4023 11652    718 2015  3  1     25    232   -114 0 0 0
54416 4023 11652    718 2015  3  2     60    282   -101 0 0 0
54416 4023 11652    718 2015  3  3     19    196    -39 0 0 0
54416 4023 11652    718 2015  3  4    -17    234   -162 0 0 0
54416 4023 11652    718 2015  3  5     -8    202   -137 0 0 0
54416 4023 11652    718 2015  3  6     13    222   -111 0 0 0
54416 4023 11652    718 2015  3  7     41    275    -89 0 0 0
54416 4023 11652    718 2015  3  8     41    254    -64 0 0 0
54416 4023 11652    718 2015  3  9     24    183    -80 0 0 0
54416 4023 11652    718 2015  3 10      4    254   -157 0 0 0
54416 4023 11652    718 2015  3 11     39    270   -120 0 0 0
54416 4023 11652    718 2015  3 12     65    308   -105 0 0 0
54416 4023 11652    718 2015  3 13     59    266    -96 0 0 0
54416 4023 11652    718 2015  3 14     48    244    -73 0 0 0
54416 4023 11652    718 2015  3 15     93    337    -81 0 0 0
54416 4023 11652    718 2015  3 16    106    278     28 0 0 0
54416 4023 11652    718 2015  3 17    142    362    -28 0 0 0
54416 4023 11652    718 2015  3 18     99    291     15 0 0 0
54416 4023 11652    718 2015  3 19    123    358    -30 0 0 0
54416 4023 11652    718 2015  3 20    137    354    -28 0 0 0
54416 4023 11652    718 2015  3 21    164    372    -28 0 0 0
54416 4023 11652    718 2015  3 22    114    337     -5 0 0 0
54416 4023 11652    718 2015  3 23    104    373    -80 0 0 0
54416 4023 11652    718 2015  3 24    116    400    -69 0 0 0
54416 4023 11652    718 2015  3 25    122    379    -34 0 0 0
54416 4023 11652    718 2015  3 26    146    393    -12 0 0 0
54416 4023 11652    718 2015  3 27    157    401     -4 0 0 0
54416 4023 11652    718 2015  3 28    189    389     37 0 0 0
54416 4023 11652    718 2015  3 29    154    389     15 0 0 0
54416 4023 11652    718 2015  3 30    181    382     67 0 0 0
54416 4023 11652    718 2015  3 31    134    225     75 0 0 0
54416 4023 11652    718 2015  4  1    111    331      1 0 0 0
54416 4023 11652    718 2015  4  2    106    228     47 0 0 0
54416 4023 11652    718 2015  4  3    135    318     18 0 0 0
54416 4023 11652    718 2015  4  4    153    334     63 0 0 0
54416 4023 11652    718 2015  4  5    161    382     56 0 0 0
54416 4023 11652    718 2015  4  6    122    336      7 0 0 0
54416 4023 11652    718 2015  4  7    140    384    -50 0 0 0
54416 4023 11652    718 2015  4  8    128    360    -31 0 0 0
54416 4023 11652    718 2015  4  9    136    401      4 0 0 0
54416 4023 11652    718 2015  4 10    173    424     14 0 0 0
54416 4023 11652    718 2015  4 11    179    398     77 0 0 0
54416 4023 11652    718 2015  4 12     73    126     34 0 0 0
54416 4023 11652    718 2015  4 13    123    299     12 0 0 0
54416 4023 11652    718 2015  4 14    170    398      7 0 0 0
54416 4023 11652    718 2015  4 15    186    380     47 0 0 0
54416 4023 11652    718 2015  4 16    198    413     36 0 0 0
54416 4023 11652    718 2015  4 17    190    459     21 0 0 0
54416 4023 11652    718 2015  4 18    178    380     88 0 0 0
54416 4023 11652    718 2015  4 19    194    393     82 0 0 0
54416 4023 11652    718 2015  4 20    205    464      8 0 0 0
54416 4023 11652    718 2015  4 21    174    501     37 0 0 0
54416 4023 11652    718 2015  4 22    224    487     19 0 0 0
54416 4023 11652    718 2015  4 23    235    533     68 0 0 0
54416 4023 11652    718 2015  4 24    228    484     29 0 0 0
54416 4023 11652    718 2015  4 25    264    574     53 0 0 0
54416 4023 11652    718 2015  4 26    283    508     86 0 0 0
54416 4023 11652    718 2015  4 27    230    514    140 0 0 0
54416 4023 11652    718 2015  4 28    214    367    138 0 0 0
54416 4023 11652    718 2015  4 29    254    475    107 0 0 0
54416 4023 11652    718 2015  4 30    273    503    131 0 0 0
54416 4023 11652    718 2015  5  1    183    410    130 0 0 0
54416 4023 11652    718 2015  5  2    237    459    107 0 0 0
54416 4023 11652    718 2015  5  3    236    476     95 0 0 0
54416 4023 11652    718 2015  5  4    244    502     20 0 0 0
54416 4023 11652    718 2015  5  5    255    520     65 0 0 0
54416 4023 11652    718 2015  5  6    221    494     64 0 0 0
54416 4023 11652    718 2015  5  7    270    513     58 0 0 0
54416 4023 11652    718 2015  5  8    223    471     78 0 0 0
54416 4023 11652    718 2015  5  9    157    239    100 0 0 0
54416 4023 11652    718 2015  5 10    109    136     97 0 0 0
54416 4023 11652    718 2015  5 11    133    295     69 0 0 0
54416 4023 11652    718 2015  5 12    183    365     66 0 0 0
54416 4023 11652    718 2015  5 13    211    411     77 0 0 0
54416 4023 11652    718 2015  5 14    253    459    113 0 0 0
54416 4023 11652    718 2015  5 15    253    487    140 0 0 0
54416 4023 11652    718 2015  5 16    271    504     83 0 0 0
54416 4023 11652    718 2015  5 17    238    397    137 0 0 0
54416 4023 11652    718 2015  5 18    271    472    138 0 0 0
54416 4023 11652    718 2015  5 19    233    488     68 0 0 0
54416 4023 11652    718 2015  5 20    282    537     71 0 0 0
54416 4023 11652    718 2015  5 21    272    517    112 0 0 0
54416 4023 11652    718 2015  5 22    288    551     99 0 0 0
54416 4023 11652    718 2015  5 23    299    534    122 0 0 0
54416 4023 11652    718 2015  5 24    308    535    143 0 0 0
54416 4023 11652    718 2015  5 25    322    540    148 0 0 0
54416 4023 11652    718 2015  5 26    338    546    165 0 0 0
54416 4023 11652    718 2015  5 27    327    541    162 0 0 0
54416 4023 11652    718 2015  5 28    299    492    189 0 0 0
54416 4023 11652    718 2015  5 29    301    589    203 0 0 0
54416 4023 11652    718 2015  5 30    330    584    125 0 0 0
54416 4023 11652    718 2015  5 31    345    586    149 0 0 0
54416 4023 11652    718 2015  6  1    342    614    203 0 0 0
54416 4023 11652    718 2015  6  2    342    569    164 0 0 0
54416 4023 11652    718 2015  6  3    341    604    120 0 0 0
54416 4023 11652    718 2015  6  4    200    257    173 0 0 0
54416 4023 11652    718 2015  6  5    283    500    125 0 0 0
54416 4023 11652    718 2015  6  6    274    493    154 0 0 0
54416 4023 11652    718 2015  6  7    234    494    122 0 0 0
54416 4023 11652    718 2015  6  8    289    524    104 0 0 0
54416 4023 11652    718 2015  6  9    268    468    166 0 0 0
54416 4023 11652    718 2015  6 10    239    318    171 0 0 0
54416 4023 11652    718 2015  6 11    214    361    157 0 0 0
54416 4023 11652    718 2015  6 12    258    446    134 0 0 0
54416 4023 11652    718 2015  6 13    256    437    174 0 0 0
54416 4023 11652    718 2015  6 14    298    514    143 0 0 0
54416 4023 11652    718 2015  6 15    305    493    179 0 0 0
54416 4023 11652    718 2015  6 16    302    520    192 0 0 0
54416 4023 11652    718 2015  6 17    279    577    175 0 0 0
54416 4023 11652    718 2015  6 18    286    468    146 0 0 0
54416 4023 11652    718 2015  6 19    216    320    162 0 0 0
54416 4023 11652    718 2015  6 20    294    506    130 0 0 0
54416 4023 11652    718 2015  6 21    284    514    175 0 0 0
54416 4023 11652    718 2015  6 22    305    503    173 0 0 0
54416 4023 11652    718 2015  6 23    297    460    195 0 0 0
54416 4023 11652    718 2015  6 24    267    335    226 0 0 0
54416 4023 11652    718 2015  6 25    264    357    209 0 0 0
54416 4023 11652    718 2015  6 26    258    379    211 0 0 0
54416 4023 11652    718 2015  6 27    263    373    183 0 0 0
54416 4023 11652    718 2015  6 28    301    423    229 0 0 0
54416 4023 11652    718 2015  6 29    240    294    201 0 0 0
54416 4023 11652    718 2015  6 30    275    497    180 0 0 0
54416 4023 11652    718 2015  7  1    269    558    141 0 0 0
54416 4023 11652    718 2015  7  2    308    600    125 0 0 0
54416 4023 11652    718 2015  7  3    326    574    127 0 0 0
54416 4023 11652    718 2015  7  4    245    535    182 0 0 0
54416 4023 11652    718 2015  7  5    310    551    140 0 0 0
54416 4023 11652    718 2015  7  6    337    588    164 0 0 0
54416 4023 11652    718 2015  7  7    333    550    175 0 0 0
54416 4023 11652    718 2015  7  8    334    518    188 0 0 0
54416 4023 11652    718 2015  7  9    352    604    194 0 0 0
54416 4023 11652    718 2015  7 10    350    574    210 0 0 0
54416 4023 11652    718 2015  7 11    362    586    216 0 0 0
54416 4023 11652    718 2015  7 12    376    643    218 0 0 0
54416 4023 11652    718 2015  7 13    405    684    213 0 0 0
54416 4023 11652    718 2015  7 14    355    578    212 0 0 0
54416 4023 11652    718 2015  7 15    326    494    220 0 0 0
54416 4023 11652    718 2015  7 16    247    328    213 0 0 0
54416 4023 11652    718 2015  7 17    244    354    196 0 0 0
54416 4023 11652    718 2015  7 18    265    378    215 0 0 0
54416 4023 11652    718 2015  7 19    236    345    207 0 0 0
54416 4023 11652    718 2015  7 20    266    379    215 0 0 0
54416 4023 11652    718 2015  7 21    269    360    232 0 0 0
54416 4023 11652    718 2015  7 22    289    405    211 0 0 0
54416 4023 11652    718 2015  7 23    283    393    215 0 0 0
54416 4023 11652    718 2015  7 24    284    414    215 0 0 0
54416 4023 11652    718 2015  7 25    294    416    208 0 0 0
54416 4023 11652    718 2015  7 26    314    443    236 0 0 0
54416 4023 11652    718 2015  7 27    299    415    234 0 0 0
54416 4023 11652    718 2015  7 28    270    375    229 0 0 0
54416 4023 11652    718 2015  7 29    299    419    228 0 0 0
54416 4023 11652    718 2015  7 30    266    381    226 0 0 0
54416 4023 11652    718 2015  7 31    279    398    218 0 0 0
54416 4023 11652    718 2015  8  1    261    299    226 0 0 0
54416 4023 11652    718 2015  8  2    284    396    229 0 0 0
54416 4023 11652    718 2015  8  3    267    357    224 0 0 0
54416 4023 11652    718 2015  8  4    266    408    157 0 0 0
54416 4023 11652    718 2015  8  5    276    398    207 0 0 0
54416 4023 11652    718 2015  8  6    258    365    191 0 0 0
54416 4023 11652    718 2015  8  7    275    391    224 0 0 0
54416 4023 11652    718 2015  8  8    267    411    184 0 0 0
54416 4023 11652    718 2015  8  9    287    412    196 0 0 0
54416 4023 11652    718 2015  8 10    293    424    202 0 0 0
54416 4023 11652    718 2015  8 11    333    549    218 0 0 0
54416 4023 11652    718 2015  8 12    341    560    216 0 0 0
54416 4023 11652    718 2015  8 13    342    549    223 0 0 0
54416 4023 11652    718 2015  8 14    300    534    226 0 0 0
54416 4023 11652    718 2015  8 15    334    584    171 0 0 0
54416 4023 11652    718 2015  8 16    336    593    172 0 0 0
54416 4023 11652    718 2015  8 17    309    513    213 0 0 0
54416 4023 11652    718 2015  8 18    306    523    212 0 0 0
54416 4023 11652    718 2015  8 19    289    514    212 0 0 0
54416 4023 11652    718 2015  8 20    309    558    178 0 0 0
54416 4023 11652    718 2015  8 21    300    596    160 0 0 0
54416 4023 11652    718 2015  8 22    304    609    177 0 0 0
54416 4023 11652    718 2015  8 23    229    382    202 0 0 0
54416 4023 11652    718 2015  8 24    254    434    170 0 0 0
54416 4023 11652    718 2015  8 25    284    476    192 0 0 0
54416 4023 11652    718 2015  8 26    298    538    181 0 0 0
54416 4023 11652    718 2015  8 27    309    579    178 0 0 0
54416 4023 11652    718 2015  8 28    336    604    172 0 0 0
54416 4023 11652    718 2015  8 29    301    549    173 0 0 0
54416 4023 11652    718 2015  8 30    245    321    204 0 0 0
54416 4023 11652    718 2015  8 31    213    278    189 0 0 0
54416 4023 11652    718 2015  9  1    217    278    180 0 0 0
54416 4023 11652    718 2015  9  2    254    378    167 0 0 0
54416 4023 11652    718 2015  9  3    274    415    168 0 0 0
54416 4023 11652    718 2015  9  4    229    297    186 0 0 0
54416 4023 11652    718 2015  9  5    203    241    187 0 0 0
54416 4023 11652    718 2015  9  6    249    368    167 0 0 0
54416 4023 11652    718 2015  9  7    235    373    147 0 0 0
54416 4023 11652    718 2015  9  8    233    353    155 0 0 0
54416 4023 11652    718 2015  9  9    205    314    171 0 0 0
54416 4023 11652    718 2015  9 10    177    224    158 0 0 0
54416 4023 11652    718 2015  9 11    200    330    144 0 0 0
54416 4023 11652    718 2015  9 12    198    338     90 0 0 0
54416 4023 11652    718 2015  9 13    214    373    101 0 0 0
54416 4023 11652    718 2015  9 14    213    363    119 0 0 0
54416 4023 11652    718 2015  9 15    206    367    118 0 0 0
54416 4023 11652    718 2015  9 16    217    365    122 0 0 0
54416 4023 11652    718 2015  9 17    219    383    144 0 0 0
54416 4023 11652    718 2015  9 18    259    460    168 0 0 0
54416 4023 11652    718 2015  9 19    240    472    100 0 0 0
54416 4023 11652    718 2015  9 20    216    403    126 0 0 0
54416 4023 11652    718 2015  9 21    244    429    128 0 0 0
54416 4023 11652    718 2015  9 22    218    300    163 0 0 0
54416 4023 11652    718 2015  9 23    201    341    115 0 0 0
54416 4023 11652    718 2015  9 24    194    333    149 0 0 0
54416 4023 11652    718 2015  9 25    204    343    112 0 0 0
54416 4023 11652    718 2015  9 26    186    331     81 0 0 0
54416 4023 11652    718 2015  9 27    211    353    118 0 0 0
54416 4023 11652    718 2015  9 28    176    227    144 0 0 0
54416 4023 11652    718 2015  9 29    150    193    121 0 0 0
54416 4023 11652    718 2015  9 30    169    278    124 0 0 0
54416 4023 11652    718 2015 10  1    163    261     94 0 0 0
54416 4023 11652    718 2015 10  2    167    313     53 0 0 0
54416 4023 11652    718 2015 10  3    182    308     60 0 0 0
54416 4023 11652    718 2015 10  4    176    320     89 0 0 0
54416 4023 11652    718 2015 10  5    176    313     98 0 0 0
54416 4023 11652    718 2015 10  6    189    327    112 0 0 0
54416 4023 11652    718 2015 10  7    196    318    134 0 0 0
54416 4023 11652    718 2015 10  8    152    339     51 0 0 0
54416 4023 11652    718 2015 10  9    112    322     13 0 0 0
54416 4023 11652    718 2015 10 10    114    333     -2 0 0 0
54416 4023 11652    718 2015 10 11    141    379     27 0 0 0
54416 4023 11652    718 2015 10 12    157    424      9 0 0 0
54416 4023 11652    718 2015 10 13    179    448     32 0 0 0
54416 4023 11652    718 2015 10 14    157    379     51 0 0 0
54416 4023 11652    718 2015 10 15    178    411     60 0 0 0
54416 4023 11652    718 2015 10 16    174    396     69 0 0 0
54416 4023 11652    718 2015 10 17    155    355     69 0 0 0
54416 4023 11652    718 2015 10 18    174    394     60 0 0 0
54416 4023 11652    718 2015 10 19    152    357     52 0 0 0
54416 4023 11652    718 2015 10 20    102    134     47 0 0 0
54416 4023 11652    718 2015 10 21    104    140     85 0 0 0
54416 4023 11652    718 2015 10 22    108    162     83 0 0 0
54416 4023 11652    718 2015 10 23    150    325     58 0 0 0
54416 4023 11652    718 2015 10 24    131    342     38 0 0 0
54416 4023 11652    718 2015 10 25    114    289     29 0 0 0
54416 4023 11652    718 2015 10 26     96    184     44 0 0 0
54416 4023 11652    718 2015 10 27     59    255    -20 0 0 0
54416 4023 11652    718 2015 10 28     69    286    -23 0 0 0
54416 4023 11652    718 2015 10 29     61    282    -42 0 0 0
54416 4023 11652    718 2015 10 30     66    307    -51 0 0 0
54416 4023 11652    718 2015 10 31     68    296    -44 0 0 0
54416 4023 11652    718 2015 11  1     82    320    -36 0 0 0
54416 4023 11652    718 2015 11  2    100    336    -34 0 0 0
54416 4023 11652    718 2015 11  3     84    271    -25 0 0 0
54416 4023 11652    718 2015 11  4     92    230     13 0 0 0
54416 4023 11652    718 2015 11  5     68     95     26 0 0 0
54416 4023 11652    718 2015 11  6      8     27      2 0 0 0
54416 4023 11652    718 2015 11  7      2      2      1 0 0 0
54416 4023 11652    718 2015 11  8     43    157      0 0 0 0
54416 4023 11652    718 2015 11  9     34    193    -13 0 0 0
54416 4023 11652    718 2015 11 10     52     73     40 0 0 0
54416 4023 11652    718 2015 11 11     62    108     49 0 0 0
54416 4023 11652    718 2015 11 12     70    110     52 0 0 0
54416 4023 11652    718 2015 11 13     72    112     53 0 0 0
54416 4023 11652    718 2015 11 14     96    192     64 0 0 0
54416 4023 11652    718 2015 11 15    101    240     25 0 0 0
54416 4023 11652    718 2015 11 16     74    128     43 0 0 0
54416 4023 11652    718 2015 11 17     50    164    -12 0 0 0
54416 4023 11652    718 2015 11 18     41     83     25 0 0 0
54416 4023 11652    718 2015 11 19     37     51     20 0 0 0
54416 4023 11652    718 2015 11 20      7     33      1 0 0 0
54416 4023 11652    718 2015 11 21     16     34      1 0 0 0
54416 4023 11652    718 2015 11 22      2     12     -5 0 0 0
54416 4023 11652    718 2015 11 23     -1      2     -8 0 0 0
54416 4023 11652    718 2015 11 24     -8     -2    -13 0 0 0
54416 4023 11652    718 2015 11 25    -13      0    -25 0 0 0
54416 4023 11652    718 2015 11 26    -29     -5    -42 0 0 0
54416 4023 11652    718 2015 11 27    -20      1    -40 0 0 0
54416 4023 11652    718 2015 11 28     -9      1    -25 0 0 0
54416 4023 11652    718 2015 11 29     -5     36    -21 0 0 0
54416 4023 11652    718 2015 11 30    -10     50    -45 0 0 0
54416 4023 11652    718 2015 12  1      2      7     -8 0 0 0
54416 4023 11652    718 2015 12  2     -9     90    -57 0 0 0
54416 4023 11652    718 2015 12  3    -23     45    -60 0 0 0
54416 4023 11652    718 2015 12  4    -16     92    -77 0 0 0
54416 4023 11652    718 2015 12  5     -9    102    -72 0 0 0
54416 4023 11652    718 2015 12  6     -4     71    -45 0 0 0
54416 4023 11652    718 2015 12  7     -1     33    -20 0 0 0
54416 4023 11652    718 2015 12  8     -6     16    -34 0 0 0
54416 4023 11652    718 2015 12  9     11     41     -5 0 0 0
54416 4023 11652    718 2015 12 10     15     98    -21 0 0 0
54416 4023 11652    718 2015 12 11     -4     82    -55 0 0 0
54416 4023 11652    718 2015 12 12     -5     69    -37 0 0 0
54416 4023 11652    718 2015 12 13    -10     54    -52 0 0 0
54416 4023 11652    718 2015 12 14      1     33    -17 0 0 0
54416 4023 11652    718 2015 12 15    -15     82    -66 0 0 0
54416 4023 11652    718 2015 12 16    -41     51    -85 0 0 0
54416 4023 11652    718 2015 12 17    -45     79   -103 0 0 0
54416 4023 11652    718 2015 12 18    -31     97   -100 0 0 0
54416 4023 11652    718 2015 12 19    -33     68    -92 0 0 0
54416 4023 11652    718 2015 12 20    -23     51    -60 0 0 0
54416 4023 11652    718 2015 12 21    -41     69    -94 0 0 0
54416 4023 11652    718 2015 12 22    -43     36    -89 0 0 0
54416 4023 11652    718 2015 12 23    -29    104   -100 0 0 0
54416 4023 11652    718 2015 12 24    -17    119    -73 0 0 0
54416 4023 11652    718 2015 12 25    -39     21    -84 0 0 0
54416 4023 11652    718 2015 12 26    -36     54    -79 0 0 0
54416 4023 11652    718 2015 12 27    -71     11   -123 0 0 0
54416 4023 11652    718 2015 12 28    -50    107   -134 0 0 0
54416 4023 11652    718 2015 12 29    -43     96    -98 0 0 0
54416 4023 11652    718 2015 12 30    -22    127    -95 0 0 0
54416 4023 11652    718 2015 12 31    -39    142   -114 0 0 0
54416 4023 11652    718 2016  1  1    -44     82   -101 0 0 0
54416 4023 11652    718 2016  1  2    -27    127    -94 0 0 0
54416 4023 11652    718 2016  1  3    -45     88    -96 0 0 0
54416 4023 11652    718 2016  1  4    -37    115   -110 0 0 0
54416 4023 11652    718 2016  1  5    -65    112   -153 0 0 0
54416 4023 11652    718 2016  1  6    -55    123   -147 0 0 0
54416 4023 11652    718 2016  1  7    -59    102   -132 0 0 0
54416 4023 11652    718 2016  1  8    -59    107   -116 0 0 0
54416 4023 11652    718 2016  1  9    -67    121   -152 0 0 0
54416 4023 11652    718 2016  1 10    -45    119   -128 0 0 0
54416 4023 11652    718 2016  1 11    -67     66   -132 0 0 0
54416 4023 11652    718 2016  1 12    -80     96   -149 0 0 0
54416 4023 11652    718 2016  1 13    -79    117   -168 0 0 0
54416 4023 11652    718 2016  1 14    -61    115   -148 0 0 0
54416 4023 11652    718 2016  1 15    -44    146   -143 0 0 0
54416 4023 11652    718 2016  1 16    -27     66    -89 0 0 0
54416 4023 11652    718 2016  1 17    -60     -4   -123 0 0 0
54416 4023 11652    718 2016  1 18   -104      5   -164 0 0 0
54416 4023 11652    718 2016  1 19   -103     80   -191 0 0 0
54416 4023 11652    718 2016  1 20    -74    113   -154 0 0 0
54416 4023 11652    718 2016  1 21    -54     59   -139 0 0 0
54416 4023 11652    718 2016  1 22    -96     43   -156 0 0 0
54416 4023 11652    718 2016  1 23   -146      5   -218 0 0 0
54416 4023 11652    718 2016  1 24   -120     80   -204 0 0 0
54416 4023 11652    718 2016  1 25    -76    125   -171 0 0 0
54416 4023 11652    718 2016  1 26    -80    138   -177 0 0 0
54416 4023 11652    718 2016  1 27    -72    140   -173 0 0 0
54416 4023 11652    718 2016  1 28    -51    126   -129 0 0 0
54416 4023 11652    718 2016  1 29    -80     68   -153 0 0 0
54416 4023 11652    718 2016  1 30    -65    118   -142 0 0 0
54416 4023 11652    718 2016  1 31    -69    162   -180 0 0 0
54416 4023 11652    718 2016  2  1    -58    173   -170 0 0 0
54416 4023 11652    718 2016  2  2    -55    189   -157 0 0 0
54416 4023 11652    718 2016  2  3    -45    152   -143 0 0 0
54416 4023 11652    718 2016  2  4    -12    149   -107 0 0 0
54416 4023 11652    718 2016  2  5    -25    180   -135 0 0 0
54416 4023 11652    718 2016  2  6    -27    190   -133 0 0 0
54416 4023 11652    718 2016  2  7    -22    181   -131 0 0 0
54416 4023 11652    718 2016  2  8      1    212   -110 0 0 0
54416 4023 11652    718 2016  2  9      7    191    -89 0 0 0
54416 4023 11652    718 2016  2 10      2    158    -82 0 0 0
54416 4023 11652    718 2016  2 11     -1     60    -29 0 0 0
54416 4023 11652    718 2016  2 12     25    210    -62 0 0 0
54416 4023 11652    718 2016  2 13     13     94    -21 0 0 0
54416 4023 11652    718 2016  2 14    -30     72    -89 0 0 0
54416 4023 11652    718 2016  2 15    -17    114   -115 0 0 0
54416 4023 11652    718 2016  2 16      2    136    -90 0 0 0
54416 4023 11652    718 2016  2 17     13    159    -74 0 0 0
54416 4023 11652    718 2016  2 18     20    175    -54 0 0 0
54416 4023 11652    718 2016  2 19     15    142    -33 0 0 0
54416 4023 11652    718 2016  2 20    -12    154   -112 0 0 0
54416 4023 11652    718 2016  2 21    -12    165   -113 0 0 0
54416 4023 11652    718 2016  2 22     11    204    -88 0 0 0
54416 4023 11652    718 2016  2 23      1    181   -112 0 0 0
54416 4023 11652    718 2016  2 24     -1    203   -123 0 0 0
54416 4023 11652    718 2016  2 25     -3    189   -116 0 0 0
54416 4023 11652    718 2016  2 26     12    206   -113 0 0 0
54416 4023 11652    718 2016  2 27     33    242    -75 0 0 0
54416 4023 11652    718 2016  2 28      6    234    -71 0 0 0
54416 4023 11652    718 2016  2 29     17    204    -88 0 0 0
54416 4023 11652    718 2016  3  1     30    225    -72 0 0 0
54416 4023 11652    718 2016  3  2     58    286    -56 0 0 0
54416 4023 11652    718 2016  3  3     40    220    -24 0 0 0
54416 4023 11652    718 2016  3  4     13     53    -17 0 0 0
54416 4023 11652    718 2016  3  5     56    219    -14 0 0 0
54416 4023 11652    718 2016  3  6     17    124    -37 0 0 0
54416 4023 11652    718 2016  3  7     46    221    -50 0 0 0
54416 4023 11652    718 2016  3  8     35    198    -52 0 0 0
54416 4023 11652    718 2016  3  9     20    204    -64 0 0 0
54416 4023 11652    718 2016  3 10     34    231    -88 0 0 0
54416 4023 11652    718 2016  3 11     41    249    -78 0 0 0
54416 4023 11652    718 2016  3 12     16    166    -66 0 0 0
54416 4023 11652    718 2016  3 13     60    278    -59 0 0 0
54416 4023 11652    718 2016  3 14     78    306    -53 0 0 0
54416 4023 11652    718 2016  3 15     51    203    -17 0 0 0
54416 4023 11652    718 2016  3 16     76    267    -30 0 0 0
54416 4023 11652    718 2016  3 17     85    281    -20 0 0 0
54416 4023 11652    718 2016  3 18    118    328     -4 0 0 0
54416 4023 11652    718 2016  3 19    102    287    -23 0 0 0
54416 4023 11652    718 2016  3 20    128    410    -32 0 0 0
54416 4023 11652    718 2016  3 21    123    371    -28 0 0 0
54416 4023 11652    718 2016  3 22    142    308     61 0 0 0
54416 4023 11652    718 2016  3 23    132    339     -2 0 0 0
54416 4023 11652    718 2016  3 24    114    380    -59 0 0 0
54416 4023 11652    718 2016  3 25    114    384    -52 0 0 0
54416 4023 11652    718 2016  3 26    144    420    -45 0 0 0
54416 4023 11652    718 2016  3 27    158    451    -39 0 0 0
54416 4023 11652    718 2016  3 28    132    324    -11 0 0 0
54416 4023 11652    718 2016  3 29    162    453    -18 0 0 0
54416 4023 11652    718 2016  3 30    175    438      1 0 0 0
54416 4023 11652    718 2016  3 31    161    364     22 0 0 0
54416 4023 11652    718 2016  4  1    214    457     77 0 0 0
54416 4023 11652    718 2016  4  2    212    433     88 0 0 0
54416 4023 11652    718 2016  4  3    205    469     40 0 0 0
54416 4023 11652    718 2016  4  4    185    447      4 0 0 0
54416 4023 11652    718 2016  4  5    188    445     33 0 0 0
54416 4023 11652    718 2016  4  6    163    333     37 0 0 0
54416 4023 11652    718 2016  4  7    197    481     53 0 0 0
54416 4023 11652    718 2016  4  8    186    469    -22 0 0 0
54416 4023 11652    718 2016  4  9    206    512     20 0 0 0
54416 4023 11652    718 2016  4 10    187    456     20 0 0 0
54416 4023 11652    718 2016  4 11    166    400     12 0 0 0
54416 4023 11652    718 2016  4 12    140    305     51 0 0 0
54416 4023 11652    718 2016  4 13    147    311     46 0 0 0
54416 4023 11652    718 2016  4 14    197    451     52 0 0 0
54416 4023 11652    718 2016  4 15    186    365     40 0 0 0
54416 4023 11652    718 2016  4 16    180    338    112 0 0 0
54416 4023 11652    718 2016  4 17    206    488     15 0 0 0
54416 4023 11652    718 2016  4 18    226    511     19 0 0 0
54416 4023 11652    718 2016  4 19    135    343     37 0 0 0
54416 4023 11652    718 2016  4 20    227    501     58 0 0 0
54416 4023 11652    718 2016  4 21    241    495     44 0 0 0
54416 4023 11652    718 2016  4 22    244    510     53 0 0 0
54416 4023 11652    718 2016  4 23    232    496     36 0 0 0
54416 4023 11652    718 2016  4 24    233    481     23 0 0 0
54416 4023 11652    718 2016  4 25    265    501    118 0 0 0
54416 4023 11652    718 2016  4 26    231    471    115 0 0 0
54416 4023 11652    718 2016  4 27    153    244    100 0 0 0
54416 4023 11652    718 2016  4 28    247    489     52 0 0 0
54416 4023 11652    718 2016  4 29    238    459    114 0 0 0
54416 4023 11652    718 2016  4 30    270    513    102 0 0 0
54416 4023 11652    718 2016  5  1    259    470    161 0 0 0
54416 4023 11652    718 2016  5  2    143    233    106 0 0 0
54416 4023 11652    718 2016  5  3    194    334     49 0 0 0
54416 4023 11652    718 2016  5  4    199    446     42 0 0 0
54416 4023 11652    718 2016  5  5    230    453    121 0 0 0
54416 4023 11652    718 2016  5  6    268    502     81 0 0 0
54416 4023 11652    718 2016  5  7    271    534     51 0 0 0
54416 4023 11652    718 2016  5  8    260    481     68 0 0 0
54416 4023 11652    718 2016  5  9    164    378    118 0 0 0
54416 4023 11652    718 2016  5 10    273    571     64 0 0 0
54416 4023 11652    718 2016  5 11    252    407    154 0 0 0
54416 4023 11652    718 2016  5 12    168    267    115 0 0 0
54416 4023 11652    718 2016  5 13    180    324     45 0 0 0
54416 4023 11652    718 2016  5 14    146    177    121 0 0 0
54416 4023 11652    718 2016  5 15    171    348     87 0 0 0
54416 4023 11652    718 2016  5 16    236    468     53 0 0 0
54416 4023 11652    718 2016  5 17    277    508     95 0 0 0
54416 4023 11652    718 2016  5 18    304    504    134 0 0 0
54416 4023 11652    718 2016  5 19    289    508    140 0 0 0
54416 4023 11652    718 2016  5 20    291    563    127 0 0 0
54416 4023 11652    718 2016  5 21    296    580    124 0 0 0
54416 4023 11652    718 2016  5 22    303    574    136 0 0 0
54416 4023 11652    718 2016  5 23    233    455    174 0 0 0
54416 4023 11652    718 2016  5 24    236    420     97 0 0 0
54416 4023 11652    718 2016  5 25    231    414    109 0 0 0
54416 4023 11652    718 2016  5 26    294    557    107 0 0 0
54416 4023 11652    718 2016  5 27    283    536    125 0 0 0
54416 4023 11652    718 2016  5 28    310    574    111 0 0 0
54416 4023 11652    718 2016  5 29    325    588    135 0 0 0
54416 4023 11652    718 2016  5 30    326    580    141 0 0 0
54416 4023 11652    718 2016  5 31    273    480    194 0 0 0
54416 4023 11652    718 2016  6  1    319    583    176 0 0 0
54416 4023 11652    718 2016  6  2    326    604    122 0 0 0
54416 4023 11652    718 2016  6  3    291    577    143 0 0 0
54416 4023 11652    718 2016  6  4    345    590    188 0 0 0
54416 4023 11652    718 2016  6  5    320    563    154 0 0 0
54416 4023 11652    718 2016  6  6    316    581    149 0 0 0
54416 4023 11652    718 2016  6  7    310    567    173 0 0 0
54416 4023 11652    718 2016  6  8    333    635    162 0 0 0
54416 4023 11652    718 2016  6  9    336    573    166 0 0 0
54416 4023 11652    718 2016  6 10    271    439    197 0 0 0
54416 4023 11652    718 2016  6 11    307    560    137 0 0 0
54416 4023 11652    718 2016  6 12    326    575    172 0 0 0
54416 4023 11652    718 2016  6 13    205    279    191 0 0 0
54416 4023 11652    718 2016  6 14    194    305    170 0 0 0
54416 4023 11652    718 2016  6 15    278    488    140 0 0 0
54416 4023 11652    718 2016  6 16    309    583    146 0 0 0
54416 4023 11652    718 2016  6 17    258    443    182 0 0 0
54416 4023 11652    718 2016  6 18    334    587    148 0 0 0
54416 4023 11652    718 2016  6 19    348    628    175 0 0 0
54416 4023 11652    718 2016  6 20    352    580    215 0 0 0
54416 4023 11652    718 2016  6 21    326    553    209 0 0 0
54416 4023 11652    718 2016  6 22    297    458    201 0 0 0
54416 4023 11652    718 2016  6 23    318    519    229 0 0 0
54416 4023 11652    718 2016  6 24    302    567    136 0 0 0
54416 4023 11652    718 2016  6 25    342    608    136 0 0 0
54416 4023 11652    718 2016  6 26    363    600    186 0 0 0
54416 4023 11652    718 2016  6 27    313    547    212 0 0 0
54416 4023 11652    718 2016  6 28    207    302    192 0 0 0
54416 4023 11652    718 2016  6 29    251    399    199 0 0 0
54416 4023 11652    718 2016  6 30    269    412    177 0 0 0
54416 4023 11652    718 2016  7  1    283    475    166 0 0 0
54416 4023 11652    718 2016  7  2    318    541    173 0 0 0
54416 4023 11652    718 2016  7  3    300    543    189 0 0 0
54416 4023 11652    718 2016  7  4    329    530    220 0 0 0
54416 4023 11652    718 2016  7  5    346    579    195 0 0 0
54416 4023 11652    718 2016  7  6    353    603    191 0 0 0
54416 4023 11652    718 2016  7  7    361    607    203 0 0 0
54416 4023 11652    718 2016  7  8    353    544    243 0 0 0
54416 4023 11652    718 2016  7  9    386    617    232 0 0 0
54416 4023 11652    718 2016  7 10    390    634    239 0 0 0
54416 4023 11652    718 2016  7 11    372    600    244 0 0 0
54416 4023 11652    718 2016  7 12    272    325    231 0 0 0
54416 4023 11652    718 2016  7 13    363    643    186 0 0 0
54416 4023 11652    718 2016  7 14    304    464    222 0 0 0
54416 4023 11652    718 2016  7 15    221    247    210 0 0 0
54416 4023 11652    718 2016  7 16    236    315    197 0 0 0
54416 4023 11652    718 2016  7 17    311    532    205 0 0 0
54416 4023 11652    718 2016  7 18    306    472    211 0 0 0
54416 4023 11652    718 2016  7 19    262    377    225 0 0 0
54416 4023 11652    718 2016  7 20    220    240    213 0 0 0
54416 4023 11652    718 2016  7 21    248    345    213 0 0 0
54416 4023 11652    718 2016  7 22    284    389    231 0 0 0
54416 4023 11652    718 2016  7 23    301    422    253 0 0 0
54416 4023 11652    718 2016  7 24    306    425    236 0 0 0
54416 4023 11652    718 2016  7 25    285    368    241 0 0 0
54416 4023 11652    718 2016  7 26    293    436    196 0 0 0
54416 4023 11652    718 2016  7 27    313    447    207 0 0 0
54416 4023 11652    718 2016  7 28    294    404    203 0 0 0
54416 4023 11652    718 2016  7 29    302    409    240 0 0 0
54416 4023 11652    718 2016  7 30    270    369    245 0 0 0
54416 4023 11652    718 2016  7 31    267    371    216 0 0 0
54416 4023 11652    718 2016  8  1    299    426    241 0 0 0
54416 4023 11652    718 2016  8  2    310    435    218 0 0 0
54416 4023 11652    718 2016  8  3    315    458    228 0 0 0
54416 4023 11652    718 2016  8  4    320    460    244 0 0 0
54416 4023 11652    718 2016  8  5    341    532    241 0 0 0
54416 4023 11652    718 2016  8  6    324    530    252 0 0 0
54416 4023 11652    718 2016  8  7    286    426    230 0 0 0
54416 4023 11652    718 2016  8  8    294    421    209 0 0 0
54416 4023 11652    718 2016  8  9    293    414    197 0 0 0
54416 4023 11652    718 2016  8 10    301    398    240 0 0 0
54416 4023 11652    718 2016  8 11    328    487    257 0 0 0
54416 4023 11652    718 2016  8 12    258    358    243 0 0 0
54416 4023 11652    718 2016  8 13    275    339    221 0 0 0
54416 4023 11652    718 2016  8 14    304    445    193 0 0 0
54416 4023 11652    718 2016  8 15    254    357    218 0 0 0
54416 4023 11652    718 2016  8 16    288    441    173 0 0 0
54416 4023 11652    718 2016  8 17    263    330    219 0 0 0
54416 4023 11652    718 2016  8 18    237    255    230 0 0 0
54416 4023 11652    718 2016  8 19    289    402    210 0 0 0
54416 4023 11652    718 2016  8 20    304    445    212 0 0 0
54416 4023 11652    718 2016  8 21    334    535    208 0 0 0
54416 4023 11652    718 2016  8 22    328    528    225 0 0 0
54416 4023 11652    718 2016  8 23    279    406    220 0 0 0
54416 4023 11652    718 2016  8 24    333    580    207 0 0 0
54416 4023 11652    718 2016  8 25    299    518    197 0 0 0
54416 4023 11652    718 2016  8 26    293    562    113 0 0 0
54416 4023 11652    718 2016  8 27    289    585    121 0 0 0
54416 4023 11652    718 2016  8 28    306    569    124 0 0 0
54416 4023 11652    718 2016  8 29    314    588    134 0 0 0
54416 4023 11652    718 2016  8 30    309    564    160 0 0 0
54416 4023 11652    718 2016  8 31    321    600    130 0 0 0
54416 4023 11652    718 2016  9  1    264    448    180 0 0 0
54416 4023 11652    718 2016  9  2    263    455    193 0 0 0
54416 4023 11652    718 2016  9  3    326    548    180 0 0 0
54416 4023 11652    718 2016  9  4    279    514    202 0 0 0
54416 4023 11652    718 2016  9  5    254    377    162 0 0 0
54416 4023 11652    718 2016  9  6    235    359    164 0 0 0
54416 4023 11652    718 2016  9  7    254    373    191 0 0 0
54416 4023 11652    718 2016  9  8    258    434    154 0 0 0
54416 4023 11652    718 2016  9  9    277    460    154 0 0 0
54416 4023 11652    718 2016  9 10    275    478    136 0 0 0
54416 4023 11652    718 2016  9 11    225    341    175 0 0 0
54416 4023 11652    718 2016  9 12    240    368    154 0 0 0
54416 4023 11652    718 2016  9 13    234    325    179 0 0 0
54416 4023 11652    718 2016  9 14    242    341    183 0 0 0
54416 4023 11652    718 2016  9 15    252    385    169 0 0 0
54416 4023 11652    718 2016  9 16    248    375    192 0 0 0
54416 4023 11652    718 2016  9 17    202    240    174 0 0 0
54416 4023 11652    718 2016  9 18    195    282    155 0 0 0
54416 4023 11652    718 2016  9 19    195    315    102 0 0 0
54416 4023 11652    718 2016  9 20    196    370     99 0 0 0
54416 4023 11652    718 2016  9 21    174    265    122 0 0 0
54416 4023 11652    718 2016  9 22    203    316    134 0 0 0
54416 4023 11652    718 2016  9 23    230    380    142 0 0 0
54416 4023 11652    718 2016  9 24    232    338    157 0 0 0
54416 4023 11652    718 2016  9 25    220    296    165 0 0 0
54416 4023 11652    718 2016  9 26    204    260    183 0 0 0
54416 4023 11652    718 2016  9 27    170    257    122 0 0 0
54416 4023 11652    718 2016  9 28    169    336     51 0 0 0
54416 4023 11652    718 2016  9 29    166    324     57 0 0 0
54416 4023 11652    718 2016  9 30    185    353     88 0 0 0
54416 4023 11652    718 2016 10  1    197    347    119 0 0 0
54416 4023 11652    718 2016 10  2    205    340    122 0 0 0
54416 4023 11652    718 2016 10  3    229    389    176 0 0 0
54416 4023 11652    718 2016 10  4    160    196    145 0 0 0
54416 4023 11652    718 2016 10  5    164    291     88 0 0 0
54416 4023 11652    718 2016 10  6    138    188    102 0 0 0
54416 4023 11652    718 2016 10  7    135    158    125 0 0 0
54416 4023 11652    718 2016 10  8    117    258     32 0 0 0
54416 4023 11652    718 2016 10  9     99    259     26 0 0 0
54416 4023 11652    718 2016 10 10    120    275     29 0 0 0
54416 4023 11652    718 2016 10 11    144    326     44 0 0 0
54416 4023 11652    718 2016 10 12    156    241     97 0 0 0
54416 4023 11652    718 2016 10 13    180    315    130 0 0 0
54416 4023 11652    718 2016 10 14    167    292    108 0 0 0
54416 4023 11652    718 2016 10 15    141    243     78 0 0 0
54416 4023 11652    718 2016 10 16    155    225    134 0 0 0
54416 4023 11652    718 2016 10 17    153    312     67 0 0 0
54416 4023 11652    718 2016 10 18    161    244     99 0 0 0
54416 4023 11652    718 2016 10 19    182    279    146 0 0 0
54416 4023 11652    718 2016 10 20    139    176    112 0 0 0
54416 4023 11652    718 2016 10 21    119    143    111 0 0 0
54416 4023 11652    718 2016 10 22    106    196     72 0 0 0
54416 4023 11652    718 2016 10 23    127    271     23 0 0 0
54416 4023 11652    718 2016 10 24     89    197     27 0 0 0
54416 4023 11652    718 2016 10 25    109    274     16 0 0 0
54416 4023 11652    718 2016 10 26    122    258     56 0 0 0
54416 4023 11652    718 2016 10 27     87    116     76 0 0 0
54416 4023 11652    718 2016 10 28    100    221     18 0 0 0
54416 4023 11652    718 2016 10 29     53    192    -13 0 0 0
54416 4023 11652    718 2016 10 30     52    246     -5 0 0 0
54416 4023 11652    718 2016 10 31     43    191    -27 0 0 0
54416 4023 11652    718 2016 11  1     18    161    -36 0 0 0
54416 4023 11652    718 2016 11  2     36    184    -23 0 0 0
54416 4023 11652    718 2016 11  3     44    181    -15 0 0 0
54416 4023 11652    718 2016 11  4     59    181     -8 0 0 0
54416 4023 11652    718 2016 11  5     94    294     28 0 0 0
54416 4023 11652    718 2016 11  6     73    215     28 0 0 0
54416 4023 11652    718 2016 11  7    103    294     31 0 0 0
54416 4023 11652    718 2016 11  8     54    245    -24 0 0 0
54416 4023 11652    718 2016 11  9     24    125    -23 0 0 0
54416 4023 11652    718 2016 11 10     50    131     -3 0 0 0
54416 4023 11652    718 2016 11 11     32    168    -21 0 0 0
54416 4023 11652    718 2016 11 12     54    216    -17 0 0 0
54416 4023 11652    718 2016 11 13     77    119     31 0 0 0
54416 4023 11652    718 2016 11 14     73    238      0 0 0 0
54416 4023 11652    718 2016 11 15     38    217    -30 0 0 0
54416 4023 11652    718 2016 11 16     46    195    -15 0 0 0
54416 4023 11652    718 2016 11 17     35     99    -15 0 0 0
54416 4023 11652    718 2016 11 18     62     90     48 0 0 0
54416 4023 11652    718 2016 11 19     88    246     14 0 0 0
54416 4023 11652    718 2016 11 20     32     61      7 0 0 0
54416 4023 11652    718 2016 11 21      3     52    -22 0 0 0
54416 4023 11652    718 2016 11 22    -23     30    -52 0 0 0
54416 4023 11652    718 2016 11 23    -17     54    -55 0 0 0
54416 4023 11652    718 2016 11 24    -17     73    -67 0 0 0
54416 4023 11652    718 2016 11 25    -15     53    -62 0 0 0
54416 4023 11652    718 2016 11 26      1     84    -44 0 0 0
54416 4023 11652    718 2016 11 27      3    105    -60 0 0 0
54416 4023 11652    718 2016 11 28      0    125    -62 0 0 0
54416 4023 11652    718 2016 11 29    -10     59    -51 0 0 0
54416 4023 11652    718 2016 11 30     24    128    -18 0 0 0
54416 4023 11652    718 2016 12  1      2    126    -53 0 0 0
54416 4023 11652    718 2016 12  2      3    120    -51 0 0 0
54416 4023 11652    718 2016 12  3      2     71    -32 0 0 0
54416 4023 11652    718 2016 12  4      7     77    -26 0 0 0
54416 4023 11652    718 2016 12  5     17    116    -22 0 0 0
54416 4023 11652    718 2016 12  6    -10     87    -71 0 0 0
54416 4023 11652    718 2016 12  7     -2    108    -61 0 0 0
54416 4023 11652    718 2016 12  8     12    100    -30 0 0 0
54416 4023 11652    718 2016 12  9     -9     90    -66 0 0 0
54416 4023 11652    718 2016 12 10    -21    119    -90 0 0 0
54416 4023 11652    718 2016 12 11    -21     53    -83 0 0 0
54416 4023 11652    718 2016 12 12     11     84    -26 0 0 0
54416 4023 11652    718 2016 12 13    -14    112    -46 0 0 0
54416 4023 11652    718 2016 12 14    -30    123    -94 0 0 0
54416 4023 11652    718 2016 12 15    -26    135   -107 0 0 0
54416 4023 11652    718 2016 12 16    -29    137   -103 0 0 0
54416 4023 11652    718 2016 12 17    -25    149    -89 0 0 0
54416 4023 11652    718 2016 12 18    -14    141    -89 0 0 0
54416 4023 11652    718 2016 12 19     -7    171    -88 0 0 0
54416 4023 11652    718 2016 12 20    -23    145    -85 0 0 0
54416 4023 11652    718 2016 12 21     -2     68    -28 0 0 0
54416 4023 11652    718 2016 12 22     18    151    -42 0 0 0
54416 4023 11652    718 2016 12 23    -22    139    -92 0 0 0
54416 4023 11652    718 2016 12 24    -42     87   -104 0 0 0
54416 4023 11652    718 2016 12 25    -31     33    -91 0 0 0
54416 4023 11652    718 2016 12 26     -9     95    -61 0 0 0
54416 4023 11652    718 2016 12 27    -37    144   -125 0 0 0
54416 4023 11652    718 2016 12 28    -44    132   -107 0 0 0
54416 4023 11652    718 2016 12 29    -60    149   -148 0 0 0
54416 4023 11652    718 2016 12 30    -71    110   -141 0 0 0
54416 4023 11652    718 2016 12 31    -42    132   -126 0 0 0
54416 4023 11652    718 2017  1  1    -58    103   -126 0 0 0
54416 4023 11652    718 2017  1  2    -30    197   -137 0 0 0
54416 4023 11652    718 2017  1  3    -21    182   -108 0 0 0
54416 4023 11652    718 2017  1  4    -26    153   -102 0 0 0
54416 4023 11652    718 2017  1  5      4    123    -73 0 0 0
54416 4023 11652    718 2017  1  6     -7    110    -77 0 0 0
54416 4023 11652    718 2017  1  7     -4     30    -69 0 0 0
54416 4023 11652    718 2017  1  8      7    147    -62 0 0 0
54416 4023 11652    718 2017  1  9    -14    157    -98 0 0 0
54416 4023 11652    718 2017  1 10    -44    157   -135 0 0 0
54416 4023 11652    718 2017  1 11    -42    164   -136 0 0 0
54416 4023 11652    718 2017  1 12    -24    170   -134 0 0 0
54416 4023 11652    718 2017  1 13    -11    153    -87 0 0 0
54416 4023 11652    718 2017  1 14    -41    149   -143 0 0 0
54416 4023 11652    718 2017  1 15    -11     95    -99 0 0 0
54416 4023 11652    718 2017  1 16    -26     75    -47 0 0 0
54416 4023 11652    718 2017  1 17    -15    111    -85 0 0 0
54416 4023 11652    718 2017  1 18    -43    143   -126 0 0 0
54416 4023 11652    718 2017  1 19    -29    135    -99 0 0 0
54416 4023 11652    718 2017  1 20    -69    129   -141 0 0 0
54416 4023 11652    718 2017  1 21    -75    148   -175 0 0 0
54416 4023 11652    718 2017  1 22    -71    157   -166 0 0 0
54416 4023 11652    718 2017  1 23    -70    184   -176 0 0 0
54416 4023 11652    718 2017  1 24    -54    176   -162 0 0 0
54416 4023 11652    718 2017  1 25    -45    147   -137 0 0 0
54416 4023 11652    718 2017  1 26    -13    162   -101 0 0 0
54416 4023 11652    718 2017  1 27    -72    171   -153 0 0 0
54416 4023 11652    718 2017  1 28    -28    110   -106 0 0 0
54416 4023 11652    718 2017  1 29    -40     91    -85 0 0 0
54416 4023 11652    718 2017  1 30    -55    170   -181 0 0 0
54416 4023 11652    718 2017  1 31    -29    199   -113 0 0 0
54416 4023 11652    718 2017  2  1    -26    205   -117 0 0 0
54416 4023 11652    718 2017  2  2    -32    211   -150 0 0 0
54416 4023 11652    718 2017  2  3    -20    192   -120 0 0 0
54416 4023 11652    718 2017  2  4     -2    194    -91 0 0 0
54416 4023 11652    718 2017  2  5     -2    226   -127 0 0 0
54416 4023 11652    718 2017  2  6      0    218    -92 0 0 0
54416 4023 11652    718 2017  2  7    -20    113    -80 0 0 0
54416 4023 11652    718 2017  2  8     -8    183    -97 0 0 0
54416 4023 11652    718 2017  2  9    -18    180   -128 0 0 0
54416 4023 11652    718 2017  2 10     -6    218   -128 0 0 0
54416 4023 11652    718 2017  2 11    -16    249   -145 0 0 0
54416 4023 11652    718 2017  2 12     10    279   -108 0 0 0
54416 4023 11652    718 2017  2 13     26    298    -90 0 0 0
54416 4023 11652    718 2017  2 14    -15    159   -103 0 0 0
54416 4023 11652    718 2017  2 15      3    192    -84 0 0 0
54416 4023 11652    718 2017  2 16     24    119    -47 0 0 0
54416 4023 11652    718 2017  2 17     -6    247   -114 0 0 0
54416 4023 11652    718 2017  2 18     28    271   -102 0 0 0
54416 4023 11652    718 2017  2 19     65    308    -48 0 0 0
54416 4023 11652    718 2017  2 20      9    231    -80 0 0 0
54416 4023 11652    718 2017  2 21    -22     84    -89 0 0 0
54416 4023 11652    718 2017  2 22      7    109    -29 0 0 0
54416 4023 11652    718 2017  2 23     16    230    -93 0 0 0
54416 4023 11652    718 2017  2 24     33    273    -86 0 0 0
54416 4023 11652    718 2017  2 25     56    311    -78 0 0 0
54416 4023 11652    718 2017  2 26     54    286    -67 0 0 0
54416 4023 11652    718 2017  2 27     63    279    -57 0 0 0
54416 4023 11652    718 2017  2 28     60    316    -38 0 0 0
54416 4023 11652    718 2017  3  1     57    228    -32 0 0 0
54416 4023 11652    718 2017  3  2     47    262    -74 0 0 0
54416 4023 11652    718 2017  3  3     75    311    -40 0 0 0
54416 4023 11652    718 2017  3  4     55    251    -40 0 0 0
54416 4023 11652    718 2017  3  5     58    275    -19 0 0 0
54416 4023 11652    718 2017  3  6     25    205    -44 0 0 0
54416 4023 11652    718 2017  3  7     43    239    -65 0 0 0
54416 4023 11652    718 2017  3  8     55    292    -46 0 0 0
54416 4023 11652    718 2017  3  9     81    326    -52 0 0 0
54416 4023 11652    718 2017  3 10     99    353    -39 0 0 0
54416 4023 11652    718 2017  3 11    123    356     12 0 0 0
54416 4023 11652    718 2017  3 12    109    305     -4 0 0 0
54416 4023 11652    718 2017  3 13     92    352    -49 0 0 0
54416 4023 11652    718 2017  3 14    106    375    -48 0 0 0
54416 4023 11652    718 2017  3 15     87    316    -43 0 0 0
54416 4023 11652    718 2017  3 16     88    318    -32 0 0 0
54416 4023 11652    718 2017  3 17    111    312     -6 0 0 0
54416 4023 11652    718 2017  3 18    128    368    -15 0 0 0
54416 4023 11652    718 2017  3 19    125    315      0 0 0 0
54416 4023 11652    718 2017  3 20     66    132     50 0 0 0
54416 4023 11652    718 2017  3 21    109    322     -8 0 0 0
54416 4023 11652    718 2017  3 22     89    262    -10 0 0 0
54416 4023 11652    718 2017  3 23     69    145     56 0 0 0
54416 4023 11652    718 2017  3 24     47     77     19 0 0 0
54416 4023 11652    718 2017  3 25    101    285      8 0 0 0
54416 4023 11652    718 2017  3 26    106    307     -6 0 0 0
54416 4023 11652    718 2017  3 27    105    334    -20 0 0 0
54416 4023 11652    718 2017  3 28    117    328      5 0 0 0
54416 4023 11652    718 2017  3 29    138    352      3 0 0 0
54416 4023 11652    718 2017  3 30    150    325     49 0 0 0
54416 4023 11652    718 2017  3 31    160    397     15 0 0 0
54416 4023 11652    718 2017  4  1    170    432     -8 0 0 0
54416 4023 11652    718 2017  4  2    165    443     17 0 0 0
54416 4023 11652    718 2017  4  3    172    407     23 0 0 0
54416 4023 11652    718 2017  4  4    151    252     76 0 0 0
54416 4023 11652    718 2017  4  5    180    392     64 0 0 0
54416 4023 11652    718 2017  4  6    217    457     93 0 0 0
54416 4023 11652    718 2017  4  7    177    334    116 0 0 0
54416 4023 11652    718 2017  4  8    159    297    102 0 0 0
54416 4023 11652    718 2017  4  9    169    401     10 0 0 0
54416 4023 11652    718 2017  4 10    181    387     63 0 0 0
54416 4023 11652    718 2017  4 11    185    456     55 0 0 0
54416 4023 11652    718 2017  4 12    165    479      4 0 0 0
54416 4023 11652    718 2017  4 13    165    447     17 0 0 0
54416 4023 11652    718 2017  4 14    209    495     33 0 0 0
54416 4023 11652    718 2017  4 15    248    516     40 0 0 0
54416 4023 11652    718 2017  4 16    213    410     86 0 0 0
54416 4023 11652    718 2017  4 17    209    447     66 0 0 0
54416 4023 11652    718 2017  4 18    226    496     63 0 0 0
54416 4023 11652    718 2017  4 19    140    241     73 0 0 0
54416 4023 11652    718 2017  4 20    197    490      6 0 0 0
54416 4023 11652    718 2017  4 21    232    515     50 0 0 0
54416 4023 11652    718 2017  4 22    239    503     23 0 0 0
54416 4023 11652    718 2017  4 23    254    536     82 0 0 0
54416 4023 11652    718 2017  4 24    236    505     43 0 0 0
54416 4023 11652    718 2017  4 25    165    422     21 0 0 0
54416 4023 11652    718 2017  4 26    226    517      6 0 0 0
54416 4023 11652    718 2017  4 27    248    562     12 0 0 0
54416 4023 11652    718 2017  4 28    265    567     54 0 0 0
54416 4023 11652    718 2017  4 29    281    584     81 0 0 0
54416 4023 11652    718 2017  4 30    290    548    113 0 0 0
54416 4023 11652    718 2017  5  1    265    540     81 0 0 0
54416 4023 11652    718 2017  5  2    284    558     95 0 0 0
54416 4023 11652    718 2017  5  3    244    404    139 0 0 0
54416 4023 11652    718 2017  5  4    245    466    134 0 0 0
54416 4023 11652    718 2017  5  5    211    468    104 0 0 0
54416 4023 11652    718 2017  5  6    250    544     45 0 0 0
54416 4023 11652    718 2017  5  7    289    588     60 0 0 0
54416 4023 11652    718 2017  5  8    274    549    112 0 0 0
54416 4023 11652    718 2017  5  9    283    539    120 0 0 0
54416 4023 11652    718 2017  5 10    313    617    118 0 0 0
54416 4023 11652    718 2017  5 11    296    581    102 0 0 0
54416 4023 11652    718 2017  5 12    275    539     54 0 0 0
54416 4023 11652    718 2017  5 13    284    564     85 0 0 0
54416 4023 11652    718 2017  5 14    301    564    119 0 0 0
54416 4023 11652    718 2017  5 15    302    598     69 0 0 0
54416 4023 11652    718 2017  5 16    309    597    128 0 0 0
54416 4023 11652    718 2017  5 17    336    603    135 0 0 0
54416 4023 11652    718 2017  5 18    350    608    158 0 0 0
54416 4023 11652    718 2017  5 19    362    621    188 0 0 0
54416 4023 11652    718 2017  5 20    365    628    163 0 0 0
54416 4023 11652    718 2017  5 21    337    582    174 0 0 0
54416 4023 11652    718 2017  5 22    187    248    157 0 0 0
54416 4023 11652    718 2017  5 23    256    453     94 0 0 0
54416 4023 11652    718 2017  5 24    293    548    117 0 0 0
54416 4023 11652    718 2017  5 25    312    573    130 0 0 0
54416 4023 11652    718 2017  5 26    302    537    128 0 0 0
54416 4023 11652    718 2017  5 27    328    574    142 0 0 0
54416 4023 11652    718 2017  5 28    349    607    175 0 0 0
54416 4023 11652    718 2017  5 29    314    518    207 0 0 0
54416 4023 11652    718 2017  5 30    275    508    176 0 0 0
54416 4023 11652    718 2017  5 31    333    585    141 0 0 0
54416 4023 11652    718 2017  6  1    332    622    122 0 0 0
54416 4023 11652    718 2017  6  2    265    510    157 0 0 0
54416 4023 11652    718 2017  6  3    309    603     97 0 0 0
54416 4023 11652    718 2017  6  4    336    631    114 0 0 0
54416 4023 11652    718 2017  6  5    293    579    157 0 0 0
54416 4023 11652    718 2017  6  6    185    245    166 0 0 0
54416 4023 11652    718 2017  6  7    291    555    159 0 0 0
54416 4023 11652    718 2017  6  8    284    585    123 0 0 0
54416 4023 11652    718 2017  6  9    329    647    118 0 0 0
54416 4023 11652    718 2017  6 10    304    573    163 0 0 0
54416 4023 11652    718 2017  6 11    311    593    120 0 0 0
54416 4023 11652    718 2017  6 12    310    558    135 0 0 0
54416 4023 11652    718 2017  6 13    323    577    180 0 0 0
54416 4023 11652    718 2017  6 14    361    663    136 0 0 0
54416 4023 11652    718 2017  6 15    376    680    166 0 0 0
54416 4023 11652    718 2017  6 16    373    649    160 0 0 0
54416 4023 11652    718 2017  6 17    358    598    220 0 0 0
54416 4023 11652    718 2017  6 18    353    630    197 0 0 0
54416 4023 11652    718 2017  6 19    327    671    173 0 0 0
54416 4023 11652    718 2017  6 20    298    551    165 0 0 0
54416 4023 11652    718 2017  6 21    341    557    207 0 0 0
54416 4023 11652    718 2017  6 22    227    280    208 0 0 0
54416 4023 11652    718 2017  6 23    207    264    186 0 0 0
54416 4023 11652    718 2017  6 24    231    358    187 0 0 0
54416 4023 11652    718 2017  6 25    266    414    159 0 0 0
54416 4023 11652    718 2017  6 26    282    426    172 0 0 0
54416 4023 11652    718 2017  6 27    291    408    195 0 0 0
54416 4023 11652    718 2017  6 28    288    493    200 0 0 0
54416 4023 11652    718 2017  6 29    338    527    225 0 0 0
54416 4023 11652    718 2017  6 30    351    561    217 0 0 0
