54511 3948 11628    313 2013 12  1      3    214    -88 0 0 0
54511 3948 11628    313 2013 12  2    -11    220    -83 0 0 0
54511 3948 11628    313 2013 12  3     27    240    -70 0 0 0
54511 3948 11628    313 2013 12  4      7    206    -73 0 0 0
54511 3948 11628    313 2013 12  5     39    219    -52 0 0 0
54511 3948 11628    313 2013 12  6     -3    177    -73 0 0 0
54511 3948 11628    313 2013 12  7    -15    108    -75 0 0 0
54511 3948 11628    313 2013 12  8     32    175    -38 0 0 0
54511 3948 11628    313 2013 12  9     13    178    -69 0 0 0
54511 3948 11628    313 2013 12 10    -12    147    -88 0 0 0
54511 3948 11628    313 2013 12 11     -4    163    -92 0 0 0
54511 3948 11628    313 2013 12 12    -39    124   -102 0 0 0
54511 3948 11628    313 2013 12 13    -56    130   -136 0 0 0
54511 3948 11628    313 2013 12 14    -29    152   -129 0 0 0
54511 3948 11628    313 2013 12 15    -39    140   -113 0 0 0
54511 3948 11628    313 2013 12 16    -35     79   -103 0 0 0
54511 3948 11628    313 2013 12 17    -22     87    -85 0 0 0
54511 3948 11628    313 2013 12 18    -59    119   -133 0 0 0
54511 3948 11628    313 2013 12 19    -61    126   -143 0 0 0
54511 3948 11628    313 2013 12 20    -60    129   -142 0 0 0
54511 3948 11628    313 2013 12 21    -59    130   -140 0 0 0
54511 3948 11628    313 2013 12 22    -66    106   -122 0 0 0
54511 3948 11628    313 2013 12 23    -47    152   -130 0 0 0
54511 3948 11628    313 2013 12 24    -63     73   -125 0 0 0
54511 3948 11628    313 2013 12 25    -46     88   -112 0 0 0
54511 3948 11628    313 2013 12 26    -36    104    -94 0 0 0
54511 3948 11628    313 2013 12 27    -44    147   -138 0 0 0
54511 3948 11628    313 2013 12 28    -32    139   -105 0 0 0
54511 3948 11628    313 2013 12 29    -52    146   -140 0 0 0
54511 3948 11628    313 2013 12 30    -13    167   -109 0 0 0
54511 3948 11628    313 2013 12 31     -8    168    -96 0 0 0
54511 3948 11628    313 2014  1  1    -10    203    -95 0 0 0
54511 3948 11628    313 2014  1  2     -9    160    -86 0 0 0
54511 3948 11628    313 2014  1  3     12    186    -74 0 0 0
54511 3948 11628    313 2014  1  4    -41     96    -96 0 0 0
54511 3948 11628    313 2014  1  5    -25    162   -119 0 0 0
54511 3948 11628    313 2014  1  6    -10     32    -88 0 0 0
54511 3948 11628    313 2014  1  7     -6    125    -63 0 0 0
54511 3948 11628    313 2014  1  8    -28    126    -88 0 0 0
54511 3948 11628    313 2014  1  9    -45    151   -124 0 0 0
54511 3948 11628    313 2014  1 10    -65    144   -153 0 0 0
54511 3948 11628    313 2014  1 11    -64    140   -144 0 0 0
54511 3948 11628    313 2014  1 12    -32    169   -127 0 0 0
54511 3948 11628    313 2014  1 13    -61    140   -140 0 0 0
54511 3948 11628    313 2014  1 14    -61    134   -138 0 0 0
54511 3948 11628    313 2014  1 15    -44    165   -147 0 0 0
54511 3948 11628    313 2014  1 16    -21    122    -77 0 0 0
54511 3948 11628    313 2014  1 17      6    132    -72 0 0 0
54511 3948 11628    313 2014  1 18    -41    153   -133 0 0 0
54511 3948 11628    313 2014  1 19      4    120    -87 0 0 0
54511 3948 11628    313 2014  1 20     -6    136    -73 0 0 0
54511 3948 11628    313 2014  1 21    -37    161   -136 0 0 0
54511 3948 11628    313 2014  1 22    -42    175   -134 0 0 0
54511 3948 11628    313 2014  1 23    -58    102   -113 0 0 0
54511 3948 11628    313 2014  1 24    -11    109    -90 0 0 0
54511 3948 11628    313 2014  1 25     -3    232    -95 0 0 0
54511 3948 11628    313 2014  1 26    -36    138   -101 0 0 0
54511 3948 11628    313 2014  1 27     -3    190    -98 0 0 0
54511 3948 11628    313 2014  1 28    -31    157   -123 0 0 0
54511 3948 11628    313 2014  1 29    -31    136    -99 0 0 0
54511 3948 11628    313 2014  1 30      2    227   -118 0 0 0
54511 3948 11628    313 2014  1 31    -14    100    -83 0 0 0
54511 3948 11628    313 2014  2  1     18     67      0 0 0 0
54511 3948 11628    313 2014  2  2     41    208    -44 0 0 0
54511 3948 11628    313 2014  2  3     -8    157    -80 0 0 0
54511 3948 11628    313 2014  2  4    -35    172   -127 0 0 0
54511 3948 11628    313 2014  2  5    -30    131   -118 0 0 0
54511 3948 11628    313 2014  2  6    -16    134   -102 0 0 0
54511 3948 11628    313 2014  2  7    -22     -3    -35 0 0 0
54511 3948 11628    313 2014  2  8    -22     -2    -39 0 0 0
54511 3948 11628    313 2014  2  9    -64     62    -96 0 0 0
54511 3948 11628    313 2014  2 10    -37    175   -132 0 0 0
54511 3948 11628    313 2014  2 11    -45    147   -140 0 0 0
54511 3948 11628    313 2014  2 12    -29    167   -131 0 0 0
54511 3948 11628    313 2014  2 13     -8    122    -83 0 0 0
54511 3948 11628    313 2014  2 14    -24    140   -101 0 0 0
54511 3948 11628    313 2014  2 15    -34     96    -87 0 0 0
54511 3948 11628    313 2014  2 16     -9    161    -87 0 0 0
54511 3948 11628    313 2014  2 17     18    191    -49 0 0 0
54511 3948 11628    313 2014  2 18     -8    142    -91 0 0 0
54511 3948 11628    313 2014  2 19     17    246   -104 0 0 0
54511 3948 11628    313 2014  2 20    -24    105    -86 0 0 0
54511 3948 11628    313 2014  2 21    -14     91    -84 0 0 0
54511 3948 11628    313 2014  2 22     26    135    -51 0 0 0
54511 3948 11628    313 2014  2 23     10     48     -9 0 0 0
54511 3948 11628    313 2014  2 24     34    144    -17 0 0 0
54511 3948 11628    313 2014  2 25     32    160    -44 0 0 0
54511 3948 11628    313 2014  2 26     45    165    -38 0 0 0
54511 3948 11628    313 2014  2 27     52    255    -33 0 0 0
54511 3948 11628    313 2014  2 28     30    200    -59 0 0 0
54511 3948 11628    313 2014  3  1     69    312    -51 0 0 0
54511 3948 11628    313 2014  3  2     52    271    -54 0 0 0
54511 3948 11628    313 2014  3  3     19     92    -47 0 0 0
54511 3948 11628    313 2014  3  4     81    289    -32 0 0 0
54511 3948 11628    313 2014  3  5     59    280    -86 0 0 0
54511 3948 11628    313 2014  3  6     61    302    -72 0 0 0
54511 3948 11628    313 2014  3  7     55    290    -91 0 0 0
54511 3948 11628    313 2014  3  8     67    283    -20 0 0 0
54511 3948 11628    313 2014  3  9     59    291    -81 0 0 0
54511 3948 11628    313 2014  3 10     55    265    -57 0 0 0
54511 3948 11628    313 2014  3 11     82    276    -35 0 0 0
54511 3948 11628    313 2014  3 12    104    306     23 0 0 0
54511 3948 11628    313 2014  3 13     96    353    -92 0 0 0
54511 3948 11628    313 2014  3 14    141    373    -15 0 0 0
54511 3948 11628    313 2014  3 15    138    400    -33 0 0 0
54511 3948 11628    313 2014  3 16    123    335      9 0 0 0
54511 3948 11628    313 2014  3 17    131    336     14 0 0 0
54511 3948 11628    313 2014  3 18    129    339     -2 0 0 0
54511 3948 11628    313 2014  3 19     94    238     16 0 0 0
54511 3948 11628    313 2014  3 20    149    386    -12 0 0 0
54511 3948 11628    313 2014  3 21    165    428    -30 0 0 0
54511 3948 11628    313 2014  3 22    166    443    -18 0 0 0
54511 3948 11628    313 2014  3 23    143    374      2 0 0 0
54511 3948 11628    313 2014  3 24    151    365     17 0 0 0
54511 3948 11628    313 2014  3 25    164    394     34 0 0 0
54511 3948 11628    313 2014  3 26    170    374     48 0 0 0
54511 3948 11628    313 2014  3 27    121    179     68 0 0 0
54511 3948 11628    313 2014  3 28    192    421     87 0 0 0
54511 3948 11628    313 2014  3 29    212    461     65 0 0 0
54511 3948 11628    313 2014  3 30    227    508     27 0 0 0
54511 3948 11628    313 2014  3 31    198    381    106 0 0 0
54511 3948 11628    313 2014  4  1    193    438     35 0 0 0
54511 3948 11628    313 2014  4  2    186    374     70 0 0 0
54511 3948 11628    313 2014  4  3    175    395     12 0 0 0
54511 3948 11628    313 2014  4  4    197    482     11 0 0 0
54511 3948 11628    313 2014  4  5    182    445     10 0 0 0
54511 3948 11628    313 2014  4  6    194    457     -2 0 0 0
54511 3948 11628    313 2014  4  7    210    494     40 0 0 0
54511 3948 11628    313 2014  4  8    206    441     52 0 0 0
54511 3948 11628    313 2014  4  9    249    519     86 0 0 0
54511 3948 11628    313 2014  4 10    192    318    109 0 0 0
54511 3948 11628    313 2014  4 11    179    409    116 0 0 0
54511 3948 11628    313 2014  4 12    189    448     37 0 0 0
54511 3948 11628    313 2014  4 13    211    452     55 0 0 0
54511 3948 11628    313 2014  4 14    226    454     83 0 0 0
54511 3948 11628    313 2014  4 15    182    344     92 0 0 0
54511 3948 11628    313 2014  4 16    218    444    105 0 0 0
54511 3948 11628    313 2014  4 17    169    292    112 0 0 0
54511 3948 11628    313 2014  4 18    189    378    103 0 0 0
54511 3948 11628    313 2014  4 19    116    211     71 0 0 0
54511 3948 11628    313 2014  4 20    193    431     40 0 0 0
54511 3948 11628    313 2014  4 21    235    515     47 0 0 0
54511 3948 11628    313 2014  4 22    242    511     48 0 0 0
54511 3948 11628    313 2014  4 23    245    448    114 0 0 0
54511 3948 11628    313 2014  4 24    231    449    123 0 0 0
54511 3948 11628    313 2014  4 25    261    481    114 0 0 0
54511 3948 11628    313 2014  4 26    193    364    112 0 0 0
54511 3948 11628    313 2014  4 27    215    466     80 0 0 0
54511 3948 11628    313 2014  4 28    248    487     90 0 0 0
54511 3948 11628    313 2014  4 29    245    479     94 0 0 0
54511 3948 11628    313 2014  4 30    258    492    101 0 0 0
54511 3948 11628    313 2014  5  1    244    439    128 0 0 0
54511 3948 11628    313 2014  5  2    237    498     96 0 0 0
54511 3948 11628    313 2014  5  3    177    453     57 0 0 0
54511 3948 11628    313 2014  5  4    201    418     47 0 0 0
54511 3948 11628    313 2014  5  5    216    489     26 0 0 0
54511 3948 11628    313 2014  5  6    211    470     61 0 0 0
54511 3948 11628    313 2014  5  7    252    494     95 0 0 0
54511 3948 11628    313 2014  5  8    227    461     78 0 0 0
54511 3948 11628    313 2014  5  9    210    329    156 0 0 0
54511 3948 11628    313 2014  5 10    199    304    119 0 0 0
54511 3948 11628    313 2014  5 11    130    196    109 0 0 0
54511 3948 11628    313 2014  5 12    226    397     79 0 0 0
54511 3948 11628    313 2014  5 13    234    443    114 0 0 0
54511 3948 11628    313 2014  5 14    219    398    124 0 0 0
54511 3948 11628    313 2014  5 15    250    483     80 0 0 0
54511 3948 11628    313 2014  5 16    284    539    127 0 0 0
54511 3948 11628    313 2014  5 17    266    486    141 0 0 0
54511 3948 11628    313 2014  5 18    288    504    131 0 0 0
54511 3948 11628    313 2014  5 19    284    497    188 0 0 0
54511 3948 11628    313 2014  5 20    323    555    178 0 0 0
54511 3948 11628    313 2014  5 21    298    489    172 0 0 0
54511 3948 11628    313 2014  5 22    315    539    183 0 0 0
54511 3948 11628    313 2014  5 23    327    518    192 0 0 0
54511 3948 11628    313 2014  5 24    220    268    202 0 0 0
54511 3948 11628    313 2014  5 25    262    415    193 0 0 0
54511 3948 11628    313 2014  5 26    271    514    113 0 0 0
54511 3948 11628    313 2014  5 27    291    499    156 0 0 0
54511 3948 11628    313 2014  5 28    330    566    135 0 0 0
54511 3948 11628    313 2014  5 29    366    621    176 0 0 0
54511 3948 11628    313 2014  5 30    350    570    219 0 0 0
54511 3948 11628    313 2014  5 31    317    550    206 0 0 0
54511 3948 11628    313 2014  6  1    275    470    193 0 0 0
54511 3948 11628    313 2014  6  2    241    447    156 0 0 0
54511 3948 11628    313 2014  6  3    315    557    147 0 0 0
54511 3948 11628    313 2014  6  4    323    553    183 0 0 0
54511 3948 11628    313 2014  6  5    352    603    188 0 0 0
54511 3948 11628    313 2014  6  6    223    421    173 0 0 0
54511 3948 11628    313 2014  6  7    272    504    121 0 0 0
54511 3948 11628    313 2014  6  8    297    568    165 0 0 0
54511 3948 11628    313 2014  6  9    314    563    130 0 0 0
54511 3948 11628    313 2014  6 10    246    543    170 0 0 0
54511 3948 11628    313 2014  6 11    284    463    169 0 0 0
54511 3948 11628    313 2014  6 12    324    549    170 0 0 0
54511 3948 11628    313 2014  6 13    320    559    206 0 0 0
54511 3948 11628    313 2014  6 14    276    407    184 0 0 0
54511 3948 11628    313 2014  6 15    275    466    202 0 0 0
54511 3948 11628    313 2014  6 16    275    389    203 0 0 0
54511 3948 11628    313 2014  6 17    240    351    183 0 0 0
54511 3948 11628    313 2014  6 18    254    371    178 0 0 0
54511 3948 11628    313 2014  6 19    256    376    177 0 0 0
54511 3948 11628    313 2014  6 20    259    443    186 0 0 0
54511 3948 11628    313 2014  6 21    259    435    190 0 0 0
54511 3948 11628    313 2014  6 22    258    424    173 0 0 0
54511 3948 11628    313 2014  6 23    300    508    162 0 0 0
54511 3948 11628    313 2014  6 24    303    467    190 0 0 0
54511 3948 11628    313 2014  6 25    251    291    212 0 0 0
54511 3948 11628    313 2014  6 26    312    510    213 0 0 0
54511 3948 11628    313 2014  6 27    334    561    191 0 0 0
54511 3948 11628    313 2014  6 28    353    581    177 0 0 0
54511 3948 11628    313 2014  6 29    324    544    205 0 0 0
54511 3948 11628    313 2014  6 30    341    563    222 0 0 0
54511 3948 11628    313 2014  7  1    316    454    223 0 0 0
54511 3948 11628    313 2014  7  2    249    322    205 0 0 0
54511 3948 11628    313 2014  7  3    268    365    218 0 0 0
54511 3948 11628    313 2014  7  4    273    386    228 0 0 0
54511 3948 11628    313 2014  7  5    284    383    214 0 0 0
54511 3948 11628    313 2014  7  6    292    385    232 0 0 0
54511 3948 11628    313 2014  7  7    295    412    229 0 0 0
54511 3948 11628    313 2014  7  8    318    505    240 0 0 0
54511 3948 11628    313 2014  7  9    291    491    224 0 0 0
54511 3948 11628    313 2014  7 10    342    545    208 0 0 0
54511 3948 11628    313 2014  7 11    351    591    211 0 0 0
54511 3948 11628    313 2014  7 12    342    578    213 0 0 0
54511 3948 11628    313 2014  7 13    352    597    194 0 0 0
54511 3948 11628    313 2014  7 14    280    407    200 0 0 0
54511 3948 11628    313 2014  7 15    285    460    194 0 0 0
54511 3948 11628    313 2014  7 16    285    415    220 0 0 0
54511 3948 11628    313 2014  7 17    256    342    220 0 0 0
54511 3948 11628    313 2014  7 18    309    442    228 0 0 0
54511 3948 11628    313 2014  7 19    355    530    243 0 0 0
54511 3948 11628    313 2014  7 20    358    536    247 0 0 0
54511 3948 11628    313 2014  7 21    312    514    270 0 0 0
54511 3948 11628    313 2014  7 22    269    319    251 0 0 0
54511 3948 11628    313 2014  7 23    271    372    223 0 0 0
54511 3948 11628    313 2014  7 24    265    347    229 0 0 0
54511 3948 11628    313 2014  7 25    331    552    193 0 0 0
54511 3948 11628    313 2014  7 26    346    544    217 0 0 0
54511 3948 11628    313 2014  7 27    343    540    215 0 0 0
54511 3948 11628    313 2014  7 28    353    568    222 0 0 0
54511 3948 11628    313 2014  7 29    349    533    237 0 0 0
54511 3948 11628    313 2014  7 30    260    342    231 0 0 0
54511 3948 11628    313 2014  7 31    274    358    233 0 0 0
54511 3948 11628    313 2014  8  1    283    404    230 0 0 0
54511 3948 11628    313 2014  8  2    324    477    247 0 0 0
54511 3948 11628    313 2014  8  3    332    491    254 0 0 0
54511 3948 11628    313 2014  8  4    242    307    208 0 0 0
54511 3948 11628    313 2014  8  5    277    435    177 0 0 0
54511 3948 11628    313 2014  8  6    271    440    214 0 0 0
54511 3948 11628    313 2014  8  7    307    490    195 0 0 0
54511 3948 11628    313 2014  8  8    296    469    197 0 0 0
54511 3948 11628    313 2014  8  9    301    479    206 0 0 0
54511 3948 11628    313 2014  8 10    309    482    195 0 0 0
54511 3948 11628    313 2014  8 11    325    533    195 0 0 0
54511 3948 11628    313 2014  8 12    309    506    181 0 0 0
54511 3948 11628    313 2014  8 13    213    288    201 0 0 0
54511 3948 11628    313 2014  8 14    260    383    156 0 0 0
54511 3948 11628    313 2014  8 15    292    449    171 0 0 0
54511 3948 11628    313 2014  8 16    295    464    192 0 0 0
54511 3948 11628    313 2014  8 17    289    486    202 0 0 0
54511 3948 11628    313 2014  8 18    289    488    213 0 0 0
54511 3948 11628    313 2014  8 19    319    525    197 0 0 0
54511 3948 11628    313 2014  8 20    323    530    200 0 0 0
54511 3948 11628    313 2014  8 21    308    475    222 0 0 0
54511 3948 11628    313 2014  8 22    280    351    201 0 0 0
54511 3948 11628    313 2014  8 23    307    460    207 0 0 0
54511 3948 11628    313 2014  8 24    311    530    210 0 0 0
54511 3948 11628    313 2014  8 25    325    547    177 0 0 0
54511 3948 11628    313 2014  8 26    329    583    156 0 0 0
54511 3948 11628    313 2014  8 27    320    553    162 0 0 0
54511 3948 11628    313 2014  8 28    275    440    221 0 0 0
54511 3948 11628    313 2014  8 29    256    355    183 0 0 0
54511 3948 11628    313 2014  8 30    256    350    213 0 0 0
54511 3948 11628    313 2014  8 31    269    435    205 0 0 0
54511 3948 11628    313 2014  9  1    248    336    211 0 0 0
54511 3948 11628    313 2014  9  2    202    235    189 0 0 0
54511 3948 11628    313 2014  9  3    228    355    133 0 0 0
54511 3948 11628    313 2014  9  4    233    359    139 0 0 0
54511 3948 11628    313 2014  9  5    241    363    156 0 0 0
54511 3948 11628    313 2014  9  6    257    361    193 0 0 0
54511 3948 11628    313 2014  9  7    253    358    210 0 0 0
54511 3948 11628    313 2014  9  8    242    403    143 0 0 0
54511 3948 11628    313 2014  9  9    240    396    132 0 0 0
54511 3948 11628    313 2014  9 10    254    398    159 0 0 0
54511 3948 11628    313 2014  9 11    227    356    173 0 0 0
54511 3948 11628    313 2014  9 12    218    283    181 0 0 0
54511 3948 11628    313 2014  9 13    239    403    161 0 0 0
54511 3948 11628    313 2014  9 14    188    241    165 0 0 0
54511 3948 11628    313 2014  9 15    233    421    106 0 0 0
54511 3948 11628    313 2014  9 16    177    295    110 0 0 0
54511 3948 11628    313 2014  9 17    188    313    135 0 0 0
54511 3948 11628    313 2014  9 18    218    414     95 0 0 0
54511 3948 11628    313 2014  9 19    217    385    120 0 0 0
54511 3948 11628    313 2014  9 20    247    398    170 0 0 0
54511 3948 11628    313 2014  9 21    229    353    159 0 0 0
54511 3948 11628    313 2014  9 22    207    280    187 0 0 0
54511 3948 11628    313 2014  9 23    188    217    179 0 0 0
54511 3948 11628    313 2014  9 24    211    332    169 0 0 0
54511 3948 11628    313 2014  9 25    197    291    132 0 0 0
54511 3948 11628    313 2014  9 26    203    336    151 0 0 0
54511 3948 11628    313 2014  9 27    231    421    124 0 0 0
54511 3948 11628    313 2014  9 28    199    291    147 0 0 0
54511 3948 11628    313 2014  9 29    208    368    130 0 0 0
54511 3948 11628    313 2014  9 30    169    342    107 0 0 0
54511 3948 11628    313 2014 10  1    137    247    114 0 0 0
54511 3948 11628    313 2014 10  2    160    322     74 0 0 0
54511 3948 11628    313 2014 10  3    160    254     97 0 0 0
54511 3948 11628    313 2014 10  4    162    243    123 0 0 0
54511 3948 11628    313 2014 10  5    179    354     91 0 0 0
54511 3948 11628    313 2014 10  6    169    362     39 0 0 0
54511 3948 11628    313 2014 10  7    171    327     77 0 0 0
54511 3948 11628    313 2014 10  8    167    309    110 0 0 0
54511 3948 11628    313 2014 10  9    172    292    107 0 0 0
54511 3948 11628    313 2014 10 10    183    302    109 0 0 0
54511 3948 11628    313 2014 10 11    188    329    113 0 0 0
54511 3948 11628    313 2014 10 12    148    254    117 0 0 0
54511 3948 11628    313 2014 10 13    142    341     31 0 0 0
54511 3948 11628    313 2014 10 14    139    337     16 0 0 0
54511 3948 11628    313 2014 10 15    150    341     48 0 0 0
54511 3948 11628    313 2014 10 16    137    326     12 0 0 0
54511 3948 11628    313 2014 10 17    155    365     39 0 0 0
54511 3948 11628    313 2014 10 18    160    353     50 0 0 0
54511 3948 11628    313 2014 10 19    173    276    112 0 0 0
54511 3948 11628    313 2014 10 20    159    250    109 0 0 0
54511 3948 11628    313 2014 10 21    132    233     67 0 0 0
54511 3948 11628    313 2014 10 22    118    213     52 0 0 0
54511 3948 11628    313 2014 10 23    141    237     98 0 0 0
54511 3948 11628    313 2014 10 24    146    259     69 0 0 0
54511 3948 11628    313 2014 10 25    142    271     75 0 0 0
54511 3948 11628    313 2014 10 26    138    302     53 0 0 0
54511 3948 11628    313 2014 10 27     99    273     -2 0 0 0
54511 3948 11628    313 2014 10 28    108    273     14 0 0 0
54511 3948 11628    313 2014 10 29    126    269     38 0 0 0
54511 3948 11628    313 2014 10 30    130    223    102 0 0 0
54511 3948 11628    313 2014 10 31    134    215    101 0 0 0
54511 3948 11628    313 2014 11  1    115    206     40 0 0 0
54511 3948 11628    313 2014 11  2    105    263     23 0 0 0
54511 3948 11628    313 2014 11  3     91    296    -24 0 0 0
54511 3948 11628    313 2014 11  4     80    253    -15 0 0 0
54511 3948 11628    313 2014 11  5    111    299    -15 0 0 0
54511 3948 11628    313 2014 11  6    100    249     21 0 0 0
54511 3948 11628    313 2014 11  7     54    192    -17 0 0 0
54511 3948 11628    313 2014 11  8     54    237    -36 0 0 0
54511 3948 11628    313 2014 11  9     60    271    -40 0 0 0
54511 3948 11628    313 2014 11 10     55    280    -40 0 0 0
54511 3948 11628    313 2014 11 11     56    219    -14 0 0 0
54511 3948 11628    313 2014 11 12     58    189     -1 0 0 0
54511 3948 11628    313 2014 11 13     35    228    -64 0 0 0
54511 3948 11628    313 2014 11 14     43    238    -61 0 0 0
54511 3948 11628    313 2014 11 15     30    171    -18 0 0 0
54511 3948 11628    313 2014 11 16     58    214    -40 0 0 0
54511 3948 11628    313 2014 11 17     54    237    -54 0 0 0
54511 3948 11628    313 2014 11 18     38    240    -56 0 0 0
54511 3948 11628    313 2014 11 19     24    136    -44 0 0 0
54511 3948 11628    313 2014 11 20     15    128    -33 0 0 0
54511 3948 11628    313 2014 11 21     25    192    -44 0 0 0
54511 3948 11628    313 2014 11 22     38    212    -66 0 0 0
54511 3948 11628    313 2014 11 23     26    106    -29 0 0 0
54511 3948 11628    313 2014 11 24     23    192    -58 0 0 0
54511 3948 11628    313 2014 11 25     11    155    -53 0 0 0
54511 3948 11628    313 2014 11 26     17    141    -44 0 0 0
54511 3948 11628    313 2014 11 27     34     93    -12 0 0 0
54511 3948 11628    313 2014 11 28     41    191    -44 0 0 0
54511 3948 11628    313 2014 11 29     17     62    -44 0 0 0
54511 3948 11628    313 2014 11 30     36    135    -23 0 0 0
54511 3948 11628    313 2014 12  1    -30     92    -79 0 0 0
54511 3948 11628    313 2014 12  2    -50    103   -128 0 0 0
54511 3948 11628    313 2014 12  3    -36     97   -111 0 0 0
54511 3948 11628    313 2014 12  4    -29    101   -107 0 0 0
54511 3948 11628    313 2014 12  5    -45    141   -131 0 0 0
54511 3948 11628    313 2014 12  6    -41    148   -123 0 0 0
54511 3948 11628    313 2014 12  7     -3    136    -72 0 0 0
54511 3948 11628    313 2014 12  8    -35    117   -110 0 0 0
54511 3948 11628    313 2014 12  9    -35     63   -103 0 0 0
54511 3948 11628    313 2014 12 10    -16    121    -89 0 0 0
54511 3948 11628    313 2014 12 11    -11    149    -84 0 0 0
54511 3948 11628    313 2014 12 12    -17    124    -77 0 0 0
54511 3948 11628    313 2014 12 13    -32    123    -98 0 0 0
54511 3948 11628    313 2014 12 14    -34    142   -126 0 0 0
54511 3948 11628    313 2014 12 15    -11    116    -74 0 0 0
54511 3948 11628    313 2014 12 16    -34     86    -94 0 0 0
54511 3948 11628    313 2014 12 17    -37    131   -122 0 0 0
54511 3948 11628    313 2014 12 18    -41     92   -108 0 0 0
54511 3948 11628    313 2014 12 19    -20    135   -113 0 0 0
54511 3948 11628    313 2014 12 20    -39    125   -125 0 0 0
54511 3948 11628    313 2014 12 21    -45    111   -129 0 0 0
54511 3948 11628    313 2014 12 22    -40    160   -122 0 0 0
54511 3948 11628    313 2014 12 23    -39    149   -115 0 0 0
54511 3948 11628    313 2014 12 24     -3    138    -80 0 0 0
54511 3948 11628    313 2014 12 25    -30    162   -110 0 0 0
54511 3948 11628    313 2014 12 26    -34     95   -105 0 0 0
54511 3948 11628    313 2014 12 27    -40    117   -104 0 0 0
54511 3948 11628    313 2014 12 28    -16    158    -93 0 0 0
54511 3948 11628    313 2014 12 29    -22    180   -106 0 0 0
54511 3948 11628    313 2014 12 30    -24    153   -104 0 0 0
54511 3948 11628    313 2014 12 31    -24     93    -75 0 0 0
54511 3948 11628    313 2015  1  1    -50    116   -144 0 0 0
54511 3948 11628    313 2015  1  2    -49    158   -137 0 0 0
54511 3948 11628    313 2015  1  3    -46    103   -124 0 0 0
54511 3948 11628    313 2015  1  4    -25    163   -121 0 0 0
54511 3948 11628    313 2015  1  5     25    189    -41 0 0 0
54511 3948 11628    313 2015  1  6    -26    151    -93 0 0 0
54511 3948 11628    313 2015  1  7    -51    129   -120 0 0 0
54511 3948 11628    313 2015  1  8    -50    111   -119 0 0 0
54511 3948 11628    313 2015  1  9    -27    179   -110 0 0 0
54511 3948 11628    313 2015  1 10    -27    188   -122 0 0 0
54511 3948 11628    313 2015  1 11    -14    176    -98 0 0 0
54511 3948 11628    313 2015  1 12    -37    136   -113 0 0 0
54511 3948 11628    313 2015  1 13    -33    120    -98 0 0 0
54511 3948 11628    313 2015  1 14    -31     29   -103 0 0 0
54511 3948 11628    313 2015  1 15    -52     49   -104 0 0 0
54511 3948 11628    313 2015  1 16     -6    116    -98 0 0 0
54511 3948 11628    313 2015  1 17    -43    133   -134 0 0 0
54511 3948 11628    313 2015  1 18     16    174    -75 0 0 0
54511 3948 11628    313 2015  1 19    -15    179   -115 0 0 0
54511 3948 11628    313 2015  1 20    -32    128   -107 0 0 0
54511 3948 11628    313 2015  1 21      2    172    -95 0 0 0
54511 3948 11628    313 2015  1 22    -40    170   -131 0 0 0
54511 3948 11628    313 2015  1 23    -27    176   -114 0 0 0
54511 3948 11628    313 2015  1 24    -10    167    -89 0 0 0
54511 3948 11628    313 2015  1 25     -6    136    -67 0 0 0
54511 3948 11628    313 2015  1 26    -34     97    -96 0 0 0
54511 3948 11628    313 2015  1 27    -38    162   -117 0 0 0
54511 3948 11628    313 2015  1 28    -17    160   -124 0 0 0
54511 3948 11628    313 2015  1 29      8    167    -63 0 0 0
54511 3948 11628    313 2015  1 30    -27    176   -114 0 0 0
54511 3948 11628    313 2015  1 31    -40    201   -138 0 0 0
54511 3948 11628    313 2015  2  1    -43    192   -141 9 9 9
54511 3948 11628    313 2015  2  2    -27    142   -118 9 9 9
54511 3948 11628    313 2015  2  3      1    186    -98 9 9 9
54511 3948 11628    313 2015  2  4     22    197    -63 9 9 9
54511 3948 11628    313 2015  2  5     22    232    -96 9 9 9
54511 3948 11628    313 2015  2  6    -14    228   -108 9 9 9
54511 3948 11628    313 2015  2  7      4    133    -84 9 9 9
54511 3948 11628    313 2015  2  8    -24    217   -152 9 9 9
54511 3948 11628    313 2015  2  9    -21    216   -136 9 9 9
54511 3948 11628    313 2015  2 10    -13    274   -123 9 9 9
54511 3948 11628    313 2015  2 11     41    258    -99 9 9 9
54511 3948 11628    313 2015  2 12     19    256   -107 9 9 9
54511 3948 11628    313 2015  2 13      4    230   -106 9 9 9
54511 3948 11628    313 2015  2 14     15    217    -79 9 9 9
54511 3948 11628    313 2015  2 15      2    120    -64 9 9 9
54511 3948 11628    313 2015  2 16     30    246    -84 9 9 9
54511 3948 11628    313 2015  2 17     56    287    -39 9 9 9
54511 3948 11628    313 2015  2 18     50    303    -88 9 9 9
54511 3948 11628    313 2015  2 19     -8    205    -84 9 9 9
54511 3948 11628    313 2015  2 20     -2      3     -3 9 9 9
54511 3948 11628    313 2015  2 21     -4      0    -13 9 9 9
54511 3948 11628    313 2015  2 22     -5    107    -58 9 9 9
54511 3948 11628    313 2015  2 23      8    169    -87 9 9 9
54511 3948 11628    313 2015  2 24     14    165    -63 9 9 9
54511 3948 11628    313 2015  2 25     40    209    -27 9 9 9
54511 3948 11628    313 2015  2 26     29    211    -75 9 9 9
54511 3948 11628    313 2015  2 27     20    151    -59 9 9 9
54511 3948 11628    313 2015  2 28    -12     69    -27 9 9 9
54511 3948 11628    313 2015  3  1     35    227    -71 0 0 0
54511 3948 11628    313 2015  3  2     69    287    -61 0 0 0
54511 3948 11628    313 2015  3  3     59    235    -31 0 0 0
54511 3948 11628    313 2015  3  4     25    262   -103 0 0 0
54511 3948 11628    313 2015  3  5     24    215    -87 0 0 0
54511 3948 11628    313 2015  3  6     41    244    -67 0 0 0
54511 3948 11628    313 2015  3  7     65    298    -54 0 0 0
54511 3948 11628    313 2015  3  8     56    240    -23 0 0 0
54511 3948 11628    313 2015  3  9     49    265    -55 0 0 0
54511 3948 11628    313 2015  3 10     52    295   -108 0 0 0
54511 3948 11628    313 2015  3 11     67    330    -95 0 0 0
54511 3948 11628    313 2015  3 12     80    321    -74 0 0 0
54511 3948 11628    313 2015  3 13     77    343    -78 0 0 0
54511 3948 11628    313 2015  3 14     81    285    -26 0 0 0
54511 3948 11628    313 2015  3 15    103    359    -65 0 0 0
54511 3948 11628    313 2015  3 16    124    289     32 0 0 0
54511 3948 11628    313 2015  3 17    134    360      7 0 0 0
54511 3948 11628    313 2015  3 18    104    311     15 0 0 0
54511 3948 11628    313 2015  3 19    127    393    -28 0 0 0
54511 3948 11628    313 2015  3 20    150    406     -5 0 0 0
54511 3948 11628    313 2015  3 21    166    403     -1 0 0 0
54511 3948 11628    313 2015  3 22    152    400     13 0 0 0
54511 3948 11628    313 2015  3 23    135    441    -69 0 0 0
54511 3948 11628    313 2015  3 24    140    410    -16 0 0 0
54511 3948 11628    313 2015  3 25    136    385    -17 0 0 0
54511 3948 11628    313 2015  3 26    160    390      5 0 0 0
54511 3948 11628    313 2015  3 27    173    394     14 0 0 0
54511 3948 11628    313 2015  3 28    197    365     45 0 0 0
54511 3948 11628    313 2015  3 29    176    415     29 0 0 0
54511 3948 11628    313 2015  3 30    198    389     93 0 0 0
54511 3948 11628    313 2015  3 31    115    179     84 0 0 0
54511 3948 11628    313 2015  4  1     97    177     26 0 0 0
54511 3948 11628    313 2015  4  2    111    248     48 0 0 0
54511 3948 11628    313 2015  4  3    146    341     19 0 0 0
54511 3948 11628    313 2015  4  4    147    331     52 0 0 0
54511 3948 11628    313 2015  4  5    157    342     77 0 0 0
54511 3948 11628    313 2015  4  6    126    329     26 0 0 0
54511 3948 11628    313 2015  4  7    135    382    -17 0 0 0
54511 3948 11628    313 2015  4  8    127    325     -1 0 0 0
54511 3948 11628    313 2015  4  9    145    359     11 0 0 0
54511 3948 11628    313 2015  4 10    171    416     23 0 0 0
54511 3948 11628    313 2015  4 11    193    404     84 0 0 0
54511 3948 11628    313 2015  4 12     82    191     40 0 0 0
54511 3948 11628    313 2015  4 13    144    346     23 0 0 0
54511 3948 11628    313 2015  4 14    184    415     15 0 0 0
54511 3948 11628    313 2015  4 15    198    370     59 0 0 0
54511 3948 11628    313 2015  4 16    202    398     76 0 0 0
54511 3948 11628    313 2015  4 17    204    440     49 0 0 0
54511 3948 11628    313 2015  4 18    181    352    113 0 0 0
54511 3948 11628    313 2015  4 19    196    377    110 0 0 0
54511 3948 11628    313 2015  4 20    208    464     29 0 0 0
54511 3948 11628    313 2015  4 21    193    499     62 0 0 0
54511 3948 11628    313 2015  4 22    232    476     44 0 0 0
54511 3948 11628    313 2015  4 23    246    488     89 0 0 0
54511 3948 11628    313 2015  4 24    241    495     54 0 0 0
54511 3948 11628    313 2015  4 25    279    549     69 0 0 0
54511 3948 11628    313 2015  4 26    291    524    117 0 0 0
54511 3948 11628    313 2015  4 27    256    493    142 0 0 0
54511 3948 11628    313 2015  4 28    231    439    141 0 0 0
54511 3948 11628    313 2015  4 29    271    506    112 0 0 0
54511 3948 11628    313 2015  4 30    290    513    138 0 0 0
54511 3948 11628    313 2015  5  1    223    450    150 0 0 0
54511 3948 11628    313 2015  5  2    247    433    125 0 0 0
54511 3948 11628    313 2015  5  3    221    452    113 0 0 0
54511 3948 11628    313 2015  5  4    241    466     81 0 0 0
54511 3948 11628    313 2015  5  5    251    479     91 0 0 0
54511 3948 11628    313 2015  5  6    224    492    107 0 0 0
54511 3948 11628    313 2015  5  7    262    510     76 0 0 0
54511 3948 11628    313 2015  5  8    260    481    110 0 0 0
54511 3948 11628    313 2015  5  9    149    265     97 0 0 0
54511 3948 11628    313 2015  5 10    114    131     95 0 0 0
54511 3948 11628    313 2015  5 11    131    302     79 0 0 0
54511 3948 11628    313 2015  5 12    181    442     82 0 0 0
54511 3948 11628    313 2015  5 13    257    490     86 0 0 0
54511 3948 11628    313 2015  5 14    249    427    140 0 0 0
54511 3948 11628    313 2015  5 15    249    491    146 0 0 0
54511 3948 11628    313 2015  5 16    273    526     85 0 0 0
54511 3948 11628    313 2015  5 17    243    507    161 0 0 0
54511 3948 11628    313 2015  5 18    290    526    161 0 0 0
54511 3948 11628    313 2015  5 19    295    520    121 0 0 0
54511 3948 11628    313 2015  5 20    305    553    135 0 0 0
54511 3948 11628    313 2015  5 21    273    537    137 0 0 0
54511 3948 11628    313 2015  5 22    301    574    117 0 0 0
54511 3948 11628    313 2015  5 23    312    558    138 0 0 0
54511 3948 11628    313 2015  5 24    320    561    158 0 0 0
54511 3948 11628    313 2015  5 25    330    565    170 0 0 0
54511 3948 11628    313 2015  5 26    339    569    169 0 0 0
54511 3948 11628    313 2015  5 27    336    570    179 0 0 0
54511 3948 11628    313 2015  5 28    310    477    201 0 0 0
54511 3948 11628    313 2015  5 29    290    552    199 0 0 0
54511 3948 11628    313 2015  5 30    326    581    138 0 0 0
54511 3948 11628    313 2015  5 31    350    594    162 0 0 0
54511 3948 11628    313 2015  6  1    333    529    209 0 0 0
54511 3948 11628    313 2015  6  2    349    611    190 0 0 0
54511 3948 11628    313 2015  6  3    334    611    141 0 0 0
54511 3948 11628    313 2015  6  4    209    269    185 0 0 0
54511 3948 11628    313 2015  6  5    308    552    130 0 0 0
54511 3948 11628    313 2015  6  6    293    590    185 0 0 0
54511 3948 11628    313 2015  6  7    247    593    118 0 0 0
54511 3948 11628    313 2015  6  8    315    605    110 0 0 0
54511 3948 11628    313 2015  6  9    306    512    162 0 0 0
54511 3948 11628    313 2015  6 10    231    322    180 0 0 0
54511 3948 11628    313 2015  6 11    273    464    159 0 0 0
54511 3948 11628    313 2015  6 12    278    506    145 0 0 0
54511 3948 11628    313 2015  6 13    282    539    183 0 0 0
54511 3948 11628    313 2015  6 14    343    592    164 0 0 0
54511 3948 11628    313 2015  6 15    328    518    197 0 0 0
54511 3948 11628    313 2015  6 16    344    562    194 0 0 0
54511 3948 11628    313 2015  6 17    342    630    208 0 0 0
54511 3948 11628    313 2015  6 18    312    515    168 0 0 0
54511 3948 11628    313 2015  6 19    258    436    170 0 0 0
54511 3948 11628    313 2015  6 20    319    557    151 0 0 0
54511 3948 11628    313 2015  6 21    328    570    190 0 0 0
54511 3948 11628    313 2015  6 22    315    565    194 0 0 0
54511 3948 11628    313 2015  6 23    309    498    206 0 0 0
54511 3948 11628    313 2015  6 24    256    339    230 0 0 0
54511 3948 11628    313 2015  6 25    277    412    219 0 0 0
54511 3948 11628    313 2015  6 26    272    396    210 0 0 0
54511 3948 11628    313 2015  6 27    285    445    203 0 0 0
54511 3948 11628    313 2015  6 28    334    520    224 0 0 0
54511 3948 11628    313 2015  6 29    243    343    209 0 0 0
54511 3948 11628    313 2015  6 30    277    489    184 0 0 0
54511 3948 11628    313 2015  7  1    321    604    153 0 0 0
54511 3948 11628    313 2015  7  2    330    615    146 0 0 0
54511 3948 11628    313 2015  7  3    350    601    157 0 0 0
54511 3948 11628    313 2015  7  4    272    421    176 0 0 0
54511 3948 11628    313 2015  7  5    304    539    156 0 0 0
54511 3948 11628    313 2015  7  6    344    591    191 0 0 0
54511 3948 11628    313 2015  7  7    364    613    196 0 0 0
54511 3948 11628    313 2015  7  8    353    573    213 0 0 0
54511 3948 11628    313 2015  7  9    363    602    216 0 0 0
54511 3948 11628    313 2015  7 10    363    601    229 0 0 0
54511 3948 11628    313 2015  7 11    361    581    231 0 0 0
54511 3948 11628    313 2015  7 12    386    630    224 0 0 0
54511 3948 11628    313 2015  7 13    401    691    242 0 0 0
54511 3948 11628    313 2015  7 14    355    552    232 0 0 0
54511 3948 11628    313 2015  7 15    295    390    238 0 0 0
54511 3948 11628    313 2015  7 16    226    306    213 0 0 0
54511 3948 11628    313 2015  7 17    247    342    207 0 0 0
54511 3948 11628    313 2015  7 18    264    372    210 0 0 0
54511 3948 11628    313 2015  7 19    264    378    212 0 0 0
54511 3948 11628    313 2015  7 20    276    370    221 0 0 0
54511 3948 11628    313 2015  7 21    269    388    224 0 0 0
54511 3948 11628    313 2015  7 22    313    499    201 0 0 0
54511 3948 11628    313 2015  7 23    290    446    212 0 0 0
54511 3948 11628    313 2015  7 24    306    489    218 0 0 0
54511 3948 11628    313 2015  7 25    334    541    213 0 0 0
54511 3948 11628    313 2015  7 26    354    560    229 0 0 0
54511 3948 11628    313 2015  7 27    359    544    238 0 0 0
54511 3948 11628    313 2015  7 28    274    376    234 0 0 0
54511 3948 11628    313 2015  7 29    294    363    242 0 0 0
54511 3948 11628    313 2015  7 30    248    363    220 0 0 0
54511 3948 11628    313 2015  7 31    275    403    217 0 0 0
54511 3948 11628    313 2015  8  1    253    297    233 0 0 0
54511 3948 11628    313 2015  8  2    279    394    229 0 0 0
54511 3948 11628    313 2015  8  3    253    358    203 0 0 0
54511 3948 11628    313 2015  8  4    290    456    156 0 0 0
54511 3948 11628    313 2015  8  5    302    481    212 0 0 0
54511 3948 11628    313 2015  8  6    305    484    209 0 0 0
54511 3948 11628    313 2015  8  7    284    490    211 0 0 0
54511 3948 11628    313 2015  8  8    285    425    191 0 0 0
54511 3948 11628    313 2015  8  9    336    560    214 0 0 0
54511 3948 11628    313 2015  8 10    359    599    226 0 0 0
54511 3948 11628    313 2015  8 11    371    612    244 0 0 0
54511 3948 11628    313 2015  8 12    360    586    224 0 0 0
54511 3948 11628    313 2015  8 13    353    568    226 0 0 0
54511 3948 11628    313 2015  8 14    314    498    235 0 0 0
54511 3948 11628    313 2015  8 15    355    597    191 0 0 0
54511 3948 11628    313 2015  8 16    356    610    202 0 0 0
54511 3948 11628    313 2015  8 17    334    547    219 0 0 0
54511 3948 11628    313 2015  8 18    295    542    242 0 0 0
54511 3948 11628    313 2015  8 19    302    505    215 0 0 0
54511 3948 11628    313 2015  8 20    344    597    193 0 0 0
54511 3948 11628    313 2015  8 21    351    603    182 0 0 0
54511 3948 11628    313 2015  8 22    356    598    194 0 0 0
54511 3948 11628    313 2015  8 23    266    558    209 0 0 0
54511 3948 11628    313 2015  8 24    302    560    184 0 0 0
54511 3948 11628    313 2015  8 25    320    598    204 0 0 0
54511 3948 11628    313 2015  8 26    333    595    195 0 0 0
54511 3948 11628    313 2015  8 27    343    601    196 0 0 0
54511 3948 11628    313 2015  8 28    345    606    192 0 0 0
54511 3948 11628    313 2015  8 29    313    504    192 0 0 0
54511 3948 11628    313 2015  8 30    237    392    196 0 0 0
54511 3948 11628    313 2015  8 31    219    276    196 0 0 0
54511 3948 11628    313 2015  9  1    202    248    183 0 0 0
54511 3948 11628    313 2015  9  2    252    367    174 0 0 0
54511 3948 11628    313 2015  9  3    294    473    174 0 0 0
54511 3948 11628    313 2015  9  4    223    257    198 0 0 0
54511 3948 11628    313 2015  9  5    186    209    179 0 0 0
54511 3948 11628    313 2015  9  6    231    379    165 0 0 0
54511 3948 11628    313 2015  9  7    236    361    145 0 0 0
54511 3948 11628    313 2015  9  8    232    328    145 0 0 0
54511 3948 11628    313 2015  9  9    208    275    185 0 0 0
54511 3948 11628    313 2015  9 10    168    194    143 0 0 0
54511 3948 11628    313 2015  9 11    185    320    130 0 0 0
54511 3948 11628    313 2015  9 12    198    349     98 0 0 0
54511 3948 11628    313 2015  9 13    212    371    101 0 0 0
54511 3948 11628    313 2015  9 14    228    461    114 0 0 0
54511 3948 11628    313 2015  9 15    241    464    122 0 0 0
54511 3948 11628    313 2015  9 16    244    439    126 0 0 0
54511 3948 11628    313 2015  9 17    253    451    148 0 0 0
54511 3948 11628    313 2015  9 18    281    500    192 0 0 0
54511 3948 11628    313 2015  9 19    270    512    130 0 0 0
54511 3948 11628    313 2015  9 20    256    445    165 0 0 0
54511 3948 11628    313 2015  9 21    259    453    144 0 0 0
54511 3948 11628    313 2015  9 22    236    400    170 0 0 0
54511 3948 11628    313 2015  9 23    257    485    125 0 0 0
54511 3948 11628    313 2015  9 24    252    412    180 0 0 0
54511 3948 11628    313 2015  9 25    229    402    127 0 0 0
54511 3948 11628    313 2015  9 26    216    413     97 0 0 0
54511 3948 11628    313 2015  9 27    248    449    130 0 0 0
54511 3948 11628    313 2015  9 28    182    217    161 0 0 0
54511 3948 11628    313 2015  9 29    156    187    139 0 0 0
54511 3948 11628    313 2015  9 30    167    306    136 0 0 0
54511 3948 11628    313 2015 10  1    173    297     88 0 0 0
54511 3948 11628    313 2015 10  2    195    385     65 0 0 0
54511 3948 11628    313 2015 10  3    199    395     78 0 0 0
54511 3948 11628    313 2015 10  4    200    370    106 0 0 0
54511 3948 11628    313 2015 10  5    201    364    111 0 0 0
54511 3948 11628    313 2015 10  6    204    359    114 0 0 0
54511 3948 11628    313 2015 10  7    213    354    151 0 0 0
54511 3948 11628    313 2015 10  8    189    367     92 0 0 0
54511 3948 11628    313 2015 10  9    156    351     37 0 0 0
54511 3948 11628    313 2015 10 10    144    328     48 0 0 0
54511 3948 11628    313 2015 10 11    180    368     71 0 0 0
54511 3948 11628    313 2015 10 12    192    425     47 0 0 0
54511 3948 11628    313 2015 10 13    195    434     48 0 0 0
54511 3948 11628    313 2015 10 14    165    331     98 0 0 0
54511 3948 11628    313 2015 10 15    185    384     79 0 0 0
54511 3948 11628    313 2015 10 16    176    342     85 0 0 0
54511 3948 11628    313 2015 10 17    168    315     91 0 0 0
54511 3948 11628    313 2015 10 18    168    320     95 0 0 0
54511 3948 11628    313 2015 10 19    171    337     74 0 0 0
54511 3948 11628    313 2015 10 20    120    140     93 0 0 0
54511 3948 11628    313 2015 10 21    108    127    101 0 0 0
54511 3948 11628    313 2015 10 22    104    124     88 0 0 0
54511 3948 11628    313 2015 10 23    136    264     74 0 0 0
54511 3948 11628    313 2015 10 24    131    259     49 0 0 0
54511 3948 11628    313 2015 10 25    120    229     73 0 0 0
54511 3948 11628    313 2015 10 26    100    181     53 0 0 0
54511 3948 11628    313 2015 10 27     92    243      0 0 0 0
54511 3948 11628    313 2015 10 28     96    269     -1 0 0 0
54511 3948 11628    313 2015 10 29     91    253     -5 0 0 0
54511 3948 11628    313 2015 10 30     85    277    -28 0 0 0
54511 3948 11628    313 2015 10 31     84    291    -26 0 0 0
54511 3948 11628    313 2015 11  1     92    284     -2 0 0 0
54511 3948 11628    313 2015 11  2     98    306    -13 0 0 0
54511 3948 11628    313 2015 11  3     97    267      4 0 0 0
54511 3948 11628    313 2015 11  4    109    241     36 0 0 0
54511 3948 11628    313 2015 11  5     87    111     46 0 0 0
54511 3948 11628    313 2015 11  6     19     46     -2 0 0 0
54511 3948 11628    313 2015 11  7     30     83     -2 0 0 0
54511 3948 11628    313 2015 11  8     50    141     11 0 0 0
54511 3948 11628    313 2015 11  9     57     86     -1 0 0 0
54511 3948 11628    313 2015 11 10     59     77     51 0 0 0
54511 3948 11628    313 2015 11 11     61     82     54 0 0 0
54511 3948 11628    313 2015 11 12     71    101     59 0 0 0
54511 3948 11628    313 2015 11 13     71    128     31 0 0 0
54511 3948 11628    313 2015 11 14     87    125     50 0 0 0
54511 3948 11628    313 2015 11 15     86    168     37 0 0 0
54511 3948 11628    313 2015 11 16     71    159     31 0 0 0
54511 3948 11628    313 2015 11 17     37    120     -8 0 0 0
54511 3948 11628    313 2015 11 18     44     82     25 0 0 0
54511 3948 11628    313 2015 11 19     43     62     23 0 0 0
54511 3948 11628    313 2015 11 20     18     34     -1 0 0 0
54511 3948 11628    313 2015 11 21     16     22     10 0 0 0
54511 3948 11628    313 2015 11 22      1     10     -2 0 0 0
54511 3948 11628    313 2015 11 23     -1      1     -2 0 0 0
54511 3948 11628    313 2015 11 24     -3     -1     -4 0 0 0
54511 3948 11628    313 2015 11 25     -9      3    -33 0 0 0
54511 3948 11628    313 2015 11 26    -40      4    -65 0 0 0
54511 3948 11628    313 2015 11 27    -25      3    -50 0 0 0
54511 3948 11628    313 2015 11 28     -9     18    -24 0 0 0
54511 3948 11628    313 2015 11 29     -3     44    -34 0 0 0
54511 3948 11628    313 2015 11 30    -18      9    -43 0 0 0
54511 3948 11628    313 2015 12  1     -5     -3    -14 0 0 0
54511 3948 11628    313 2015 12  2    -11     63    -46 0 0 0
54511 3948 11628    313 2015 12  3    -18     31    -38 0 0 0
54511 3948 11628    313 2015 12  4    -15     59    -55 0 0 0
54511 3948 11628    313 2015 12  5    -11     55    -49 0 0 0
54511 3948 11628    313 2015 12  6    -10     39    -39 0 0 0
54511 3948 11628    313 2015 12  7      9     62    -14 0 0 0
54511 3948 11628    313 2015 12  8      7     26    -22 0 0 0
54511 3948 11628    313 2015 12  9     27     73     11 0 0 0
54511 3948 11628    313 2015 12 10     22    129    -28 0 0 0
54511 3948 11628    313 2015 12 11     -5    103    -50 0 0 0
54511 3948 11628    313 2015 12 12     -5     78    -31 0 0 0
54511 3948 11628    313 2015 12 13     -7     55    -40 0 0 0
54511 3948 11628    313 2015 12 14     11     79    -21 0 0 0
54511 3948 11628    313 2015 12 15    -10     56    -39 0 0 0
54511 3948 11628    313 2015 12 16    -20     38    -46 0 0 0
54511 3948 11628    313 2015 12 17    -37     39    -79 0 0 0
54511 3948 11628    313 2015 12 18    -22     86    -69 0 0 0
54511 3948 11628    313 2015 12 19    -24     64    -70 0 0 0
54511 3948 11628    313 2015 12 20    -25     35    -50 0 0 0
54511 3948 11628    313 2015 12 21    -32     56    -72 0 0 0
54511 3948 11628    313 2015 12 22    -25     12    -66 0 0 0
54511 3948 11628    313 2015 12 23    -11     64    -53 0 0 0
54511 3948 11628    313 2015 12 24    -25     47    -63 0 0 0
54511 3948 11628    313 2015 12 25    -26      9    -65 0 0 0
54511 3948 11628    313 2015 12 26     -8     53    -53 0 0 0
54511 3948 11628    313 2015 12 27    -27     26    -55 0 0 0
54511 3948 11628    313 2015 12 28    -36     95    -95 0 0 0
54511 3948 11628    313 2015 12 29    -34     77    -79 0 0 0
54511 3948 11628    313 2015 12 30    -14    119    -79 0 0 0
54511 3948 11628    313 2015 12 31    -39    100    -96 0 0 0
54511 3948 11628    313 2016  1  1    -35     87    -86 0 0 0
54511 3948 11628    313 2016  1  2    -25    101    -86 0 0 0
54511 3948 11628    313 2016  1  3    -17     88    -64 0 0 0
54511 3948 11628    313 2016  1  4    -27    113    -85 0 0 0
54511 3948 11628    313 2016  1  5    -42    105   -103 0 0 0
54511 3948 11628    313 2016  1  6    -43    122   -128 0 0 0
54511 3948 11628    313 2016  1  7    -42    109    -99 0 0 0
54511 3948 11628    313 2016  1  8    -47    113   -112 0 0 0
54511 3948 11628    313 2016  1  9    -52    135   -135 0 0 0
54511 3948 11628    313 2016  1 10    -64     95   -117 0 0 0
54511 3948 11628    313 2016  1 11    -50     96   -113 0 0 0
54511 3948 11628    313 2016  1 12    -62    109   -144 0 0 0
54511 3948 11628    313 2016  1 13    -71     90   -133 0 0 0
54511 3948 11628    313 2016  1 14    -59    126   -143 0 0 0
54511 3948 11628    313 2016  1 15    -48    133   -137 0 0 0
54511 3948 11628    313 2016  1 16    -35      4    -93 0 0 0
54511 3948 11628    313 2016  1 17    -45     84   -109 0 0 0
54511 3948 11628    313 2016  1 18    -81     64   -150 0 0 0
54511 3948 11628    313 2016  1 19    -99     87   -182 0 0 0
54511 3948 11628    313 2016  1 20    -69     62   -150 0 0 0
54511 3948 11628    313 2016  1 21    -44     72    -98 0 0 0
54511 3948 11628    313 2016  1 22    -72     58   -135 0 0 0
54511 3948 11628    313 2016  1 23   -122     24   -179 0 0 0
54511 3948 11628    313 2016  1 24    -96     92   -167 0 0 0
54511 3948 11628    313 2016  1 25    -75    143   -170 0 0 0
54511 3948 11628    313 2016  1 26    -37    146   -150 0 0 0
54511 3948 11628    313 2016  1 27    -75    123   -162 0 0 0
54511 3948 11628    313 2016  1 28    -42    129   -125 0 0 0
54511 3948 11628    313 2016  1 29    -59    109   -140 0 0 0
54511 3948 11628    313 2016  1 30    -51    110   -128 0 0 0
54511 3948 11628    313 2016  1 31    -37    163   -160 0 0 0
54511 3948 11628    313 2016  2  1    -31    193   -159 0 0 0
54511 3948 11628    313 2016  2  2    -51    199   -163 0 0 0
54511 3948 11628    313 2016  2  3    -48    251   -148 0 0 0
54511 3948 11628    313 2016  2  4      6    188    -90 0 0 0
54511 3948 11628    313 2016  2  5      5    166    -80 0 0 0
54511 3948 11628    313 2016  2  6    -26    198   -128 0 0 0
54511 3948 11628    313 2016  2  7    -23    217   -128 0 0 0
54511 3948 11628    313 2016  2  8      9    222   -102 0 0 0
54511 3948 11628    313 2016  2  9     13    240    -94 0 0 0
54511 3948 11628    313 2016  2 10      0    197    -94 0 0 0
54511 3948 11628    313 2016  2 11     25     78    -45 0 0 0
54511 3948 11628    313 2016  2 12     45    224    -47 0 0 0
54511 3948 11628    313 2016  2 13     23    117    -19 0 0 0
54511 3948 11628    313 2016  2 14    -30     52    -75 0 0 0
54511 3948 11628    313 2016  2 15     -9    122    -88 0 0 0
54511 3948 11628    313 2016  2 16      9    148    -72 0 0 0
54511 3948 11628    313 2016  2 17     15    206    -73 0 0 0
54511 3948 11628    313 2016  2 18     28    200    -57 0 0 0
54511 3948 11628    313 2016  2 19     37    206    -44 0 0 0
54511 3948 11628    313 2016  2 20      9    189    -65 0 0 0
54511 3948 11628    313 2016  2 21    -17    147    -93 0 0 0
54511 3948 11628    313 2016  2 22     22    199    -67 0 0 0
54511 3948 11628    313 2016  2 23      6    186    -79 0 0 0
54511 3948 11628    313 2016  2 24      3    220   -104 0 0 0
54511 3948 11628    313 2016  2 25     22    221    -85 0 0 0
54511 3948 11628    313 2016  2 26     14    172    -73 0 0 0
54511 3948 11628    313 2016  2 27     43    229    -70 0 0 0
54511 3948 11628    313 2016  2 28     36    226    -66 0 0 0
54511 3948 11628    313 2016  2 29      1    202    -85 0 0 0
54511 3948 11628    313 2016  3  1     38    217    -65 0 0 0
54511 3948 11628    313 2016  3  2     66    287    -49 0 0 0
54511 3948 11628    313 2016  3  3     49    228    -22 0 0 0
54511 3948 11628    313 2016  3  4     30     94    -24 0 0 0
54511 3948 11628    313 2016  3  5     94    277      6 0 0 0
54511 3948 11628    313 2016  3  6     43    212    -47 0 0 0
54511 3948 11628    313 2016  3  7     73    280    -47 0 0 0
54511 3948 11628    313 2016  3  8     57    265    -37 0 0 0
54511 3948 11628    313 2016  3  9     54    273    -52 0 0 0
54511 3948 11628    313 2016  3 10     49    293    -77 0 0 0
54511 3948 11628    313 2016  3 11     55    316    -86 0 0 0
54511 3948 11628    313 2016  3 12     36    265    -72 0 0 0
54511 3948 11628    313 2016  3 13     86    324    -58 0 0 0
54511 3948 11628    313 2016  3 14     93    361    -73 0 0 0
54511 3948 11628    313 2016  3 15     79    249      1 0 0 0
54511 3948 11628    313 2016  3 16     98    316    -38 0 0 0
54511 3948 11628    313 2016  3 17    114    315     -8 0 0 0
54511 3948 11628    313 2016  3 18    134    376     -3 0 0 0
54511 3948 11628    313 2016  3 19    125    342     18 0 0 0
54511 3948 11628    313 2016  3 20    137    423    -17 0 0 0
54511 3948 11628    313 2016  3 21    118    371    -32 0 0 0
54511 3948 11628    313 2016  3 22    128    262     57 0 0 0
54511 3948 11628    313 2016  3 23    133    401     -6 0 0 0
54511 3948 11628    313 2016  3 24    127    389    -58 0 0 0
54511 3948 11628    313 2016  3 25    135    404    -53 0 0 0
54511 3948 11628    313 2016  3 26    144    420    -31 0 0 0
54511 3948 11628    313 2016  3 27    163    472    -37 0 0 0
54511 3948 11628    313 2016  3 28    179    473     10 0 0 0
54511 3948 11628    313 2016  3 29    207    469      8 0 0 0
54511 3948 11628    313 2016  3 30    193    478      6 0 0 0
54511 3948 11628    313 2016  3 31    174    400     32 0 0 0
54511 3948 11628    313 2016  4  1    219    434     85 0 0 0
54511 3948 11628    313 2016  4  2    165    442     75 0 0 0
54511 3948 11628    313 2016  4  3    213    493     34 0 0 0
54511 3948 11628    313 2016  4  4    196    478      9 0 0 0
54511 3948 11628    313 2016  4  5    198    437     24 0 0 0
54511 3948 11628    313 2016  4  6    173    389     46 0 0 0
54511 3948 11628    313 2016  4  7    225    502     40 0 0 0
54511 3948 11628    313 2016  4  8    224    497     -4 0 0 0
54511 3948 11628    313 2016  4  9    205    502     23 0 0 0
54511 3948 11628    313 2016  4 10    190    471      2 0 0 0
54511 3948 11628    313 2016  4 11    161    430     -4 0 0 0
54511 3948 11628    313 2016  4 12    165    398     47 0 0 0
54511 3948 11628    313 2016  4 13    207    459     41 0 0 0
54511 3948 11628    313 2016  4 14    237    527     60 0 0 0
54511 3948 11628    313 2016  4 15    222    495     36 0 0 0
54511 3948 11628    313 2016  4 16    170    327    110 0 0 0
54511 3948 11628    313 2016  4 17    185    448     46 0 0 0
54511 3948 11628    313 2016  4 18    212    468     44 0 0 0
54511 3948 11628    313 2016  4 19    142    297     36 0 0 0
54511 3948 11628    313 2016  4 20    245    555     69 0 0 0
54511 3948 11628    313 2016  4 21    258    548     46 0 0 0
54511 3948 11628    313 2016  4 22    259    515     64 0 0 0
54511 3948 11628    313 2016  4 23    211    480     42 0 0 0
54511 3948 11628    313 2016  4 24    224    485     31 0 0 0
54511 3948 11628    313 2016  4 25    281    521    111 0 0 0
54511 3948 11628    313 2016  4 26    237    487    100 0 0 0
54511 3948 11628    313 2016  4 27    200    389     86 0 0 0
54511 3948 11628    313 2016  4 28    259    519     69 0 0 0
54511 3948 11628    313 2016  4 29    250    503     93 0 0 0
54511 3948 11628    313 2016  4 30    288    548     95 0 0 0
54511 3948 11628    313 2016  5  1    298    523    140 0 0 0
54511 3948 11628    313 2016  5  2    148    251    111 0 0 0
54511 3948 11628    313 2016  5  3    204    415     43 0 0 0
54511 3948 11628    313 2016  5  4    247    536     48 0 0 0
54511 3948 11628    313 2016  5  5    252    473    157 0 0 0
54511 3948 11628    313 2016  5  6    246    505    109 0 0 0
54511 3948 11628    313 2016  5  7    274    570     51 0 0 0
54511 3948 11628    313 2016  5  8    267    518     75 0 0 0
54511 3948 11628    313 2016  5  9    194    492    115 0 0 0
54511 3948 11628    313 2016  5 10    282    569     73 0 0 0
54511 3948 11628    313 2016  5 11    267    482    157 0 0 0
54511 3948 11628    313 2016  5 12    151    256    114 0 0 0
54511 3948 11628    313 2016  5 13    220    462     37 0 0 0
54511 3948 11628    313 2016  5 14    137    179    119 0 0 0
54511 3948 11628    313 2016  5 15    213    419    102 0 0 0
54511 3948 11628    313 2016  5 16    273    554     67 0 0 0
54511 3948 11628    313 2016  5 17    301    559    108 0 0 0
54511 3948 11628    313 2016  5 18    311    529    145 0 0 0
54511 3948 11628    313 2016  5 19    309    537    146 0 0 0
54511 3948 11628    313 2016  5 20    285    547    144 0 0 0
54511 3948 11628    313 2016  5 21    298    551    132 0 0 0
54511 3948 11628    313 2016  5 22    308    586    144 0 0 0
54511 3948 11628    313 2016  5 23    233    443    159 0 0 0
54511 3948 11628    313 2016  5 24    293    577     85 0 0 0
54511 3948 11628    313 2016  5 25    287    509    134 0 0 0
54511 3948 11628    313 2016  5 26    320    583    131 0 0 0
54511 3948 11628    313 2016  5 27    281    501    132 0 0 0
54511 3948 11628    313 2016  5 28    328    584    111 0 0 0
54511 3948 11628    313 2016  5 29    338    606    139 0 0 0
54511 3948 11628    313 2016  5 30    342    586    165 0 0 0
54511 3948 11628    313 2016  5 31    272    437    209 0 0 0
54511 3948 11628    313 2016  6  1    323    581    157 0 0 0
54511 3948 11628    313 2016  6  2    335    608    131 0 0 0
54511 3948 11628    313 2016  6  3    316    583    163 0 0 0
54511 3948 11628    313 2016  6  4    325    565    201 0 0 0
54511 3948 11628    313 2016  6  5    328    566    175 0 0 0
54511 3948 11628    313 2016  6  6    332    566    178 0 0 0
54511 3948 11628    313 2016  6  7    241    370    192 0 0 0
54511 3948 11628    313 2016  6  8    286    509    168 0 0 0
54511 3948 11628    313 2016  6  9    331    543    180 0 0 0
54511 3948 11628    313 2016  6 10    268    416    184 0 0 0
54511 3948 11628    313 2016  6 11    289    515    145 0 0 0
54511 3948 11628    313 2016  6 12    293    506    181 0 0 0
54511 3948 11628    313 2016  6 13    216    276    200 0 0 0
54511 3948 11628    313 2016  6 14    193    271    175 0 0 0
54511 3948 11628    313 2016  6 15    281    460    140 0 0 0
54511 3948 11628    313 2016  6 16    316    534    167 0 0 0
54511 3948 11628    313 2016  6 17    304    533    192 0 0 0
54511 3948 11628    313 2016  6 18    332    548    196 0 0 0
54511 3948 11628    313 2016  6 19    357    606    182 0 0 0
54511 3948 11628    313 2016  6 20    342    576    210 0 0 0
54511 3948 11628    313 2016  6 21    349    596    222 0 0 0
54511 3948 11628    313 2016  6 22    348    586    229 0 0 0
54511 3948 11628    313 2016  6 23    319    486    234 0 0 0
54511 3948 11628    313 2016  6 24    341    604    157 0 0 0
54511 3948 11628    313 2016  6 25    375    638    197 0 0 0
54511 3948 11628    313 2016  6 26    368    623    197 0 0 0
54511 3948 11628    313 2016  6 27    291    449    214 0 0 0
54511 3948 11628    313 2016  6 28    223    262    187 0 0 0
54511 3948 11628    313 2016  6 29    258    377    191 0 0 0
54511 3948 11628    313 2016  6 30    288    438    202 0 0 0
54511 3948 11628    313 2016  7  1    315    542    186 0 0 0
54511 3948 11628    313 2016  7  2    333    545    187 0 0 0
54511 3948 11628    313 2016  7  3    301    526    218 0 0 0
54511 3948 11628    313 2016  7  4    308    486    214 0 0 0
54511 3948 11628    313 2016  7  5    345    567    222 0 0 0
54511 3948 11628    313 2016  7  6    357    597    201 0 0 0
54511 3948 11628    313 2016  7  7    326    510    212 0 0 0
54511 3948 11628    313 2016  7  8    329    494    240 0 0 0
54511 3948 11628    313 2016  7  9    371    596    246 0 0 0
54511 3948 11628    313 2016  7 10    389    622    245 0 0 0
54511 3948 11628    313 2016  7 11    376    589    251 0 0 0
54511 3948 11628    313 2016  7 12    276    382    259 0 0 0
54511 3948 11628    313 2016  7 13    385    640    209 0 0 0
54511 3948 11628    313 2016  7 14    312    510    244 0 0 0
54511 3948 11628    313 2016  7 15    224    273    207 0 0 0
54511 3948 11628    313 2016  7 16    262    406    197 0 0 0
54511 3948 11628    313 2016  7 17    296    465    217 0 0 0
54511 3948 11628    313 2016  7 18    275    448    221 0 0 0
54511 3948 11628    313 2016  7 19    237    259    226 0 0 0
54511 3948 11628    313 2016  7 20    217    235    210 0 0 0
54511 3948 11628    313 2016  7 21    260    333    218 0 0 0
54511 3948 11628    313 2016  7 22    276    374    229 0 0 0
54511 3948 11628    313 2016  7 23    303    392    252 0 0 0
54511 3948 11628    313 2016  7 24    296    410    247 0 0 0
54511 3948 11628    313 2016  7 25    288    393    248 0 0 0
54511 3948 11628    313 2016  7 26    293    416    212 0 0 0
54511 3948 11628    313 2016  7 27    294    414    229 0 0 0
54511 3948 11628    313 2016  7 28    296    398    217 0 0 0
54511 3948 11628    313 2016  7 29    301    397    250 0 0 0
54511 3948 11628    313 2016  7 30    290    370    249 0 0 0
54511 3948 11628    313 2016  7 31    263    364    224 0 0 0
54511 3948 11628    313 2016  8  1    291    387    244 0 0 0
54511 3948 11628    313 2016  8  2    305    416    239 0 0 0
54511 3948 11628    313 2016  8  3    331    481    232 0 0 0
54511 3948 11628    313 2016  8  4    336    489    248 0 0 0
54511 3948 11628    313 2016  8  5    332    537    241 0 0 0
54511 3948 11628    313 2016  8  6    334    468    252 0 0 0
54511 3948 11628    313 2016  8  7    285    410    242 0 0 0
54511 3948 11628    313 2016  8  8    338    534    219 0 0 0
54511 3948 11628    313 2016  8  9    327    562    205 0 0 0
54511 3948 11628    313 2016  8 10    354    535    244 0 0 0
54511 3948 11628    313 2016  8 11    361    558    263 0 0 0
54511 3948 11628    313 2016  8 12    294    476    250 0 0 0
54511 3948 11628    313 2016  8 13    278    368    240 0 0 0
54511 3948 11628    313 2016  8 14    276    376    208 0 0 0
54511 3948 11628    313 2016  8 15    254    324    221 0 0 0
54511 3948 11628    313 2016  8 16    273    398    184 0 0 0
54511 3948 11628    313 2016  8 17    252    303    222 0 0 0
54511 3948 11628    313 2016  8 18    237    249    227 0 0 0
54511 3948 11628    313 2016  8 19    278    386    221 0 0 0
54511 3948 11628    313 2016  8 20    280    391    217 0 0 0
54511 3948 11628    313 2016  8 21    287    411    219 0 0 0
54511 3948 11628    313 2016  8 22    281    394    223 0 0 0
54511 3948 11628    313 2016  8 23    270    390    219 0 0 0
54511 3948 11628    313 2016  8 24    278    342    228 0 0 0
54511 3948 11628    313 2016  8 25    278    426    197 0 0 0
54511 3948 11628    313 2016  8 26    274    486    127 0 0 0
54511 3948 11628    313 2016  8 27    289    512    147 0 0 0
54511 3948 11628    313 2016  8 28    297    514    143 0 0 0
54511 3948 11628    313 2016  8 29    306    515    157 0 0 0
54511 3948 11628    313 2016  8 30    320    524    197 0 0 0
54511 3948 11628    313 2016  8 31    311    531    159 0 0 0
54511 3948 11628    313 2016  9  1    268    390    174 0 0 0
54511 3948 11628    313 2016  9  2    269    530    198 0 0 0
54511 3948 11628    313 2016  9  3    306    527    171 0 0 0
54511 3948 11628    313 2016  9  4    288    507    207 0 0 0
54511 3948 11628    313 2016  9  5    318    556    180 0 0 0
54511 3948 11628    313 2016  9  6    289    525    185 0 0 0
54511 3948 11628    313 2016  9  7    295    536    196 0 0 0
54511 3948 11628    313 2016  9  8    235    375    151 0 0 0
54511 3948 11628    313 2016  9  9    273    466    148 0 0 0
54511 3948 11628    313 2016  9 10    269    497    154 0 0 0
54511 3948 11628    313 2016  9 11    236    342    179 0 0 0
54511 3948 11628    313 2016  9 12    242    457    147 0 0 0
54511 3948 11628    313 2016  9 13    255    440    175 0 0 0
54511 3948 11628    313 2016  9 14    288    460    174 0 0 0
54511 3948 11628    313 2016  9 15    304    500    187 0 0 0
54511 3948 11628    313 2016  9 16    287    438    197 0 0 0
54511 3948 11628    313 2016  9 17    230    296    202 0 0 0
54511 3948 11628    313 2016  9 18    195    291    157 0 0 0
54511 3948 11628    313 2016  9 19    218    402    110 0 0 0
54511 3948 11628    313 2016  9 20    232    447     99 0 0 0
54511 3948 11628    313 2016  9 21    202    356    135 0 0 0
54511 3948 11628    313 2016  9 22    226    406    129 0 0 0
54511 3948 11628    313 2016  9 23    238    373    152 0 0 0
54511 3948 11628    313 2016  9 24    239    339    166 0 0 0
54511 3948 11628    313 2016  9 25    234    351    185 0 0 0
54511 3948 11628    313 2016  9 26    201    247    178 0 0 0
54511 3948 11628    313 2016  9 27    160    256    112 0 0 0
54511 3948 11628    313 2016  9 28    163    328     58 0 0 0
54511 3948 11628    313 2016  9 29    169    324     54 0 0 0
54511 3948 11628    313 2016  9 30    193    347     96 0 0 0
54511 3948 11628    313 2016 10  1    190    339    114 0 0 0
54511 3948 11628    313 2016 10  2    210    343    122 0 0 0
54511 3948 11628    313 2016 10  3    237    398    163 0 0 0
54511 3948 11628    313 2016 10  4    167    206    145 0 0 0
54511 3948 11628    313 2016 10  5    185    298    108 0 0 0
54511 3948 11628    313 2016 10  6    161    244    119 0 0 0
54511 3948 11628    313 2016 10  7    136    175    124 0 0 0
54511 3948 11628    313 2016 10  8    118    227     43 0 0 0
54511 3948 11628    313 2016 10  9     99    204     35 0 0 0
54511 3948 11628    313 2016 10 10    121    250     43 0 0 0
54511 3948 11628    313 2016 10 11    137    242     56 0 0 0
54511 3948 11628    313 2016 10 12    148    252    107 0 0 0
54511 3948 11628    313 2016 10 13    153    264     81 0 0 0
54511 3948 11628    313 2016 10 14    160    255    102 0 0 0
54511 3948 11628    313 2016 10 15    134    174     84 0 0 0
54511 3948 11628    313 2016 10 16    164    265    135 0 0 0
54511 3948 11628    313 2016 10 17    156    284     64 0 0 0
54511 3948 11628    313 2016 10 18    161    219    114 0 0 0
54511 3948 11628    313 2016 10 19    163    235    133 0 0 0
54511 3948 11628    313 2016 10 20    124    152    103 0 0 0
54511 3948 11628    313 2016 10 21    109    125    102 0 0 0
54511 3948 11628    313 2016 10 22    115    206     71 0 0 0
54511 3948 11628    313 2016 10 23    125    258     42 0 0 0
54511 3948 11628    313 2016 10 24     92    147     55 0 0 0
54511 3948 11628    313 2016 10 25    109    250     28 0 0 0
54511 3948 11628    313 2016 10 26    128    258     67 0 0 0
54511 3948 11628    313 2016 10 27     87    114     77 0 0 0
54511 3948 11628    313 2016 10 28     83    186     16 0 0 0
54511 3948 11628    313 2016 10 29     48    189    -18 0 0 0
54511 3948 11628    313 2016 10 30     39    136    -10 0 0 0
54511 3948 11628    313 2016 10 31     40    191    -29 0 0 0
54511 3948 11628    313 2016 11  1     23    180    -56 0 0 0
54511 3948 11628    313 2016 11  2     48    196    -26 0 0 0
54511 3948 11628    313 2016 11  3     49    186    -19 0 0 0
54511 3948 11628    313 2016 11  4     67    200     -8 0 0 0
54511 3948 11628    313 2016 11  5    101    231     57 0 0 0
54511 3948 11628    313 2016 11  6     74    212     13 0 0 0
54511 3948 11628    313 2016 11  7     88    237     13 0 0 0
54511 3948 11628    313 2016 11  8     47    220    -34 0 0 0
54511 3948 11628    313 2016 11  9     29    113    -25 0 0 0
54511 3948 11628    313 2016 11 10     48    151      3 0 0 0
54511 3948 11628    313 2016 11 11     38    140    -16 0 0 0
54511 3948 11628    313 2016 11 12     59    207    -23 0 0 0
54511 3948 11628    313 2016 11 13     75    130     45 0 0 0
54511 3948 11628    313 2016 11 14     79    228      6 0 0 0
54511 3948 11628    313 2016 11 15     35    202    -40 0 0 0
54511 3948 11628    313 2016 11 16     46    188    -13 0 0 0
54511 3948 11628    313 2016 11 17     45     77     -7 0 0 0
54511 3948 11628    313 2016 11 18     62     84     53 0 0 0
54511 3948 11628    313 2016 11 19     94    236     26 0 0 0
54511 3948 11628    313 2016 11 20     44     75     27 0 0 0
54511 3948 11628    313 2016 11 21     -1     29    -14 0 0 0
54511 3948 11628    313 2016 11 22    -34     33    -69 0 0 0
54511 3948 11628    313 2016 11 23    -24     70    -69 0 0 0
54511 3948 11628    313 2016 11 24    -25     63    -70 0 0 0
54511 3948 11628    313 2016 11 25    -11     85    -59 0 0 0
54511 3948 11628    313 2016 11 26      9     96    -35 0 0 0
54511 3948 11628    313 2016 11 27      3    102    -36 0 0 0
54511 3948 11628    313 2016 11 28     -4    112    -55 0 0 0
54511 3948 11628    313 2016 11 29     -6     47    -49 0 0 0
54511 3948 11628    313 2016 11 30     27    144    -34 0 0 0
54511 3948 11628    313 2016 12  1     17    184    -50 0 0 0
54511 3948 11628    313 2016 12  2      8    165    -56 0 0 0
54511 3948 11628    313 2016 12  3      6    122    -44 0 0 0
54511 3948 11628    313 2016 12  4     15    128    -42 0 0 0
54511 3948 11628    313 2016 12  5      6    133    -49 0 0 0
54511 3948 11628    313 2016 12  6    -11    115    -77 0 0 0
54511 3948 11628    313 2016 12  7     -1    138    -55 0 0 0
54511 3948 11628    313 2016 12  8     19    146    -36 0 0 0
54511 3948 11628    313 2016 12  9     -2    132    -51 0 0 0
54511 3948 11628    313 2016 12 10    -18    137    -76 0 0 0
54511 3948 11628    313 2016 12 11    -13     80    -64 0 0 0
54511 3948 11628    313 2016 12 12     15     98    -26 0 0 0
54511 3948 11628    313 2016 12 13    -18     52    -56 0 0 0
54511 3948 11628    313 2016 12 14    -22    116    -81 0 0 0
54511 3948 11628    313 2016 12 15    -18    122    -80 0 0 0
54511 3948 11628    313 2016 12 16    -25    122    -85 0 0 0
54511 3948 11628    313 2016 12 17    -32    114    -78 0 0 0
54511 3948 11628    313 2016 12 18    -22    114    -73 0 0 0
54511 3948 11628    313 2016 12 19    -19    139    -77 0 0 0
54511 3948 11628    313 2016 12 20     -6     59    -67 0 0 0
54511 3948 11628    313 2016 12 21      5     81    -32 0 0 0
54511 3948 11628    313 2016 12 22      4    142    -62 0 0 0
54511 3948 11628    313 2016 12 23    -19    126    -78 0 0 0
54511 3948 11628    313 2016 12 24    -19     95    -72 0 0 0
54511 3948 11628    313 2016 12 25    -20     26    -63 0 0 0
54511 3948 11628    313 2016 12 26      0    110    -73 0 0 0
54511 3948 11628    313 2016 12 27    -26    126    -99 0 0 0
54511 3948 11628    313 2016 12 28    -26    103    -85 0 0 0
54511 3948 11628    313 2016 12 29    -46    109   -124 0 0 0
54511 3948 11628    313 2016 12 30    -50     92   -114 0 0 0
54511 3948 11628    313 2016 12 31    -50     82   -105 0 0 0
54511 3948 11628    313 2017  1  1    -26     57    -69 0 0 0
54511 3948 11628    313 2017  1  2    -27    118   -112 0 0 0
54511 3948 11628    313 2017  1  3    -41     99   -101 0 0 0
54511 3948 11628    313 2017  1  4    -12    121    -80 0 0 0
54511 3948 11628    313 2017  1  5     -1     92    -56 0 0 0
54511 3948 11628    313 2017  1  6     -4    134    -83 0 0 0
54511 3948 11628    313 2017  1  7      0     76     -9 0 0 0
54511 3948 11628    313 2017  1  8     -5    160    -71 0 0 0
54511 3948 11628    313 2017  1  9      0    163    -74 0 0 0
54511 3948 11628    313 2017  1 10    -15    132    -83 0 0 0
54511 3948 11628    313 2017  1 11    -33    166   -110 0 0 0
54511 3948 11628    313 2017  1 12    -32    143    -99 0 0 0
54511 3948 11628    313 2017  1 13     -9    143   -117 0 0 0
54511 3948 11628    313 2017  1 14    -38    161   -129 0 0 0
54511 3948 11628    313 2017  1 15    -37    103    -98 0 0 0
54511 3948 11628    313 2017  1 16    -12     93    -91 0 0 0
54511 3948 11628    313 2017  1 17    -12    101    -86 0 0 0
54511 3948 11628    313 2017  1 18    -43    143   -121 0 0 0
54511 3948 11628    313 2017  1 19    -25    108    -95 0 0 0
54511 3948 11628    313 2017  1 20    -54    151   -139 0 0 0
54511 3948 11628    313 2017  1 21    -51    126   -146 0 0 0
54511 3948 11628    313 2017  1 22    -62    164   -153 0 0 0
54511 3948 11628    313 2017  1 23    -69    146   -157 0 0 0
54511 3948 11628    313 2017  1 24    -59    156   -150 0 0 0
54511 3948 11628    313 2017  1 25    -51    130   -124 0 0 0
54511 3948 11628    313 2017  1 26     -7    166   -104 0 0 0
54511 3948 11628    313 2017  1 27    -28    171   -140 0 0 0
54511 3948 11628    313 2017  1 28    -31    118    -96 0 0 0
54511 3948 11628    313 2017  1 29    -12    113    -89 0 0 0
54511 3948 11628    313 2017  1 30    -19    202   -145 0 0 0
54511 3948 11628    313 2017  1 31    -21    192   -109 0 0 0
54511 3948 11628    313 2017  2  1    -16    222   -114 0 0 0
54511 3948 11628    313 2017  2  2    -40    204   -147 0 0 0
54511 3948 11628    313 2017  2  3    -28    166   -113 0 0 0
54511 3948 11628    313 2017  2  4      1    164    -73 0 0 0
54511 3948 11628    313 2017  2  5     22    249    -98 0 0 0
54511 3948 11628    313 2017  2  6     -2    242    -75 0 0 0
54511 3948 11628    313 2017  2  7      3    157    -69 0 0 0
54511 3948 11628    313 2017  2  8      7    189    -85 0 0 0
54511 3948 11628    313 2017  2  9     -7    182    -89 0 0 0
54511 3948 11628    313 2017  2 10      8    207    -81 0 0 0
54511 3948 11628    313 2017  2 11     -8    266   -125 0 0 0
54511 3948 11628    313 2017  2 12     -1    244   -110 0 0 0
54511 3948 11628    313 2017  2 13     23    285   -101 0 0 0
54511 3948 11628    313 2017  2 14    -10    159    -91 0 0 0
54511 3948 11628    313 2017  2 15      8    204    -82 0 0 0
54511 3948 11628    313 2017  2 16     30    140    -44 0 0 0
54511 3948 11628    313 2017  2 17     27    256    -64 0 0 0
54511 3948 11628    313 2017  2 18     32    240    -85 0 0 0
54511 3948 11628    313 2017  2 19     55    249    -45 0 0 0
54511 3948 11628    313 2017  2 20     17    185    -65 0 0 0
54511 3948 11628    313 2017  2 21    -20     73    -70 0 0 0
54511 3948 11628    313 2017  2 22     -9     -1    -19 0 0 0
54511 3948 11628    313 2017  2 23     19    169    -57 0 0 0
54511 3948 11628    313 2017  2 24     33    213    -64 0 0 0
54511 3948 11628    313 2017  2 25     65    275    -50 0 0 0
54511 3948 11628    313 2017  2 26     59    287    -51 0 0 0
54511 3948 11628    313 2017  2 27     65    295    -48 0 0 0
54511 3948 11628    313 2017  2 28     87    329    -33 0 0 0
54511 3948 11628    313 2017  3  1     70    243    -11 0 0 0
54511 3948 11628    313 2017  3  2     68    312    -67 0 0 0
54511 3948 11628    313 2017  3  3     76    311    -55 0 0 0
54511 3948 11628    313 2017  3  4     67    308    -60 0 0 0
54511 3948 11628    313 2017  3  5     92    325    -22 0 0 0
54511 3948 11628    313 2017  3  6     17    297    -71 0 0 0
54511 3948 11628    313 2017  3  7     64    260    -59 0 0 0
54511 3948 11628    313 2017  3  8     79    322    -82 0 0 0
54511 3948 11628    313 2017  3  9     97    383    -74 0 0 0
54511 3948 11628    313 2017  3 10    114    396    -65 0 0 0
54511 3948 11628    313 2017  3 11    135    359     11 0 0 0
54511 3948 11628    313 2017  3 12    120    356    -12 0 0 0
54511 3948 11628    313 2017  3 13    113    390    -64 0 0 0
54511 3948 11628    313 2017  3 14    129    404    -66 0 0 0
54511 3948 11628    313 2017  3 15    103    354    -36 0 0 0
54511 3948 11628    313 2017  3 16     97    353    -44 0 0 0
54511 3948 11628    313 2017  3 17    119    331     13 0 0 0
54511 3948 11628    313 2017  3 18    137    377    -18 0 0 0
54511 3948 11628    313 2017  3 19    141    348      6 0 0 0
54511 3948 11628    313 2017  3 20     88    200     64 0 0 0
54511 3948 11628    313 2017  3 21    125    352     -6 0 0 0
54511 3948 11628    313 2017  3 22    109    309    -12 0 0 0
54511 3948 11628    313 2017  3 23     67     95     53 0 0 0
54511 3948 11628    313 2017  3 24     41     67     15 0 0 0
54511 3948 11628    313 2017  3 25     81    271     -5 0 0 0
54511 3948 11628    313 2017  3 26    120    329     13 0 0 0
54511 3948 11628    313 2017  3 27    132    366    -10 0 0 0
54511 3948 11628    313 2017  3 28    135    370     -4 0 0 0
54511 3948 11628    313 2017  3 29    153    386     10 0 0 0
54511 3948 11628    313 2017  3 30    152    347     57 0 0 0
54511 3948 11628    313 2017  3 31    172    413      2 0 0 0
54511 3948 11628    313 2017  4  1    183    453     -7 0 0 0
54511 3948 11628    313 2017  4  2    188    482      3 0 0 0
54511 3948 11628    313 2017  4  3    176    434     22 0 0 0
54511 3948 11628    313 2017  4  4    172    280     88 0 0 0
54511 3948 11628    313 2017  4  5    188    439    111 0 0 0
54511 3948 11628    313 2017  4  6    212    488     62 0 0 0
54511 3948 11628    313 2017  4  7    169    305    109 0 0 0
54511 3948 11628    313 2017  4  8    189    367    111 0 0 0
54511 3948 11628    313 2017  4  9    182    430     24 0 0 0
54511 3948 11628    313 2017  4 10    185    389     86 0 0 0
54511 3948 11628    313 2017  4 11    174    441     33 0 0 0
54511 3948 11628    313 2017  4 12    197    516      0 0 0 0
54511 3948 11628    313 2017  4 13    166    416     10 0 0 0
54511 3948 11628    313 2017  4 14    229    521     36 0 0 0
54511 3948 11628    313 2017  4 15    252    573     52 0 0 0
54511 3948 11628    313 2017  4 16    210    401     86 0 0 0
54511 3948 11628    313 2017  4 17    228    436     65 0 0 0
54511 3948 11628    313 2017  4 18    227    460     73 0 0 0
54511 3948 11628    313 2017  4 19    141    242     65 0 0 0
54511 3948 11628    313 2017  4 20    218    514      0 0 0 0
54511 3948 11628    313 2017  4 21    233    534     82 0 0 0
54511 3948 11628    313 2017  4 22    234    504     35 0 0 0
54511 3948 11628    313 2017  4 23    249    538     93 0 0 0
54511 3948 11628    313 2017  4 24    238    471     55 0 0 0
54511 3948 11628    313 2017  4 25    197    445     83 0 0 0
54511 3948 11628    313 2017  4 26    232    507     14 0 0 0
54511 3948 11628    313 2017  4 27    249    564     16 0 0 0
54511 3948 11628    313 2017  4 28    269    598     54 0 0 0
54511 3948 11628    313 2017  4 29    303    604     82 0 0 0
54511 3948 11628    313 2017  4 30    278    547     98 0 0 0
54511 3948 11628    313 2017  5  1    249    538     61 0 0 0
54511 3948 11628    313 2017  5  2    279    553     91 0 0 0
54511 3948 11628    313 2017  5  3    228    494    140 0 0 0
54511 3948 11628    313 2017  5  4    247    492    118 0 0 0
54511 3948 11628    313 2017  5  5    220    464    111 0 0 0
54511 3948 11628    313 2017  5  6    269    552     57 0 0 0
54511 3948 11628    313 2017  5  7    302    627     61 0 0 0
54511 3948 11628    313 2017  5  8    298    605    101 0 0 0
54511 3948 11628    313 2017  5  9    293    542    116 0 0 0
54511 3948 11628    313 2017  5 10    308    619    113 0 0 0
54511 3948 11628    313 2017  5 11    283    556     72 0 0 0
54511 3948 11628    313 2017  5 12    281    528     71 0 0 0
54511 3948 11628    313 2017  5 13    285    557     76 0 0 0
54511 3948 11628    313 2017  5 14    322    612    116 0 0 0
54511 3948 11628    313 2017  5 15    288    612     83 0 0 0
54511 3948 11628    313 2017  5 16    308    612    117 0 0 0
54511 3948 11628    313 2017  5 17    344    629    133 0 0 0
54511 3948 11628    313 2017  5 18    351    629    153 0 0 0
54511 3948 11628    313 2017  5 19    361    623    184 0 0 0
54511 3948 11628    313 2017  5 20    348    641    157 0 0 0
54511 3948 11628    313 2017  5 21    296    582    173 0 0 0
54511 3948 11628    313 2017  5 22    185    221    164 0 0 0
54511 3948 11628    313 2017  5 23    254    437     98 0 0 0
54511 3948 11628    313 2017  5 24    287    534    104 0 0 0
54511 3948 11628    313 2017  5 25    297    532    131 0 0 0
54511 3948 11628    313 2017  5 26    302    558    124 0 0 0
54511 3948 11628    313 2017  5 27    320    567    147 0 0 0
54511 3948 11628    313 2017  5 28    339    595    174 0 0 0
54511 3948 11628    313 2017  5 29    271    451    213 0 0 0
54511 3948 11628    313 2017  5 30    270    504    173 0 0 0
54511 3948 11628    313 2017  5 31    316    571    129 0 0 0
54511 3948 11628    313 2017  6  1    334    612    126 0 0 0
54511 3948 11628    313 2017  6  2    251    449    168 0 0 0
54511 3948 11628    313 2017  6  3    274    536     86 0 0 0
54511 3948 11628    313 2017  6  4    327    606    113 0 0 0
54511 3948 11628    313 2017  6  5    273    537    160 0 0 0
54511 3948 11628    313 2017  6  6    194    264    159 0 0 0
54511 3948 11628    313 2017  6  7    304    568    115 0 0 0
54511 3948 11628    313 2017  6  8    278    582    121 0 0 0
54511 3948 11628    313 2017  6  9    363    636    135 0 0 0
54511 3948 11628    313 2017  6 10    326    585    152 0 0 0
54511 3948 11628    313 2017  6 11    318    608    116 0 0 0
54511 3948 11628    313 2017  6 12    273    479    143 0 0 0
54511 3948 11628    313 2017  6 13    243    351    161 0 0 0
54511 3948 11628    313 2017  6 14    314    566    129 0 0 0
54511 3948 11628    313 2017  6 15    344    608    160 0 0 0
54511 3948 11628    313 2017  6 16    356    598    184 0 0 0
54511 3948 11628    313 2017  6 17    348    538    196 0 0 0
54511 3948 11628    313 2017  6 18    346    573    220 0 0 0
54511 3948 11628    313 2017  6 19    378    632    189 0 0 0
54511 3948 11628    313 2017  6 20    369    626    187 0 0 0
54511 3948 11628    313 2017  6 21    343    555    216 0 0 0
54511 3948 11628    313 2017  6 22    218    276    198 0 0 0
54511 3948 11628    313 2017  6 23    199    303    184 0 0 0
54511 3948 11628    313 2017  6 24    239    327    179 0 0 0
54511 3948 11628    313 2017  6 25    266    398    163 0 0 0
54511 3948 11628    313 2017  6 26    280    409    179 0 0 0
54511 3948 11628    313 2017  6 27    288    404    196 0 0 0
54511 3948 11628    313 2017  6 28    287    417    208 0 0 0
54511 3948 11628    313 2017  6 29    325    478    226 0 0 0
54511 3948 11628    313 2017  6 30    342    527    221 0 0 0
