54406 4027 11558   4879 2013 12  1    -41    140   -126 0 0 0
54406 4027 11558   4879 2013 12  2    -54    149   -118 0 0 0
54406 4027 11558   4879 2013 12  3    -31    142   -108 0 0 0
54406 4027 11558   4879 2013 12  4    -37    131   -103 0 0 0
54406 4027 11558   4879 2013 12  5    -20    134   -101 0 0 0
54406 4027 11558   4879 2013 12  6    -29    153   -109 0 0 0
54406 4027 11558   4879 2013 12  7    -31    142   -118 0 0 0
54406 4027 11558   4879 2013 12  8    -29    101    -89 0 0 0
54406 4027 11558   4879 2013 12  9    -42    133   -114 0 0 0
54406 4027 11558   4879 2013 12 10    -52    114   -111 0 0 0
54406 4027 11558   4879 2013 12 11    -43    120   -125 0 0 0
54406 4027 11558   4879 2013 12 12    -55     93   -123 0 0 0
54406 4027 11558   4879 2013 12 13    -60    119   -151 0 0 0
54406 4027 11558   4879 2013 12 14    -63    121   -157 0 0 0
54406 4027 11558   4879 2013 12 15    -62    121   -145 0 0 0
54406 4027 11558   4879 2013 12 16    -63     98   -153 0 0 0
54406 4027 11558   4879 2013 12 17    -54     91   -119 0 0 0
54406 4027 11558   4879 2013 12 18    -92     61   -171 0 0 0
54406 4027 11558   4879 2013 12 19    -82    100   -169 0 0 0
54406 4027 11558   4879 2013 12 20    -81     97   -178 0 0 0
54406 4027 11558   4879 2013 12 21    -99     86   -179 0 0 0
54406 4027 11558   4879 2013 12 22    -93     79   -170 0 0 0
54406 4027 11558   4879 2013 12 23    -84    111   -169 0 0 0
54406 4027 11558   4879 2013 12 24    -88     76   -169 0 0 0
54406 4027 11558   4879 2013 12 25    -81    103   -150 0 0 0
54406 4027 11558   4879 2013 12 26    -85     76   -152 0 0 0
54406 4027 11558   4879 2013 12 27   -105     51   -193 0 0 0
54406 4027 11558   4879 2013 12 28    -80     69   -149 0 0 0
54406 4027 11558   4879 2013 12 29    -41    102   -129 0 0 0
54406 4027 11558   4879 2013 12 30    -35    122   -121 0 0 0
54406 4027 11558   4879 2013 12 31     -6    132    -82 0 0 0
54406 4027 11558   4879 2014  1  1      2    154    -66 0 0 0
54406 4027 11558   4879 2014  1  2    -41    160   -128 0 0 0
54406 4027 11558   4879 2014  1  3    -39    157   -115 0 0 0
54406 4027 11558   4879 2014  1  4    -63    136   -147 0 0 0
54406 4027 11558   4879 2014  1  5    -71    138   -163 0 0 0
54406 4027 11558   4879 2014  1  6    -50     24   -134 0 0 0
54406 4027 11558   4879 2014  1  7    -39    120   -115 0 0 0
54406 4027 11558   4879 2014  1  8    -82     95   -152 0 0 0
54406 4027 11558   4879 2014  1  9   -111     81   -206 0 0 0
54406 4027 11558   4879 2014  1 10   -107    104   -205 0 0 0
54406 4027 11558   4879 2014  1 11    -98    111   -197 0 0 0
54406 4027 11558   4879 2014  1 12    -86    110   -178 0 0 0
54406 4027 11558   4879 2014  1 13   -102    112   -192 0 0 0
54406 4027 11558   4879 2014  1 14    -98    123   -203 0 0 0
54406 4027 11558   4879 2014  1 15    -86    133   -193 0 0 0
54406 4027 11558   4879 2014  1 16    -53    135   -149 0 0 0
54406 4027 11558   4879 2014  1 17    -46    111   -137 0 0 0
54406 4027 11558   4879 2014  1 18    -53    157   -177 0 0 0
54406 4027 11558   4879 2014  1 19    -10    173   -106 0 0 0
54406 4027 11558   4879 2014  1 20    -53    140   -118 0 0 0
54406 4027 11558   4879 2014  1 21    -83    147   -186 0 0 0
54406 4027 11558   4879 2014  1 22    -57    152   -178 0 0 0
54406 4027 11558   4879 2014  1 23    -67    118   -156 0 0 0
54406 4027 11558   4879 2014  1 24    -32     76   -123 0 0 0
54406 4027 11558   4879 2014  1 25    -39    166   -141 0 0 0
54406 4027 11558   4879 2014  1 26    -77    115   -158 0 0 0
54406 4027 11558   4879 2014  1 27    -41    190   -151 0 0 0
54406 4027 11558   4879 2014  1 28    -50    191   -188 0 0 0
54406 4027 11558   4879 2014  1 29    -55    136   -139 0 0 0
54406 4027 11558   4879 2014  1 30    -20    205   -118 0 0 0
54406 4027 11558   4879 2014  1 31    -24    193    -90 0 0 0
54406 4027 11558   4879 2014  2  1     10    152    -90 0 0 0
54406 4027 11558   4879 2014  2  2      5    215    -80 0 0 0
54406 4027 11558   4879 2014  2  3    -38    156   -136 0 0 0
54406 4027 11558   4879 2014  2  4    -73    126   -179 0 0 0
54406 4027 11558   4879 2014  2  5    -61    169   -186 0 0 0
54406 4027 11558   4879 2014  2  6    -31    119   -141 0 0 0
54406 4027 11558   4879 2014  2  7    -38     57    -73 0 0 0
54406 4027 11558   4879 2014  2  8    -61    165   -143 0 0 0
54406 4027 11558   4879 2014  2  9    -94    102   -185 0 0 0
54406 4027 11558   4879 2014  2 10    -89    156   -205 0 0 0
54406 4027 11558   4879 2014  2 11    -73    166   -204 0 0 0
54406 4027 11558   4879 2014  2 12    -64    211   -194 0 0 0
54406 4027 11558   4879 2014  2 13    -64     68   -157 0 0 0
54406 4027 11558   4879 2014  2 14    -33    152   -135 0 0 0
54406 4027 11558   4879 2014  2 15    -29    179   -124 0 0 0
54406 4027 11558   4879 2014  2 16    -12    237   -148 0 0 0
54406 4027 11558   4879 2014  2 17      1    185    -74 0 0 0
54406 4027 11558   4879 2014  2 18    -29    110   -103 0 0 0
54406 4027 11558   4879 2014  2 19    -25    219   -133 0 0 0
54406 4027 11558   4879 2014  2 20    -32    215   -163 0 0 0
54406 4027 11558   4879 2014  2 21      9    173    -86 0 0 0
54406 4027 11558   4879 2014  2 22     -5     37    -64 0 0 0
54406 4027 11558   4879 2014  2 23      9     57    -11 0 0 0
54406 4027 11558   4879 2014  2 24     33    188    -39 0 0 0
54406 4027 11558   4879 2014  2 25     27    193    -76 0 0 0
54406 4027 11558   4879 2014  2 26      4    118    -52 0 0 0
54406 4027 11558   4879 2014  2 27      1    209   -108 0 0 0
54406 4027 11558   4879 2014  2 28    -17    168   -127 0 0 0
54406 4027 11558   4879 2014  3  1      0    271   -112 0 0 0
54406 4027 11558   4879 2014  3  2     14    299   -125 0 0 0
54406 4027 11558   4879 2014  3  3    -22     93   -102 0 0 0
54406 4027 11558   4879 2014  3  4     18    269   -120 0 0 0
54406 4027 11558   4879 2014  3  5     -4    256   -161 0 0 0
54406 4027 11558   4879 2014  3  6     -3    270   -140 0 0 0
54406 4027 11558   4879 2014  3  7      8    287   -163 0 0 0
54406 4027 11558   4879 2014  3  8     34    294   -111 0 0 0
54406 4027 11558   4879 2014  3  9     35    322   -143 0 0 0
54406 4027 11558   4879 2014  3 10     43    273    -75 0 0 0
54406 4027 11558   4879 2014  3 11     27    227    -78 0 0 0
54406 4027 11558   4879 2014  3 12     47    265    -36 0 0 0
54406 4027 11558   4879 2014  3 13     33    309   -138 0 0 0
54406 4027 11558   4879 2014  3 14     76    332    -86 0 0 0
54406 4027 11558   4879 2014  3 15     81    404    -93 0 0 0
54406 4027 11558   4879 2014  3 16    102    362    -46 0 0 0
54406 4027 11558   4879 2014  3 17    114    371    -18 0 0 0
54406 4027 11558   4879 2014  3 18     99    403    -49 0 0 0
54406 4027 11558   4879 2014  3 19     80    324    -32 0 0 0
54406 4027 11558   4879 2014  3 20    128    408    -60 0 0 0
54406 4027 11558   4879 2014  3 21    113    388    -73 0 0 0
54406 4027 11558   4879 2014  3 22    136    450    -63 0 0 0
54406 4027 11558   4879 2014  3 23    114    345    -35 0 0 0
54406 4027 11558   4879 2014  3 24    143    406    -11 0 0 0
54406 4027 11558   4879 2014  3 25    146    409    -31 0 0 0
54406 4027 11558   4879 2014  3 26    164    444     -8 0 0 0
54406 4027 11558   4879 2014  3 27    101    167     43 0 0 0
54406 4027 11558   4879 2014  3 28    142    297     81 0 0 0
54406 4027 11558   4879 2014  3 29    155    381     14 0 0 0
54406 4027 11558   4879 2014  3 30    168    428    -11 0 0 0
54406 4027 11558   4879 2014  3 31    138    297     73 0 0 0
54406 4027 11558   4879 2014  4  1    169    437    -18 0 0 0
54406 4027 11558   4879 2014  4  2    182    434     14 0 0 0
54406 4027 11558   4879 2014  4  3    162    409     -1 0 0 0
54406 4027 11558   4879 2014  4  4    171    466     -7 0 0 0
54406 4027 11558   4879 2014  4  5    172    434     11 0 0 0
54406 4027 11558   4879 2014  4  6    181    484    -29 0 0 0
54406 4027 11558   4879 2014  4  7    199    500    -10 0 0 0
54406 4027 11558   4879 2014  4  8    193    454     32 0 0 0
54406 4027 11558   4879 2014  4  9    221    500     47 0 0 0
54406 4027 11558   4879 2014  4 10    156    295    101 0 0 0
54406 4027 11558   4879 2014  4 11    181    405     93 0 0 0
54406 4027 11558   4879 2014  4 12    175    449     15 0 0 0
54406 4027 11558   4879 2014  4 13    210    510     25 0 0 0
54406 4027 11558   4879 2014  4 14    231    499     49 0 0 0
54406 4027 11558   4879 2014  4 15    165    295    115 0 0 0
54406 4027 11558   4879 2014  4 16    196    411     84 0 0 0
54406 4027 11558   4879 2014  4 17    142    258     88 0 0 0
54406 4027 11558   4879 2014  4 18    161    352     55 0 0 0
54406 4027 11558   4879 2014  4 19    106    241     76 0 0 0
54406 4027 11558   4879 2014  4 20    139    340      1 0 0 0
54406 4027 11558   4879 2014  4 21    193    477      5 0 0 0
54406 4027 11558   4879 2014  4 22    195    486     -4 0 0 0
54406 4027 11558   4879 2014  4 23    206    452     51 0 0 0
54406 4027 11558   4879 2014  4 24    213    411    104 0 0 0
54406 4027 11558   4879 2014  4 25    184    401     98 0 0 0
54406 4027 11558   4879 2014  4 26    191    407     41 0 0 0
54406 4027 11558   4879 2014  4 27    210    472     24 0 0 0
54406 4027 11558   4879 2014  4 28    242    528     70 0 0 0
54406 4027 11558   4879 2014  4 29    250    541     64 0 0 0
54406 4027 11558   4879 2014  4 30    261    554     72 0 0 0
54406 4027 11558   4879 2014  5  1    205    435     20 0 0 0
54406 4027 11558   4879 2014  5  2    113    287     39 0 0 0
54406 4027 11558   4879 2014  5  3    106    274     15 0 0 0
54406 4027 11558   4879 2014  5  4    128    335     -6 0 0 0
54406 4027 11558   4879 2014  5  5    163    422    -13 0 0 0
54406 4027 11558   4879 2014  5  6    172    462     31 0 0 0
54406 4027 11558   4879 2014  5  7    224    472     47 0 0 0
54406 4027 11558   4879 2014  5  8    184    453     47 0 0 0
54406 4027 11558   4879 2014  5  9    149    188    127 0 0 0
54406 4027 11558   4879 2014  5 10    175    299    100 0 0 0
54406 4027 11558   4879 2014  5 11    120    202     90 0 0 0
54406 4027 11558   4879 2014  5 12    192    379     58 0 0 0
54406 4027 11558   4879 2014  5 13    222    452     66 0 0 0
54406 4027 11558   4879 2014  5 14    160    363     84 0 0 0
54406 4027 11558   4879 2014  5 15    237    474     38 0 0 0
54406 4027 11558   4879 2014  5 16    278    525     92 0 0 0
54406 4027 11558   4879 2014  5 17    221    469    115 0 0 0
54406 4027 11558   4879 2014  5 18    253    487     92 0 0 0
54406 4027 11558   4879 2014  5 19    261    457    153 0 0 0
54406 4027 11558   4879 2014  5 20    294    518    119 0 0 0
54406 4027 11558   4879 2014  5 21    299    510    137 0 0 0
54406 4027 11558   4879 2014  5 22    298    499    147 0 0 0
54406 4027 11558   4879 2014  5 23    294    495    156 0 0 0
54406 4027 11558   4879 2014  5 24    207    356    174 0 0 0
54406 4027 11558   4879 2014  5 25    244    479    153 0 0 0
54406 4027 11558   4879 2014  5 26    297    584    124 0 0 0
54406 4027 11558   4879 2014  5 27    301    538    176 0 0 0
54406 4027 11558   4879 2014  5 28    329    582     93 0 0 0
54406 4027 11558   4879 2014  5 29    344    644    128 0 0 0
54406 4027 11558   4879 2014  5 30    331    588    160 0 0 0
54406 4027 11558   4879 2014  5 31    304    564    183 0 0 0
54406 4027 11558   4879 2014  6  1    212    296    178 0 0 0
54406 4027 11558   4879 2014  6  2    243    435    146 0 0 0
54406 4027 11558   4879 2014  6  3    296    558    111 0 0 0
54406 4027 11558   4879 2014  6  4    285    562    170 0 0 0
54406 4027 11558   4879 2014  6  5    316    563    152 0 0 0
54406 4027 11558   4879 2014  6  6    207    289    166 0 0 0
54406 4027 11558   4879 2014  6  7    222    378    102 0 0 0
54406 4027 11558   4879 2014  6  8    197    418    134 0 0 0
54406 4027 11558   4879 2014  6  9    210    447     96 0 0 0
54406 4027 11558   4879 2014  6 10    218    352     91 0 0 0
54406 4027 11558   4879 2014  6 11    238    377    123 0 0 0
54406 4027 11558   4879 2014  6 12    258    455    134 0 0 0
54406 4027 11558   4879 2014  6 13    237    486    160 0 0 0
54406 4027 11558   4879 2014  6 14    270    435    144 0 0 0
54406 4027 11558   4879 2014  6 15    241    455    177 0 0 0
54406 4027 11558   4879 2014  6 16    280    444    166 0 0 0
54406 4027 11558   4879 2014  6 17    249    479    186 0 0 0
54406 4027 11558   4879 2014  6 18    294    523    155 0 0 0
54406 4027 11558   4879 2014  6 19    260    437    144 0 0 0
54406 4027 11558   4879 2014  6 20    235    399    173 0 0 0
54406 4027 11558   4879 2014  6 21    236    404    171 0 0 0
54406 4027 11558   4879 2014  6 22    207    380    133 0 0 0
54406 4027 11558   4879 2014  6 23    271    477    126 0 0 0
54406 4027 11558   4879 2014  6 24    289    464    147 0 0 0
54406 4027 11558   4879 2014  6 25    215    402    177 0 0 0
54406 4027 11558   4879 2014  6 26    250    504    178 0 0 0
54406 4027 11558   4879 2014  6 27    322    563    154 0 0 0
54406 4027 11558   4879 2014  6 28    329    616    143 0 0 0
54406 4027 11558   4879 2014  6 29    322    587    166 0 0 0
54406 4027 11558   4879 2014  6 30    306    546    178 0 0 0
54406 4027 11558   4879 2014  7  1    262    478    187 0 0 0
54406 4027 11558   4879 2014  7  2    237    323    197 0 0 0
54406 4027 11558   4879 2014  7  3    227    403    185 0 0 0
54406 4027 11558   4879 2014  7  4    281    462    184 0 0 0
54406 4027 11558   4879 2014  7  5    292    455    201 0 0 0
54406 4027 11558   4879 2014  7  6    314    558    198 0 0 0
54406 4027 11558   4879 2014  7  7    286    427    224 0 0 0
54406 4027 11558   4879 2014  7  8    324    551    212 0 0 0
54406 4027 11558   4879 2014  7  9    284    500    192 0 0 0
54406 4027 11558   4879 2014  7 10    335    633    159 0 0 0
54406 4027 11558   4879 2014  7 11    360    627    169 0 0 0
54406 4027 11558   4879 2014  7 12    343    629    168 0 0 0
54406 4027 11558   4879 2014  7 13    322    626    156 0 0 0
54406 4027 11558   4879 2014  7 14    336    604    160 0 0 0
54406 4027 11558   4879 2014  7 15    296    550    165 0 0 0
54406 4027 11558   4879 2014  7 16    317    573    164 0 0 0
54406 4027 11558   4879 2014  7 17    261    411    195 0 0 0
54406 4027 11558   4879 2014  7 18    312    498    220 0 0 0
54406 4027 11558   4879 2014  7 19    340    532    230 0 0 0
54406 4027 11558   4879 2014  7 20    342    534    226 0 0 0
54406 4027 11558   4879 2014  7 21    259    369    222 0 0 0
54406 4027 11558   4879 2014  7 22    226    300    202 0 0 0
54406 4027 11558   4879 2014  7 23    255    399    183 0 0 0
54406 4027 11558   4879 2014  7 24    268    469    196 0 0 0
54406 4027 11558   4879 2014  7 25    333    600    161 0 0 0
54406 4027 11558   4879 2014  7 26    352    608    183 0 0 0
54406 4027 11558   4879 2014  7 27    350    598    195 0 0 0
54406 4027 11558   4879 2014  7 28    337    567    196 0 0 0
54406 4027 11558   4879 2014  7 29    306    456    194 0 0 0
54406 4027 11558   4879 2014  7 30    267    401    206 0 0 0
54406 4027 11558   4879 2014  7 31    288    437    197 0 0 0
54406 4027 11558   4879 2014  8  1    272    383    212 0 0 0
54406 4027 11558   4879 2014  8  2    331    534    215 0 0 0
54406 4027 11558   4879 2014  8  3    310    573    230 0 0 0
54406 4027 11558   4879 2014  8  4    221    280    188 0 0 0
54406 4027 11558   4879 2014  8  5    269    544    145 0 0 0
54406 4027 11558   4879 2014  8  6    296    558    162 0 0 0
54406 4027 11558   4879 2014  8  7    323    617    142 0 0 0
54406 4027 11558   4879 2014  8  8    282    540    170 0 0 0
54406 4027 11558   4879 2014  8  9    296    556    167 0 0 0
54406 4027 11558   4879 2014  8 10    258    466    163 0 0 0
54406 4027 11558   4879 2014  8 11    297    548    146 0 0 0
54406 4027 11558   4879 2014  8 12    318    555    147 0 0 0
54406 4027 11558   4879 2014  8 13    204    302    180 0 0 0
54406 4027 11558   4879 2014  8 14    239    401    123 0 0 0
54406 4027 11558   4879 2014  8 15    268    499    132 0 0 0
54406 4027 11558   4879 2014  8 16    300    536    148 0 0 0
54406 4027 11558   4879 2014  8 17    283    515    194 0 0 0
54406 4027 11558   4879 2014  8 18    309    553    155 0 0 0
54406 4027 11558   4879 2014  8 19    278    575    163 0 0 0
54406 4027 11558   4879 2014  8 20    312    560    176 0 0 0
54406 4027 11558   4879 2014  8 21    314    544    201 0 0 0
54406 4027 11558   4879 2014  8 22    241    391    159 0 0 0
54406 4027 11558   4879 2014  8 23    297    522    160 0 0 0
54406 4027 11558   4879 2014  8 24    294    521    166 0 0 0
54406 4027 11558   4879 2014  8 25    293    557    115 0 0 0
54406 4027 11558   4879 2014  8 26    297    584    109 0 0 0
54406 4027 11558   4879 2014  8 27    295    571    104 0 0 0
54406 4027 11558   4879 2014  8 28    212    286    179 0 0 0
54406 4027 11558   4879 2014  8 29    215    338    158 0 0 0
54406 4027 11558   4879 2014  8 30    200    234    168 0 0 0
54406 4027 11558   4879 2014  8 31    230    357    167 0 0 0
54406 4027 11558   4879 2014  9  1    211    282    173 0 0 0
54406 4027 11558   4879 2014  9  2    187    233    170 0 0 0
54406 4027 11558   4879 2014  9  3    199    326    123 0 0 0
54406 4027 11558   4879 2014  9  4    212    348    117 0 0 0
54406 4027 11558   4879 2014  9  5    226    358    132 0 0 0
54406 4027 11558   4879 2014  9  6    221    348    153 0 0 0
54406 4027 11558   4879 2014  9  7    241    362    184 0 0 0
54406 4027 11558   4879 2014  9  8    226    455     94 0 0 0
54406 4027 11558   4879 2014  9  9    243    496     80 0 0 0
54406 4027 11558   4879 2014  9 10    244    451    128 0 0 0
54406 4027 11558   4879 2014  9 11    207    353    134 0 0 0
54406 4027 11558   4879 2014  9 12    190    265    163 0 0 0
54406 4027 11558   4879 2014  9 13    221    361    157 0 0 0
54406 4027 11558   4879 2014  9 14    178    272    141 0 0 0
54406 4027 11558   4879 2014  9 15    201    413     60 0 0 0
54406 4027 11558   4879 2014  9 16    151    287     68 0 0 0
54406 4027 11558   4879 2014  9 17    198    387    100 0 0 0
54406 4027 11558   4879 2014  9 18    213    457     64 0 0 0
54406 4027 11558   4879 2014  9 19    220    443    102 0 0 0
54406 4027 11558   4879 2014  9 20    207    435    107 0 0 0
54406 4027 11558   4879 2014  9 21    226    405    130 0 0 0
54406 4027 11558   4879 2014  9 22    202    291    153 0 0 0
54406 4027 11558   4879 2014  9 23    157    184    148 0 0 0
54406 4027 11558   4879 2014  9 24    185    342    128 0 0 0
54406 4027 11558   4879 2014  9 25    166    304     87 0 0 0
54406 4027 11558   4879 2014  9 26    160    293    123 0 0 0
54406 4027 11558   4879 2014  9 27    180    329     84 0 0 0
54406 4027 11558   4879 2014  9 28    160    278    116 0 0 0
54406 4027 11558   4879 2014  9 29    167    312     95 0 0 0
54406 4027 11558   4879 2014  9 30    122    238     68 0 0 0
54406 4027 11558   4879 2014 10  1     86    119     50 0 0 0
54406 4027 11558   4879 2014 10  2    128    257     92 0 0 0
54406 4027 11558   4879 2014 10  3    126    264     47 0 0 0
54406 4027 11558   4879 2014 10  4    136    235    110 0 0 0
54406 4027 11558   4879 2014 10  5    135    280     62 0 0 0
54406 4027 11558   4879 2014 10  6    118    284     16 0 0 0
54406 4027 11558   4879 2014 10  7    138    289     38 0 0 0
54406 4027 11558   4879 2014 10  8    136    254     71 0 0 0
54406 4027 11558   4879 2014 10  9    149    254     92 0 0 0
54406 4027 11558   4879 2014 10 10    146    250     97 0 0 0
54406 4027 11558   4879 2014 10 11    134    240     90 0 0 0
54406 4027 11558   4879 2014 10 12    106    224     67 0 0 0
54406 4027 11558   4879 2014 10 13     80    243     -6 0 0 0
54406 4027 11558   4879 2014 10 14     93    271     -5 0 0 0
54406 4027 11558   4879 2014 10 15    106    301     13 0 0 0
54406 4027 11558   4879 2014 10 16    107    317    -14 0 0 0
54406 4027 11558   4879 2014 10 17    112    332     -2 0 0 0
54406 4027 11558   4879 2014 10 18    136    347      7 0 0 0
54406 4027 11558   4879 2014 10 19    125    206     86 0 0 0
54406 4027 11558   4879 2014 10 20    135    289     64 0 0 0
54406 4027 11558   4879 2014 10 21    122    243     49 0 0 0
54406 4027 11558   4879 2014 10 22     99    282     -4 0 0 0
54406 4027 11558   4879 2014 10 23    126    273     53 0 0 0
54406 4027 11558   4879 2014 10 24    112    263     26 0 0 0
54406 4027 11558   4879 2014 10 25    124    288     30 0 0 0
54406 4027 11558   4879 2014 10 26    107    316     25 0 0 0
54406 4027 11558   4879 2014 10 27     68    263    -43 0 0 0
54406 4027 11558   4879 2014 10 28     89    265     -8 0 0 0
54406 4027 11558   4879 2014 10 29    116    279     17 0 0 0
54406 4027 11558   4879 2014 10 30    115    190     81 0 0 0
54406 4027 11558   4879 2014 10 31    107    173     91 0 0 0
54406 4027 11558   4879 2014 11  1     65    184     21 0 0 0
54406 4027 11558   4879 2014 11  2     72    272    -40 0 0 0
54406 4027 11558   4879 2014 11  3     77    279    -34 0 0 0
54406 4027 11558   4879 2014 11  4     68    281    -47 0 0 0
54406 4027 11558   4879 2014 11  5     74    303    -43 0 0 0
54406 4027 11558   4879 2014 11  6     57    261    -50 0 0 0
54406 4027 11558   4879 2014 11  7     53    209    -43 0 0 0
54406 4027 11558   4879 2014 11  8     36    233    -57 0 0 0
54406 4027 11558   4879 2014 11  9     33    255    -73 0 0 0
54406 4027 11558   4879 2014 11 10     25    212    -69 0 0 0
54406 4027 11558   4879 2014 11 11     45    213    -38 0 0 0
54406 4027 11558   4879 2014 11 12     26    194    -49 0 0 0
54406 4027 11558   4879 2014 11 13     19    214    -66 0 0 0
54406 4027 11558   4879 2014 11 14     11    222    -84 0 0 0
54406 4027 11558   4879 2014 11 15      1    151    -54 0 0 0
54406 4027 11558   4879 2014 11 16      2    197    -59 0 0 0
54406 4027 11558   4879 2014 11 17      8    192    -79 0 0 0
54406 4027 11558   4879 2014 11 18      3    184    -80 0 0 0
54406 4027 11558   4879 2014 11 19     11    159    -64 0 0 0
54406 4027 11558   4879 2014 11 20      9    155    -55 0 0 0
54406 4027 11558   4879 2014 11 21      1    178    -84 0 0 0
54406 4027 11558   4879 2014 11 22    -10    170    -91 0 0 0
54406 4027 11558   4879 2014 11 23     19    149    -54 0 0 0
54406 4027 11558   4879 2014 11 24     -7    171    -90 0 0 0
54406 4027 11558   4879 2014 11 25    -12    139    -78 0 0 0
54406 4027 11558   4879 2014 11 26     16    125    -54 0 0 0
54406 4027 11558   4879 2014 11 27     -1     69    -43 0 0 0
54406 4027 11558   4879 2014 11 28      5    154    -71 0 0 0
54406 4027 11558   4879 2014 11 29    -15     54    -70 0 0 0
54406 4027 11558   4879 2014 11 30     -8    119    -72 0 0 0
54406 4027 11558   4879 2014 12  1    -62     96   -120 0 0 0
54406 4027 11558   4879 2014 12  2    -77    109   -160 0 0 0
54406 4027 11558   4879 2014 12  3    -72    100   -155 0 0 0
54406 4027 11558   4879 2014 12  4    -67    105   -124 0 0 0
54406 4027 11558   4879 2014 12  5    -74    122   -151 0 0 0
54406 4027 11558   4879 2014 12  6    -68    128   -152 0 0 0
54406 4027 11558   4879 2014 12  7    -36    163   -115 0 0 0
54406 4027 11558   4879 2014 12  8    -58    134   -155 0 0 0
54406 4027 11558   4879 2014 12  9    -59     39   -125 0 0 0
54406 4027 11558   4879 2014 12 10    -36     90   -101 0 0 0
54406 4027 11558   4879 2014 12 11    -59    125   -146 0 0 0
54406 4027 11558   4879 2014 12 12    -64    107   -116 0 0 0
54406 4027 11558   4879 2014 12 13    -63    121   -143 0 0 0
54406 4027 11558   4879 2014 12 14    -64    129   -160 0 0 0
54406 4027 11558   4879 2014 12 15    -71    108   -129 0 0 0
54406 4027 11558   4879 2014 12 16    -75     95   -148 0 0 0
54406 4027 11558   4879 2014 12 17    -46    139   -127 0 0 0
54406 4027 11558   4879 2014 12 18    -51    131   -146 0 0 0
54406 4027 11558   4879 2014 12 19    -59    142   -135 0 0 0
54406 4027 11558   4879 2014 12 20   -100     65   -181 0 0 0
54406 4027 11558   4879 2014 12 21    -83     73   -159 0 0 0
54406 4027 11558   4879 2014 12 22    -39    132   -105 0 0 0
54406 4027 11558   4879 2014 12 23    -64    114   -146 0 0 0
54406 4027 11558   4879 2014 12 24    -52    136   -134 0 0 0
54406 4027 11558   4879 2014 12 25    -66    135   -153 0 0 0
54406 4027 11558   4879 2014 12 26    -48    113   -138 0 0 0
54406 4027 11558   4879 2014 12 27    -56    122   -132 0 0 0
54406 4027 11558   4879 2014 12 28    -31    137   -116 0 0 0
54406 4027 11558   4879 2014 12 29    -31    174   -128 0 0 0
54406 4027 11558   4879 2014 12 30    -28    150   -132 0 0 0
54406 4027 11558   4879 2014 12 31    -65     86   -133 0 0 0
54406 4027 11558   4879 2015  1  1    -63     99   -153 0 0 0
54406 4027 11558   4879 2015  1  2    -45    155   -135 0 0 0
54406 4027 11558   4879 2015  1  3    -63    103   -132 0 0 0
54406 4027 11558   4879 2015  1  4    -33    156   -142 0 0 0
54406 4027 11558   4879 2015  1  5    -15    136    -95 0 0 0
54406 4027 11558   4879 2015  1  6    -55    130   -152 0 0 0
54406 4027 11558   4879 2015  1  7    -82     78   -151 0 0 0
54406 4027 11558   4879 2015  1  8    -63    127   -157 0 0 0
54406 4027 11558   4879 2015  1  9    -43    150   -133 0 0 0
54406 4027 11558   4879 2015  1 10    -37    169   -138 0 0 0
54406 4027 11558   4879 2015  1 11    -27    174   -120 0 0 0
54406 4027 11558   4879 2015  1 12    -58     85   -120 0 0 0
54406 4027 11558   4879 2015  1 13    -52    106   -133 0 0 0
54406 4027 11558   4879 2015  1 14    -59     30   -116 0 0 0
54406 4027 11558   4879 2015  1 15    -79     31   -132 0 0 0
54406 4027 11558   4879 2015  1 16    -48    110   -116 0 0 0
54406 4027 11558   4879 2015  1 17    -73    111   -170 0 0 0
54406 4027 11558   4879 2015  1 18    -26    142    -76 0 0 0
54406 4027 11558   4879 2015  1 19    -33    181   -144 0 0 0
54406 4027 11558   4879 2015  1 20    -50    120   -143 0 0 0
54406 4027 11558   4879 2015  1 21    -39    135   -120 0 0 0
54406 4027 11558   4879 2015  1 22    -61    160   -165 0 0 0
54406 4027 11558   4879 2015  1 23    -57    145   -150 0 0 0
54406 4027 11558   4879 2015  1 24    -39    115   -116 0 0 0
54406 4027 11558   4879 2015  1 25    -16     87    -64 0 0 0
54406 4027 11558   4879 2015  1 26    -68    115   -113 0 0 0
54406 4027 11558   4879 2015  1 27    -89     95   -180 0 0 0
54406 4027 11558   4879 2015  1 28    -56    146   -138 0 0 0
54406 4027 11558   4879 2015  1 29    -31    168   -120 0 0 0
54406 4027 11558   4879 2015  1 30    -75    143   -170 0 0 0
54406 4027 11558   4879 2015  1 31    -81    147   -190 0 0 0
54406 4027 11558   4879 2015  2  1    -78    143   -181 0 0 0
54406 4027 11558   4879 2015  2  2    -61    107   -159 0 0 0
54406 4027 11558   4879 2015  2  3    -29    162   -123 0 0 0
54406 4027 11558   4879 2015  2  4    -29    172   -131 0 0 0
54406 4027 11558   4879 2015  2  5    -25    173   -126 0 0 0
54406 4027 11558   4879 2015  2  6    -22    210   -127 0 0 0
54406 4027 11558   4879 2015  2  7    -31    184   -112 0 0 0
54406 4027 11558   4879 2015  2  8    -64    191   -183 0 0 0
54406 4027 11558   4879 2015  2  9    -36    219   -180 0 0 0
54406 4027 11558   4879 2015  2 10    -11    233   -128 0 0 0
54406 4027 11558   4879 2015  2 11     -7    225   -125 0 0 0
54406 4027 11558   4879 2015  2 12    -24    232   -134 0 0 0
54406 4027 11558   4879 2015  2 13    -17    239   -136 0 0 0
54406 4027 11558   4879 2015  2 14      4    252   -116 0 0 0
54406 4027 11558   4879 2015  2 15     12    184    -84 0 0 0
54406 4027 11558   4879 2015  2 16     28    273    -87 0 0 0
54406 4027 11558   4879 2015  2 17     18    255    -89 0 0 0
54406 4027 11558   4879 2015  2 18      3    273   -121 0 0 0
54406 4027 11558   4879 2015  2 19    -23     96    -95 0 0 0
54406 4027 11558   4879 2015  2 20     -6     42    -17 0 0 0
54406 4027 11558   4879 2015  2 21      0    212    -70 0 0 0
54406 4027 11558   4879 2015  2 22    -25    182   -114 0 0 0
54406 4027 11558   4879 2015  2 23    -20    251   -144 0 0 0
54406 4027 11558   4879 2015  2 24     15    255   -124 0 0 0
54406 4027 11558   4879 2015  2 25     -1    256    -91 0 0 0
54406 4027 11558   4879 2015  2 26     -7    263   -143 0 0 0
54406 4027 11558   4879 2015  2 27    -38     88   -119 0 0 0
54406 4027 11558   4879 2015  2 28     12    210    -89 0 0 0
54406 4027 11558   4879 2015  3  1     26    246    -91 0 0 0
54406 4027 11558   4879 2015  3  2     50    335   -110 0 0 0
54406 4027 11558   4879 2015  3  3      5    249   -100 0 0 0
54406 4027 11558   4879 2015  3  4     -6    284   -156 0 0 0
54406 4027 11558   4879 2015  3  5     -7    279   -150 0 0 0
54406 4027 11558   4879 2015  3  6     18    302   -122 0 0 0
54406 4027 11558   4879 2015  3  7     32    331   -109 0 0 0
54406 4027 11558   4879 2015  3  8     49    320    -78 0 0 0
54406 4027 11558   4879 2015  3  9     11    285   -139 0 0 0
54406 4027 11558   4879 2015  3 10      3    279   -157 0 0 0
54406 4027 11558   4879 2015  3 11     44    323   -121 0 0 0
54406 4027 11558   4879 2015  3 12     68    364   -107 0 0 0
54406 4027 11558   4879 2015  3 13     55    352   -119 0 0 0
54406 4027 11558   4879 2015  3 14     45    306    -76 0 0 0
54406 4027 11558   4879 2015  3 15     91    363    -56 0 0 0
54406 4027 11558   4879 2015  3 16    108    368    -32 0 0 0
54406 4027 11558   4879 2015  3 17    129    408    -51 0 0 0
54406 4027 11558   4879 2015  3 18    115    343     20 0 0 0
54406 4027 11558   4879 2015  3 19     76    325    -62 0 0 0
54406 4027 11558   4879 2015  3 20    107    372    -55 0 0 0
54406 4027 11558   4879 2015  3 21    122    403    -40 0 0 0
54406 4027 11558   4879 2015  3 22    116    394    -51 0 0 0
54406 4027 11558   4879 2015  3 23     93    388    -91 0 0 0
54406 4027 11558   4879 2015  3 24    100    434    -85 0 0 0
54406 4027 11558   4879 2015  3 25    106    380    -45 0 0 0
54406 4027 11558   4879 2015  3 26    124    407    -38 0 0 0
54406 4027 11558   4879 2015  3 27    143    406    -23 0 0 0
54406 4027 11558   4879 2015  3 28    163    396     24 0 0 0
54406 4027 11558   4879 2015  3 29    137    355    -15 0 0 0
54406 4027 11558   4879 2015  3 30    156    365     49 0 0 0
54406 4027 11558   4879 2015  3 31    129    286     93 0 0 0
54406 4027 11558   4879 2015  4  1     81    304      9 0 0 0
54406 4027 11558   4879 2015  4  2     71    180     22 0 0 0
54406 4027 11558   4879 2015  4  3    117    304     -7 0 0 0
54406 4027 11558   4879 2015  4  4    117    282     53 0 0 0
54406 4027 11558   4879 2015  4  5    139    356     48 0 0 0
54406 4027 11558   4879 2015  4  6    114    348     -8 0 0 0
54406 4027 11558   4879 2015  4  7    104    344    -48 0 0 0
54406 4027 11558   4879 2015  4  8    116    386    -51 0 0 0
54406 4027 11558   4879 2015  4  9    134    430     -1 0 0 0
54406 4027 11558   4879 2015  4 10    144    430    -20 0 0 0
54406 4027 11558   4879 2015  4 11    148    443     46 0 0 0
54406 4027 11558   4879 2015  4 12     64    241      0 0 0 0
54406 4027 11558   4879 2015  4 13    126    310     12 0 0 0
54406 4027 11558   4879 2015  4 14    169    415    -12 0 0 0
54406 4027 11558   4879 2015  4 15    185    413     48 0 0 0
54406 4027 11558   4879 2015  4 16    177    412     20 0 0 0
54406 4027 11558   4879 2015  4 17    175    434      6 0 0 0
54406 4027 11558   4879 2015  4 18    157    339     87 0 0 0
54406 4027 11558   4879 2015  4 19    184    415     68 0 0 0
54406 4027 11558   4879 2015  4 20    172    453      4 0 0 0
54406 4027 11558   4879 2015  4 21    176    451     15 0 0 0
54406 4027 11558   4879 2015  4 22    213    464      7 0 0 0
54406 4027 11558   4879 2015  4 23    228    523     48 0 0 0
54406 4027 11558   4879 2015  4 24    228    511     16 0 0 0
54406 4027 11558   4879 2015  4 25    242    542     38 0 0 0
54406 4027 11558   4879 2015  4 26    258    556     58 0 0 0
54406 4027 11558   4879 2015  4 27    237    479    104 0 0 0
54406 4027 11558   4879 2015  4 28    182    326    105 0 0 0
54406 4027 11558   4879 2015  4 29    224    420     91 0 0 0
54406 4027 11558   4879 2015  4 30    228    399    128 0 0 0
54406 4027 11558   4879 2015  5  1    158    300    130 0 0 0
54406 4027 11558   4879 2015  5  2    182    340     94 0 0 0
54406 4027 11558   4879 2015  5  3    189    378     74 0 0 0
54406 4027 11558   4879 2015  5  4    195    405     25 0 0 0
54406 4027 11558   4879 2015  5  5    221    479     55 0 0 0
54406 4027 11558   4879 2015  5  6    206    406     39 0 0 0
54406 4027 11558   4879 2015  5  7    213    447     51 0 0 0
54406 4027 11558   4879 2015  5  8    238    481     62 0 0 0
54406 4027 11558   4879 2015  5  9    108    180     92 0 0 0
54406 4027 11558   4879 2015  5 10     82     94     70 0 0 0
54406 4027 11558   4879 2015  5 11    130    281     43 0 0 0
54406 4027 11558   4879 2015  5 12    164    313     62 0 0 0
54406 4027 11558   4879 2015  5 13    181    352     59 0 0 0
54406 4027 11558   4879 2015  5 14    214    387     69 0 0 0
54406 4027 11558   4879 2015  5 15    220    418    113 0 0 0
54406 4027 11558   4879 2015  5 16    220    444     50 0 0 0
54406 4027 11558   4879 2015  5 17    202    418    101 0 0 0
54406 4027 11558   4879 2015  5 18    193    394    104 0 0 0
54406 4027 11558   4879 2015  5 19    200    460     63 0 0 0
54406 4027 11558   4879 2015  5 20    248    500     81 0 0 0
54406 4027 11558   4879 2015  5 21    241    478     85 0 0 0
54406 4027 11558   4879 2015  5 22    265    544     90 0 0 0
54406 4027 11558   4879 2015  5 23    302    577    105 0 0 0
54406 4027 11558   4879 2015  5 24    296    553    133 0 0 0
54406 4027 11558   4879 2015  5 25    307    569    128 0 0 0
54406 4027 11558   4879 2015  5 26    315    559    160 0 0 0
54406 4027 11558   4879 2015  5 27    303    517    153 0 0 0
54406 4027 11558   4879 2015  5 28    239    425    175 0 0 0
54406 4027 11558   4879 2015  5 29    290    522    173 0 0 0
54406 4027 11558   4879 2015  5 30    289    573    108 0 0 0
54406 4027 11558   4879 2015  5 31    307    571    136 0 0 0
54406 4027 11558   4879 2015  6  1    308    596    160 0 0 0
54406 4027 11558   4879 2015  6  2    321    598    141 0 0 0
54406 4027 11558   4879 2015  6  3    291    544     86 0 0 0
54406 4027 11558   4879 2015  6  4    179    246    151 0 0 0
54406 4027 11558   4879 2015  6  5    229    413    100 0 0 0
54406 4027 11558   4879 2015  6  6    245    495    129 0 0 0
54406 4027 11558   4879 2015  6  7    176    353    102 0 0 0
54406 4027 11558   4879 2015  6  8    232    424     82 0 0 0
54406 4027 11558   4879 2015  6  9    248    456    132 0 0 0
54406 4027 11558   4879 2015  6 10    215    321    155 0 0 0
54406 4027 11558   4879 2015  6 11    183    337    138 0 0 0
54406 4027 11558   4879 2015  6 12    170    349    119 0 0 0
54406 4027 11558   4879 2015  6 13    239    412    136 0 0 0
54406 4027 11558   4879 2015  6 14    278    541    124 0 0 0
54406 4027 11558   4879 2015  6 15    290    515    159 0 0 0
54406 4027 11558   4879 2015  6 16    291    532    170 0 0 0
54406 4027 11558   4879 2015  6 17    248    368    157 0 0 0
54406 4027 11558   4879 2015  6 18    253    428    124 0 0 0
54406 4027 11558   4879 2015  6 19    220    349    153 0 0 0
54406 4027 11558   4879 2015  6 20    275    458    136 0 0 0
54406 4027 11558   4879 2015  6 21    277    467    160 0 0 0
54406 4027 11558   4879 2015  6 22    284    488    157 0 0 0
54406 4027 11558   4879 2015  6 23    270    465    166 0 0 0
54406 4027 11558   4879 2015  6 24    223    272    206 0 0 0
54406 4027 11558   4879 2015  6 25    230    329    188 0 0 0
54406 4027 11558   4879 2015  6 26    241    412    189 0 0 0
54406 4027 11558   4879 2015  6 27    232    352    163 0 0 0
54406 4027 11558   4879 2015  6 28    262    374    207 0 0 0
54406 4027 11558   4879 2015  6 29    211    286    178 0 0 0
54406 4027 11558   4879 2015  6 30    218    352    151 0 0 0
54406 4027 11558   4879 2015  7  1    225    382    131 0 0 0
54406 4027 11558   4879 2015  7  2    248    482    113 0 0 0
54406 4027 11558   4879 2015  7  3    286    528    119 0 0 0
54406 4027 11558   4879 2015  7  4    222    371    171 0 0 0
54406 4027 11558   4879 2015  7  5    268    471    127 0 0 0
54406 4027 11558   4879 2015  7  6    256    443    166 0 0 0
54406 4027 11558   4879 2015  7  7    309    543    162 0 0 0
54406 4027 11558   4879 2015  7  8    318    528    178 0 0 0
54406 4027 11558   4879 2015  7  9    329    562    191 0 0 0
54406 4027 11558   4879 2015  7 10    327    528    195 0 0 0
54406 4027 11558   4879 2015  7 11    335    566    198 0 0 0
54406 4027 11558   4879 2015  7 12    359    610    188 0 0 0
54406 4027 11558   4879 2015  7 13    372    637    201 0 0 0
54406 4027 11558   4879 2015  7 14    318    555    192 0 0 0
54406 4027 11558   4879 2015  7 15    251    354    176 0 0 0
54406 4027 11558   4879 2015  7 16    204    247    181 0 0 0
54406 4027 11558   4879 2015  7 17    239    363    184 0 0 0
54406 4027 11558   4879 2015  7 18    232    362    194 0 0 0
54406 4027 11558   4879 2015  7 19    240    369    177 0 0 0
54406 4027 11558   4879 2015  7 20    260    373    190 0 0 0
54406 4027 11558   4879 2015  7 21    256    378    192 0 0 0
54406 4027 11558   4879 2015  7 22    246    370    193 0 0 0
54406 4027 11558   4879 2015  7 23    262    403    184 0 0 0
54406 4027 11558   4879 2015  7 24    268    399    173 0 0 0
54406 4027 11558   4879 2015  7 25    274    425    181 0 0 0
54406 4027 11558   4879 2015  7 26    311    495    189 0 0 0
54406 4027 11558   4879 2015  7 27    287    470    206 0 0 0
54406 4027 11558   4879 2015  7 28    264    377    207 0 0 0
54406 4027 11558   4879 2015  7 29    259    390    190 0 0 0
54406 4027 11558   4879 2015  7 30    233    269    214 0 0 0
54406 4027 11558   4879 2015  7 31    241    371    199 0 0 0
54406 4027 11558   4879 2015  8  1    223    254    212 0 0 0
54406 4027 11558   4879 2015  8  2    273    392    196 0 0 0
54406 4027 11558   4879 2015  8  3    215    273    180 0 0 0
54406 4027 11558   4879 2015  8  4    242    383    126 0 0 0
54406 4027 11558   4879 2015  8  5    267    402    163 0 0 0
54406 4027 11558   4879 2015  8  6    251    387    167 0 0 0
54406 4027 11558   4879 2015  8  7    252    388    192 0 0 0
54406 4027 11558   4879 2015  8  8    248    384    162 0 0 0
54406 4027 11558   4879 2015  8  9    271    392    178 0 0 0
54406 4027 11558   4879 2015  8 10    277    406    180 0 0 0
54406 4027 11558   4879 2015  8 11    280    413    184 0 0 0
54406 4027 11558   4879 2015  8 12    278    413    186 0 0 0
54406 4027 11558   4879 2015  8 13    292    425    198 0 0 0
54406 4027 11558   4879 2015  8 14    262    382    203 0 0 0
54406 4027 11558   4879 2015  8 15    279    458    148 0 0 0
54406 4027 11558   4879 2015  8 16    300    504    153 0 0 0
54406 4027 11558   4879 2015  8 17    291    440    186 0 0 0
54406 4027 11558   4879 2015  8 18    284    455    192 0 0 0
54406 4027 11558   4879 2015  8 19    266    478    192 0 0 0
54406 4027 11558   4879 2015  8 20    271    493    167 0 0 0
54406 4027 11558   4879 2015  8 21    259    516    146 0 0 0
54406 4027 11558   4879 2015  8 22    310    566    152 0 0 0
54406 4027 11558   4879 2015  8 23    223    555    186 0 0 0
54406 4027 11558   4879 2015  8 24    229    357    157 0 0 0
54406 4027 11558   4879 2015  8 25    245    377    174 0 0 0
54406 4027 11558   4879 2015  8 26    246    387    163 0 0 0
54406 4027 11558   4879 2015  8 27    230    408    152 0 0 0
54406 4027 11558   4879 2015  8 28    259    435    143 0 0 0
54406 4027 11558   4879 2015  8 29    235    387    153 0 0 0
54406 4027 11558   4879 2015  8 30    222    335    183 0 0 0
54406 4027 11558   4879 2015  8 31    208    342    176 0 0 0
54406 4027 11558   4879 2015  9  1    210    289    165 0 0 0
54406 4027 11558   4879 2015  9  2    239    378    150 0 0 0
54406 4027 11558   4879 2015  9  3    240    383    145 0 0 0
54406 4027 11558   4879 2015  9  4    199    258    163 0 0 0
54406 4027 11558   4879 2015  9  5    169    185    162 0 0 0
54406 4027 11558   4879 2015  9  6    210    355    151 0 0 0
54406 4027 11558   4879 2015  9  7    225    361    127 0 0 0
54406 4027 11558   4879 2015  9  8    208    338    138 0 0 0
54406 4027 11558   4879 2015  9  9    184    240    160 0 0 0
54406 4027 11558   4879 2015  9 10    150    166    131 0 0 0
54406 4027 11558   4879 2015  9 11    173    283    124 0 0 0
54406 4027 11558   4879 2015  9 12    168    296     85 0 0 0
54406 4027 11558   4879 2015  9 13    176    302     85 0 0 0
54406 4027 11558   4879 2015  9 14    177    293     94 0 0 0
54406 4027 11558   4879 2015  9 15    177    295    107 0 0 0
54406 4027 11558   4879 2015  9 16    181    297     99 0 0 0
54406 4027 11558   4879 2015  9 17    215    354    126 0 0 0
54406 4027 11558   4879 2015  9 18    211    318    148 0 0 0
54406 4027 11558   4879 2015  9 19    200    365     98 0 0 0
54406 4027 11558   4879 2015  9 20    201    348    116 0 0 0
54406 4027 11558   4879 2015  9 21    205    343    130 0 0 0
54406 4027 11558   4879 2015  9 22    167    257    140 0 0 0
54406 4027 11558   4879 2015  9 23    197    316    124 0 0 0
54406 4027 11558   4879 2015  9 24    193    319    121 0 0 0
54406 4027 11558   4879 2015  9 25    164    281     98 0 0 0
54406 4027 11558   4879 2015  9 26    158    297     52 0 0 0
54406 4027 11558   4879 2015  9 27    185    329     92 0 0 0
54406 4027 11558   4879 2015  9 28    162    201    145 0 0 0
54406 4027 11558   4879 2015  9 29    130    153    120 0 0 0
54406 4027 11558   4879 2015  9 30    148    278    111 0 0 0
54406 4027 11558   4879 2015 10  1    127    222     64 0 0 0
54406 4027 11558   4879 2015 10  2    138    243     54 0 0 0
54406 4027 11558   4879 2015 10  3    151    286     58 0 0 0
54406 4027 11558   4879 2015 10  4    163    307     67 0 0 0
54406 4027 11558   4879 2015 10  5    163    308     80 0 0 0
54406 4027 11558   4879 2015 10  6    182    366     75 0 0 0
54406 4027 11558   4879 2015 10  7    192    351    118 0 0 0
54406 4027 11558   4879 2015 10  8    149    357     33 0 0 0
54406 4027 11558   4879 2015 10  9    136    307     42 0 0 0
54406 4027 11558   4879 2015 10 10    117    291     20 0 0 0
54406 4027 11558   4879 2015 10 11    162    354     57 0 0 0
54406 4027 11558   4879 2015 10 12    145    348     23 0 0 0
54406 4027 11558   4879 2015 10 13    142    357     14 0 0 0
54406 4027 11558   4879 2015 10 14    135    315     51 0 0 0
54406 4027 11558   4879 2015 10 15    149    344     32 0 0 0
54406 4027 11558   4879 2015 10 16    153    354     36 0 0 0
54406 4027 11558   4879 2015 10 17    130    300     57 0 0 0
54406 4027 11558   4879 2015 10 18    136    319     45 0 0 0
54406 4027 11558   4879 2015 10 19    131    302     33 0 0 0
54406 4027 11558   4879 2015 10 20     85    106     53 0 0 0
54406 4027 11558   4879 2015 10 21     90    117     82 0 0 0
54406 4027 11558   4879 2015 10 22     85    145     66 0 0 0
54406 4027 11558   4879 2015 10 23    116    240     63 0 0 0
54406 4027 11558   4879 2015 10 24    101    242     17 0 0 0
54406 4027 11558   4879 2015 10 25     96    197     40 0 0 0
54406 4027 11558   4879 2015 10 26     81    151     33 0 0 0
54406 4027 11558   4879 2015 10 27     46    244    -14 0 0 0
54406 4027 11558   4879 2015 10 28     60    246    -25 0 0 0
54406 4027 11558   4879 2015 10 29     46    226    -37 0 0 0
54406 4027 11558   4879 2015 10 30     50    236    -42 0 0 0
54406 4027 11558   4879 2015 10 31     53    252    -41 0 0 0
54406 4027 11558   4879 2015 11  1     60    260    -40 0 0 0
54406 4027 11558   4879 2015 11  2     67    276    -35 0 0 0
54406 4027 11558   4879 2015 11  3     71    244    -13 0 0 0
54406 4027 11558   4879 2015 11  4     79    214      9 0 0 0
54406 4027 11558   4879 2015 11  5     60     85     15 0 0 0
54406 4027 11558   4879 2015 11  6      3     19      0 0 0 0
54406 4027 11558   4879 2015 11  7      2      4      0 0 0 0
54406 4027 11558   4879 2015 11  8     23     99     -4 0 0 0
54406 4027 11558   4879 2015 11  9     31    161    -14 0 0 0
54406 4027 11558   4879 2015 11 10     20     53     -9 0 0 0
54406 4027 11558   4879 2015 11 11     43     81     26 0 0 0
54406 4027 11558   4879 2015 11 12     46     77     35 0 0 0
54406 4027 11558   4879 2015 11 13     49     72     39 0 0 0
54406 4027 11558   4879 2015 11 14     59    130     29 0 0 0
54406 4027 11558   4879 2015 11 15     67    160      3 0 0 0
54406 4027 11558   4879 2015 11 16     52     82     39 0 0 0
54406 4027 11558   4879 2015 11 17     38    150     -7 0 0 0
54406 4027 11558   4879 2015 11 18     25     43      8 0 0 0
54406 4027 11558   4879 2015 11 19     19     42     -1 0 0 0
54406 4027 11558   4879 2015 11 20     16     60     -1 0 0 0
54406 4027 11558   4879 2015 11 21      3     12     -1 0 0 0
54406 4027 11558   4879 2015 11 22      1      4     -1 0 0 0
54406 4027 11558   4879 2015 11 23      2      3      0 0 0 0
54406 4027 11558   4879 2015 11 24      3      6      0 0 0 0
54406 4027 11558   4879 2015 11 25      1      8     -1 0 0 0
54406 4027 11558   4879 2015 11 26     -2     -1     -3 0 0 0
54406 4027 11558   4879 2015 11 27     -2      0     -3 0 0 0
54406 4027 11558   4879 2015 11 28     -1      0     -2 0 0 0
54406 4027 11558   4879 2015 11 29      0      2     -1 0 0 0
54406 4027 11558   4879 2015 11 30     -1      1     -3 0 0 0
54406 4027 11558   4879 2015 12  1      3      6      0 0 0 0
54406 4027 11558   4879 2015 12  2      0      8     -5 0 0 0
54406 4027 11558   4879 2015 12  3     -5      0     -8 0 0 0
54406 4027 11558   4879 2015 12  4     -7      0    -13 0 0 0
54406 4027 11558   4879 2015 12  5    -11      0    -19 0 0 0
54406 4027 11558   4879 2015 12  6    -15      0    -25 0 0 0
54406 4027 11558   4879 2015 12  7    -11     10    -23 0 0 0
54406 4027 11558   4879 2015 12  8     -7     -1    -26 0 0 0
54406 4027 11558   4879 2015 12  9     -1     20     -9 0 0 0
54406 4027 11558   4879 2015 12 10     -2     53    -34 0 0 0
54406 4027 11558   4879 2015 12 11    -20     32    -58 0 0 0
54406 4027 11558   4879 2015 12 12     -9     39    -40 0 0 0
54406 4027 11558   4879 2015 12 13    -17     24    -48 0 0 0
54406 4027 11558   4879 2015 12 14     -4      0     -8 0 0 0
54406 4027 11558   4879 2015 12 15    -19     -2    -30 0 0 0
54406 4027 11558   4879 2015 12 16    -32     -3    -44 0 0 0
54406 4027 11558   4879 2015 12 17    -38     -5    -58 0 0 0
54406 4027 11558   4879 2015 12 18    -40     -1    -62 0 0 0
54406 4027 11558   4879 2015 12 19    -48     -5    -79 0 0 0
54406 4027 11558   4879 2015 12 20    -41     -6    -56 0 0 0
54406 4027 11558   4879 2015 12 21    -52     -6    -79 0 0 0
54406 4027 11558   4879 2015 12 22    -52     -3    -82 0 0 0
54406 4027 11558   4879 2015 12 23    -50      6    -86 0 0 0
54406 4027 11558   4879 2015 12 24    -40     20    -76 0 0 0
54406 4027 11558   4879 2015 12 25    -38     40    -83 0 0 0
54406 4027 11558   4879 2015 12 26    -29     37    -68 0 0 0
54406 4027 11558   4879 2015 12 27    -43      7    -68 0 0 0
54406 4027 11558   4879 2015 12 28    -58     15   -108 0 0 0
54406 4027 11558   4879 2015 12 29    -43     19    -88 0 0 0
54406 4027 11558   4879 2015 12 30    -29     41    -65 0 0 0
54406 4027 11558   4879 2015 12 31    -50     27    -95 0 0 0
54406 4027 11558   4879 2016  1  1    -51     24    -96 0 0 0
54406 4027 11558   4879 2016  1  2    -44     34    -88 0 0 0
54406 4027 11558   4879 2016  1  3    -42     42    -88 0 0 0
54406 4027 11558   4879 2016  1  4    -49     39    -87 0 0 0
54406 4027 11558   4879 2016  1  5    -72     39   -123 0 0 0
54406 4027 11558   4879 2016  1  6    -73     46   -130 0 0 0
54406 4027 11558   4879 2016  1  7    -79     32   -130 0 0 0
54406 4027 11558   4879 2016  1  8    -79     36   -140 0 0 0
54406 4027 11558   4879 2016  1  9    -77     52   -143 0 0 0
54406 4027 11558   4879 2016  1 10    -66     65   -131 0 0 0
54406 4027 11558   4879 2016  1 11    -91     31   -143 0 0 0
54406 4027 11558   4879 2016  1 12   -103     23   -159 0 0 0
54406 4027 11558   4879 2016  1 13    -72     54   -139 0 0 0
54406 4027 11558   4879 2016  1 14    -53     74   -120 0 0 0
54406 4027 11558   4879 2016  1 15    -63     70   -134 0 0 0
54406 4027 11558   4879 2016  1 16    -45     42    -99 0 0 0
54406 4027 11558   4879 2016  1 17    -67    -30   -103 0 0 0
54406 4027 11558   4879 2016  1 18   -102    -40   -131 0 0 0
54406 4027 11558   4879 2016  1 19   -103    -13   -150 0 0 0
54406 4027 11558   4879 2016  1 20    -71     58   -142 0 0 0
54406 4027 11558   4879 2016  1 21    -70     35   -121 0 0 0
54406 4027 11558   4879 2016  1 22   -108     20   -162 0 0 0
54406 4027 11558   4879 2016  1 23   -140     -6   -197 0 0 0
54406 4027 11558   4879 2016  1 24   -125     -2   -190 0 0 0
54406 4027 11558   4879 2016  1 25    -83     55   -139 0 0 0
54406 4027 11558   4879 2016  1 26    -68     79   -139 0 0 0
54406 4027 11558   4879 2016  1 27    -75     91   -158 0 0 0
54406 4027 11558   4879 2016  1 28    -67     71   -132 0 0 0
54406 4027 11558   4879 2016  1 29    -79     38   -134 0 0 0
54406 4027 11558   4879 2016  1 30    -79     55   -127 0 0 0
54406 4027 11558   4879 2016  1 31    -88     77   -169 0 0 0
54406 4027 11558   4879 2016  2  1    -78     95   -157 0 0 0
54406 4027 11558   4879 2016  2  2    -70    111   -158 0 0 0
54406 4027 11558   4879 2016  2  3    -63    126   -147 0 0 0
54406 4027 11558   4879 2016  2  4    -53    123   -126 0 0 0
54406 4027 11558   4879 2016  2  5    -54    104   -120 0 0 0
54406 4027 11558   4879 2016  2  6    -39    133   -124 0 0 0
54406 4027 11558   4879 2016  2  7    -27    129   -115 0 0 0
54406 4027 11558   4879 2016  2  8      7    171    -75 0 0 0
54406 4027 11558   4879 2016  2  9     -7    142    -81 0 0 0
54406 4027 11558   4879 2016  2 10     -2    125    -74 0 0 0
54406 4027 11558   4879 2016  2 11     13     67    -15 0 0 0
54406 4027 11558   4879 2016  2 12     20    107     -1 0 0 0
54406 4027 11558   4879 2016  2 13     -2     -1     -2 0 0 0
54406 4027 11558   4879 2016  2 14     -7     -2    -10 0 0 0
54406 4027 11558   4879 2016  2 15    -12     -3    -18 0 0 0
54406 4027 11558   4879 2016  2 16    -13     -2    -22 0 0 0
54406 4027 11558   4879 2016  2 17    -24     -1    -51 0 0 0
54406 4027 11558   4879 2016  2 18    -25     20    -60 0 0 0
54406 4027 11558   4879 2016  2 19     -7     83    -64 0 0 0
54406 4027 11558   4879 2016  2 20    -26     94    -97 0 0 0
54406 4027 11558   4879 2016  2 21    -33     79   -107 0 0 0
54406 4027 11558   4879 2016  2 22    -21    102    -91 0 0 0
54406 4027 11558   4879 2016  2 23    -25    109   -103 0 0 0
54406 4027 11558   4879 2016  2 24    -30    137   -116 0 0 0
54406 4027 11558   4879 2016  2 25    -15    148   -108 0 0 0
54406 4027 11558   4879 2016  2 26     -1    147    -98 0 0 0
54406 4027 11558   4879 2016  2 27     -1    130    -73 0 0 0
54406 4027 11558   4879 2016  2 28    -12    167    -60 0 0 0
54406 4027 11558   4879 2016  2 29     -5    154   -104 0 0 0
54406 4027 11558   4879 2016  3  1     21    211    -84 0 0 0
54406 4027 11558   4879 2016  3  2     34    211    -45 0 0 0
54406 4027 11558   4879 2016  3  3     39    193    -23 0 0 0
54406 4027 11558   4879 2016  3  4     31    117    -13 0 0 0
54406 4027 11558   4879 2016  3  5     18    173    -20 0 0 0
54406 4027 11558   4879 2016  3  6     16    131    -37 0 0 0
54406 4027 11558   4879 2016  3  7     27    184    -44 0 0 0
54406 4027 11558   4879 2016  3  8     13    168    -63 0 0 0
54406 4027 11558   4879 2016  3  9      9    185    -72 0 0 0
54406 4027 11558   4879 2016  3 10     12    183    -74 0 0 0
54406 4027 11558   4879 2016  3 11     18    203    -71 0 0 0
54406 4027 11558   4879 2016  3 12     23    204    -66 0 0 0
54406 4027 11558   4879 2016  3 13     36    248    -55 0 0 0
54406 4027 11558   4879 2016  3 14     42    254    -63 0 0 0
54406 4027 11558   4879 2016  3 15     43    212    -31 0 0 0
54406 4027 11558   4879 2016  3 16     60    241    -40 0 0 0
54406 4027 11558   4879 2016  3 17     62    228    -19 0 0 0
54406 4027 11558   4879 2016  3 18     76    278    -24 0 0 0
54406 4027 11558   4879 2016  3 19     64    237    -26 0 0 0
54406 4027 11558   4879 2016  3 20     86    326    -29 0 0 0
54406 4027 11558   4879 2016  3 21     89    306    -35 0 0 0
54406 4027 11558   4879 2016  3 22     91    215     35 0 0 0
54406 4027 11558   4879 2016  3 23     75    290    -35 0 0 0
54406 4027 11558   4879 2016  3 24     69    288    -50 0 0 0
54406 4027 11558   4879 2016  3 25     76    300    -49 0 0 0
54406 4027 11558   4879 2016  3 26     89    319    -35 0 0 0
54406 4027 11558   4879 2016  3 27     94    335    -44 0 0 0
54406 4027 11558   4879 2016  3 28    110    357    -34 0 0 0
54406 4027 11558   4879 2016  3 29     95    356    -32 0 0 0
54406 4027 11558   4879 2016  3 30    130    381    -42 0 0 0
54406 4027 11558   4879 2016  3 31    134    331      2 0 0 0
54406 4027 11558   4879 2016  4  1    162    361     50 0 0 0
54406 4027 11558   4879 2016  4  2    124    300     24 0 0 0
54406 4027 11558   4879 2016  4  3    144    395     -4 0 0 0
54406 4027 11558   4879 2016  4  4    138    394    -35 0 0 0
54406 4027 11558   4879 2016  4  5    146    392    -21 0 0 0
54406 4027 11558   4879 2016  4  6    156    366     34 0 0 0
54406 4027 11558   4879 2016  4  7    165    421      8 0 0 0
54406 4027 11558   4879 2016  4  8    165    396    -20 0 0 0
54406 4027 11558   4879 2016  4  9    185    457      3 0 0 0
54406 4027 11558   4879 2016  4 10    163    419      1 0 0 0
54406 4027 11558   4879 2016  4 11    146    363      9 0 0 0
54406 4027 11558   4879 2016  4 12    119    298     30 0 0 0
54406 4027 11558   4879 2016  4 13    160    374     21 0 0 0
54406 4027 11558   4879 2016  4 14    175    436      9 0 0 0
54406 4027 11558   4879 2016  4 15    173    386     44 0 0 0
54406 4027 11558   4879 2016  4 16    165    361     78 0 0 0
54406 4027 11558   4879 2016  4 17    188    433     15 0 0 0
54406 4027 11558   4879 2016  4 18    176    425     -8 0 0 0
54406 4027 11558   4879 2016  4 19    135    293      1 0 0 0
54406 4027 11558   4879 2016  4 20    190    472      0 0 0 0
54406 4027 11558   4879 2016  4 21    207    489     16 0 0 0
54406 4027 11558   4879 2016  4 22    197    468     56 0 0 0
54406 4027 11558   4879 2016  4 23    184    482      1 0 0 0
54406 4027 11558   4879 2016  4 24    207    487     14 0 0 0
54406 4027 11558   4879 2016  4 25    221    458     77 0 0 0
54406 4027 11558   4879 2016  4 26    211    425     97 0 0 0
54406 4027 11558   4879 2016  4 27    189    380    122 0 0 0
54406 4027 11558   4879 2016  4 28    231    484     50 0 0 0
54406 4027 11558   4879 2016  4 29    216    504     80 0 0 0
54406 4027 11558   4879 2016  4 30    246    517     51 0 0 0
54406 4027 11558   4879 2016  5  1    246    497    117 0 0 0
54406 4027 11558   4879 2016  5  2    119    176     94 0 0 0
54406 4027 11558   4879 2016  5  3    167    353     28 0 0 0
54406 4027 11558   4879 2016  5  4    176    450     17 0 0 0
54406 4027 11558   4879 2016  5  5    235    490    107 0 0 0
54406 4027 11558   4879 2016  5  6    240    501     60 0 0 0
54406 4027 11558   4879 2016  5  7    247    530     43 0 0 0
54406 4027 11558   4879 2016  5  8    245    522     55 0 0 0
54406 4027 11558   4879 2016  5  9    159    236    112 0 0 0
54406 4027 11558   4879 2016  5 10    212    453     51 0 0 0
54406 4027 11558   4879 2016  5 11    216    388    126 0 0 0
54406 4027 11558   4879 2016  5 12    157    302     98 0 0 0
54406 4027 11558   4879 2016  5 13    193    437     12 0 0 0
54406 4027 11558   4879 2016  5 14    134    184    106 0 0 0
54406 4027 11558   4879 2016  5 15    159    325     55 0 0 0
54406 4027 11558   4879 2016  5 16    221    473     28 0 0 0
54406 4027 11558   4879 2016  5 17    262    552     62 0 0 0
54406 4027 11558   4879 2016  5 18    269    522    109 0 0 0
54406 4027 11558   4879 2016  5 19    256    510    114 0 0 0
54406 4027 11558   4879 2016  5 20    262    513     96 0 0 0
54406 4027 11558   4879 2016  5 21    267    513    102 0 0 0
54406 4027 11558   4879 2016  5 22    277    539    115 0 0 0
54406 4027 11558   4879 2016  5 23    178    414    119 0 0 0
54406 4027 11558   4879 2016  5 24    244    503     70 0 0 0
54406 4027 11558   4879 2016  5 25    208    386     87 0 0 0
54406 4027 11558   4879 2016  5 26    282    547     84 0 0 0
54406 4027 11558   4879 2016  5 27    270    518     91 0 0 0
54406 4027 11558   4879 2016  5 28    285    569     93 0 0 0
54406 4027 11558   4879 2016  5 29    302    571    104 0 0 0
54406 4027 11558   4879 2016  5 30    295    568    124 0 0 0
54406 4027 11558   4879 2016  5 31    246    463    184 0 0 0
54406 4027 11558   4879 2016  6  1    303    574    114 0 0 0
54406 4027 11558   4879 2016  6  2    296    581    114 0 0 0
54406 4027 11558   4879 2016  6  3    266    432    141 0 0 0
54406 4027 11558   4879 2016  6  4    310    590    167 0 0 0
54406 4027 11558   4879 2016  6  5    305    561    128 0 0 0
54406 4027 11558   4879 2016  6  6    299    584    131 0 0 0
54406 4027 11558   4879 2016  6  7    324    574    172 0 0 0
54406 4027 11558   4879 2016  6  8    264    627    139 0 0 0
54406 4027 11558   4879 2016  6  9    282    534    156 0 0 0
54406 4027 11558   4879 2016  6 10    269    465    161 0 0 0
54406 4027 11558   4879 2016  6 11    308    572    130 0 0 0
54406 4027 11558   4879 2016  6 12    263    577    144 0 0 0
54406 4027 11558   4879 2016  6 13    190    301    170 0 0 0
54406 4027 11558   4879 2016  6 14    184    253    156 0 0 0
54406 4027 11558   4879 2016  6 15    264    460    122 0 0 0
54406 4027 11558   4879 2016  6 16    271    524    133 0 0 0
54406 4027 11558   4879 2016  6 17    232    430    142 0 0 0
54406 4027 11558   4879 2016  6 18    308    584    123 0 0 0
54406 4027 11558   4879 2016  6 19    317    614    129 0 0 0
54406 4027 11558   4879 2016  6 20    319    549    166 0 0 0
54406 4027 11558   4879 2016  6 21    338    611    166 0 0 0
54406 4027 11558   4879 2016  6 22    300    487    175 0 0 0
54406 4027 11558   4879 2016  6 23    279    482    204 0 0 0
54406 4027 11558   4879 2016  6 24    289    563    120 0 0 0
54406 4027 11558   4879 2016  6 25    319    548    140 0 0 0
54406 4027 11558   4879 2016  6 26    324    595    155 0 0 0
54406 4027 11558   4879 2016  6 27    230    475    181 0 0 0
54406 4027 11558   4879 2016  6 28    186    271    162 0 0 0
54406 4027 11558   4879 2016  6 29    238    385    162 0 0 0
54406 4027 11558   4879 2016  6 30    266    394    175 0 0 0
54406 4027 11558   4879 2016  7  1    266    428    142 0 0 0
54406 4027 11558   4879 2016  7  2    285    473    141 0 0 0
54406 4027 11558   4879 2016  7  3    246    382    160 0 0 0
54406 4027 11558   4879 2016  7  4    256    404    185 0 0 0
54406 4027 11558   4879 2016  7  5    294    454    192 0 0 0
54406 4027 11558   4879 2016  7  6    309    507    181 0 0 0
54406 4027 11558   4879 2016  7  7    297    528    178 0 0 0
54406 4027 11558   4879 2016  7  8    308    499    205 0 0 0
54406 4027 11558   4879 2016  7  9    350    572    214 0 0 0
54406 4027 11558   4879 2016  7 10    336    560    220 0 0 0
54406 4027 11558   4879 2016  7 11    348    569    223 0 0 0
54406 4027 11558   4879 2016  7 12    248    356    224 0 0 0
54406 4027 11558   4879 2016  7 13    280    409    180 0 0 0
54406 4027 11558   4879 2016  7 14    243    335    207 0 0 0
54406 4027 11558   4879 2016  7 15    200    244    184 0 0 0
54406 4027 11558   4879 2016  7 16    206    263    175 0 0 0
54406 4027 11558   4879 2016  7 17    252    391    185 0 0 0
54406 4027 11558   4879 2016  7 18    253    356    181 0 0 0
54406 4027 11558   4879 2016  7 19    217    279    202 0 0 0
54406 4027 11558   4879 2016  7 20    202    211    197 0 0 0
54406 4027 11558   4879 2016  7 21    231    316    196 0 0 0
54406 4027 11558   4879 2016  7 22    269    390    198 0 0 0
54406 4027 11558   4879 2016  7 23    290    420    230 0 0 0
54406 4027 11558   4879 2016  7 24    287    417    215 0 0 0
54406 4027 11558   4879 2016  7 25    283    391    233 0 0 0
54406 4027 11558   4879 2016  7 26    276    387    186 0 0 0
54406 4027 11558   4879 2016  7 27    277    418    178 0 0 0
54406 4027 11558   4879 2016  7 28    273    405    174 0 0 0
54406 4027 11558   4879 2016  7 29    297    444    201 0 0 0
54406 4027 11558   4879 2016  7 30    276    397    232 0 0 0
54406 4027 11558   4879 2016  7 31    253    377    214 0 0 0
54406 4027 11558   4879 2016  8  1    284    411    228 0 0 0
54406 4027 11558   4879 2016  8  2    323    508    200 0 0 0
54406 4027 11558   4879 2016  8  3    337    543    202 0 0 0
54406 4027 11558   4879 2016  8  4    324    563    215 0 0 0
54406 4027 11558   4879 2016  8  5    322    522    235 0 0 0
54406 4027 11558   4879 2016  8  6    340    534    228 0 0 0
54406 4027 11558   4879 2016  8  7    270    391    220 0 0 0
54406 4027 11558   4879 2016  8  8    258    398    182 0 0 0
54406 4027 11558   4879 2016  8  9    298    477    180 0 0 0
54406 4027 11558   4879 2016  8 10    324    508    210 0 0 0
54406 4027 11558   4879 2016  8 11    309    523    237 0 0 0
54406 4027 11558   4879 2016  8 12    277    349    221 0 0 0
54406 4027 11558   4879 2016  8 13    239    317    202 0 0 0
54406 4027 11558   4879 2016  8 14    266    406    174 0 0 0
54406 4027 11558   4879 2016  8 15    242    352    192 0 0 0
54406 4027 11558   4879 2016  8 16    258    407    156 0 0 0
54406 4027 11558   4879 2016  8 17    232    306    199 0 0 0
54406 4027 11558   4879 2016  8 18    218    243    210 0 0 0
54406 4027 11558   4879 2016  8 19    265    402    199 0 0 0
54406 4027 11558   4879 2016  8 20    272    401    185 0 0 0
54406 4027 11558   4879 2016  8 21    279    412    187 0 0 0
54406 4027 11558   4879 2016  8 22    257    380    212 0 0 0
54406 4027 11558   4879 2016  8 23    231    276    202 0 0 0
54406 4027 11558   4879 2016  8 24    272    443    184 0 0 0
54406 4027 11558   4879 2016  8 25    273    462    189 0 0 0
54406 4027 11558   4879 2016  8 26    258    493    102 0 0 0
54406 4027 11558   4879 2016  8 27    259    509    112 0 0 0
54406 4027 11558   4879 2016  8 28    271    512    110 0 0 0
54406 4027 11558   4879 2016  8 29    260    521    111 0 0 0
54406 4027 11558   4879 2016  8 30    256    519    144 0 0 0
54406 4027 11558   4879 2016  8 31    269    542    117 0 0 0
54406 4027 11558   4879 2016  9  1    232    409    167 0 0 0
54406 4027 11558   4879 2016  9  2    231    419    159 0 0 0
54406 4027 11558   4879 2016  9  3    287    515    139 0 0 0
54406 4027 11558   4879 2016  9  4    258    441    167 0 0 0
54406 4027 11558   4879 2016  9  5    228    448    133 0 0 0
54406 4027 11558   4879 2016  9  6    258    493    131 0 0 0
54406 4027 11558   4879 2016  9  7    285    559    159 0 0 0
54406 4027 11558   4879 2016  9  8    203    351    115 0 0 0
54406 4027 11558   4879 2016  9  9    219    408     98 0 0 0
54406 4027 11558   4879 2016  9 10    220    467     97 0 0 0
54406 4027 11558   4879 2016  9 11    191    286    161 0 0 0
54406 4027 11558   4879 2016  9 12    221    357    155 0 0 0
54406 4027 11558   4879 2016  9 13    226    379    140 0 0 0
54406 4027 11558   4879 2016  9 14    237    432    141 0 0 0
54406 4027 11558   4879 2016  9 15    253    459    125 0 0 0
54406 4027 11558   4879 2016  9 16    255    454    150 0 0 0
54406 4027 11558   4879 2016  9 17    193    221    164 0 0 0
54406 4027 11558   4879 2016  9 18    185    329    134 0 0 0
54406 4027 11558   4879 2016  9 19    182    351     64 0 0 0
54406 4027 11558   4879 2016  9 20    196    396     69 0 0 0
54406 4027 11558   4879 2016  9 21    177    306    115 0 0 0
54406 4027 11558   4879 2016  9 22    177    313     98 0 0 0
54406 4027 11558   4879 2016  9 23    200    333    117 0 0 0
54406 4027 11558   4879 2016  9 24    208    334    129 0 0 0
54406 4027 11558   4879 2016  9 25    178    261    111 0 0 0
54406 4027 11558   4879 2016  9 26    191    298    152 0 0 0
54406 4027 11558   4879 2016  9 27    172    295     91 0 0 0
54406 4027 11558   4879 2016  9 28    146    328     28 0 0 0
54406 4027 11558   4879 2016  9 29    153    337     35 0 0 0
54406 4027 11558   4879 2016  9 30    176    355     64 0 0 0
54406 4027 11558   4879 2016 10  1    192    369     97 0 0 0
54406 4027 11558   4879 2016 10  2    168    299    106 0 0 0
54406 4027 11558   4879 2016 10  3    191    328    119 0 0 0
54406 4027 11558   4879 2016 10  4    133    169    121 0 0 0
54406 4027 11558   4879 2016 10  5    142    293     57 0 0 0
54406 4027 11558   4879 2016 10  6    117    194     60 0 0 0
54406 4027 11558   4879 2016 10  7    121    179     84 0 0 0
54406 4027 11558   4879 2016 10  8     99    242     11 0 0 0
54406 4027 11558   4879 2016 10  9     94    243     13 0 0 0
54406 4027 11558   4879 2016 10 10    109    261     13 0 0 0
54406 4027 11558   4879 2016 10 11    115    267     21 0 0 0
54406 4027 11558   4879 2016 10 12    129    251     57 0 0 0
54406 4027 11558   4879 2016 10 13    143    263     79 0 0 0
54406 4027 11558   4879 2016 10 14    145    273     62 0 0 0
54406 4027 11558   4879 2016 10 15    109    175     67 0 0 0
54406 4027 11558   4879 2016 10 16    149    267    104 0 0 0
54406 4027 11558   4879 2016 10 17    126    281     28 0 0 0
54406 4027 11558   4879 2016 10 18    136    266     47 0 0 0
54406 4027 11558   4879 2016 10 19    168    279    113 0 0 0
54406 4027 11558   4879 2016 10 20    113    136     88 0 0 0
54406 4027 11558   4879 2016 10 21     95    154     82 0 0 0
54406 4027 11558   4879 2016 10 22    102    183     68 0 0 0
54406 4027 11558   4879 2016 10 23     85    172     58 0 0 0
54406 4027 11558   4879 2016 10 24     70    200     17 0 0 0
54406 4027 11558   4879 2016 10 25     90    234     17 0 0 0
54406 4027 11558   4879 2016 10 26     92    227     40 0 0 0
54406 4027 11558   4879 2016 10 27     71     96     50 0 0 0
54406 4027 11558   4879 2016 10 28     56    193     -3 0 0 0
54406 4027 11558   4879 2016 10 29     42    162     -8 0 0 0
54406 4027 11558   4879 2016 10 30     21     85     -3 0 0 0
54406 4027 11558   4879 2016 10 31     12    113    -41 0 0 0
54406 4027 11558   4879 2016 11  1     10    112    -44 0 0 0
54406 4027 11558   4879 2016 11  2     31    156    -25 0 0 0
54406 4027 11558   4879 2016 11  3     45    201    -21 0 0 0
54406 4027 11558   4879 2016 11  4     57    208     -9 0 0 0
54406 4027 11558   4879 2016 11  5     62    218     -2 0 0 0
54406 4027 11558   4879 2016 11  6     54    134     36 0 0 0
54406 4027 11558   4879 2016 11  7     51    184     -7 0 0 0
54406 4027 11558   4879 2016 11  8     22    148    -28 0 0 0
54406 4027 11558   4879 2016 11  9     10     99    -26 0 0 0
54406 4027 11558   4879 2016 11 10     34    143    -11 0 0 0
54406 4027 11558   4879 2016 11 11     28    146    -19 0 0 0
54406 4027 11558   4879 2016 11 12     27    159    -26 0 0 0
54406 4027 11558   4879 2016 11 13     47    150    -13 0 0 0
54406 4027 11558   4879 2016 11 14     28    173    -22 0 0 0
54406 4027 11558   4879 2016 11 15     12    136    -40 0 0 0
54406 4027 11558   4879 2016 11 16     17    127    -31 0 0 0
54406 4027 11558   4879 2016 11 17     17    112    -24 0 0 0
54406 4027 11558   4879 2016 11 18     40     71    -14 0 0 0
54406 4027 11558   4879 2016 11 19     45    179    -11 0 0 0
54406 4027 11558   4879 2016 11 20      5     24    -19 0 0 0
54406 4027 11558   4879 2016 11 21     -5      1    -10 0 0 0
54406 4027 11558   4879 2016 11 22    -31     -3    -46 0 0 0
54406 4027 11558   4879 2016 11 23    -42      0    -63 0 0 0
54406 4027 11558   4879 2016 11 24    -29     59    -80 0 0 0
54406 4027 11558   4879 2016 11 25    -32     60    -83 0 0 0
54406 4027 11558   4879 2016 11 26    -16     63    -61 0 0 0
54406 4027 11558   4879 2016 11 27    -17     65    -64 0 0 0
54406 4027 11558   4879 2016 11 28    -26     63    -77 0 0 0
54406 4027 11558   4879 2016 11 29    -29     18    -67 0 0 0
54406 4027 11558   4879 2016 11 30     -9     59    -31 0 0 0
54406 4027 11558   4879 2016 12  1    -16     72    -61 0 0 0
54406 4027 11558   4879 2016 12  2    -24     62    -73 0 0 0
54406 4027 11558   4879 2016 12  3    -18     50    -63 0 0 0
54406 4027 11558   4879 2016 12  4    -18     27    -48 0 0 0
54406 4027 11558   4879 2016 12  5    -13     61    -42 0 0 0
54406 4027 11558   4879 2016 12  6    -18     83    -81 0 0 0
54406 4027 11558   4879 2016 12  7     -1     82    -44 0 0 0
54406 4027 11558   4879 2016 12  8     -7     64    -48 0 0 0
54406 4027 11558   4879 2016 12  9    -34     52    -76 0 0 0
54406 4027 11558   4879 2016 12 10    -47     44    -95 0 0 0
54406 4027 11558   4879 2016 12 11    -44     28    -81 0 0 0
54406 4027 11558   4879 2016 12 12    -14     45    -57 0 0 0
54406 4027 11558   4879 2016 12 13    -23     58    -59 0 0 0
54406 4027 11558   4879 2016 12 14    -53     57   -108 0 0 0
54406 4027 11558   4879 2016 12 15    -48     55    -95 0 0 0
54406 4027 11558   4879 2016 12 16    -43     91   -107 0 0 0
54406 4027 11558   4879 2016 12 17    -39     85    -90 0 0 0
54406 4027 11558   4879 2016 12 18    -47     64    -98 0 0 0
54406 4027 11558   4879 2016 12 19    -46     70    -99 0 0 0
54406 4027 11558   4879 2016 12 20    -39     76    -91 0 0 0
54406 4027 11558   4879 2016 12 21    -11     67    -66 0 0 0
54406 4027 11558   4879 2016 12 22    -29     69    -73 0 0 0
54406 4027 11558   4879 2016 12 23    -54     73   -117 0 0 0
54406 4027 11558   4879 2016 12 24    -54     52   -104 0 0 0
54406 4027 11558   4879 2016 12 25    -47     37    -95 0 0 0
54406 4027 11558   4879 2016 12 26    -27     76    -77 0 0 0
54406 4027 11558   4879 2016 12 27    -71     57   -128 0 0 0
54406 4027 11558   4879 2016 12 28    -82     48   -136 0 0 0
54406 4027 11558   4879 2016 12 29    -82     70   -154 0 0 0
54406 4027 11558   4879 2016 12 30    -87     46   -145 0 0 0
54406 4027 11558   4879 2016 12 31    -54     73   -126 0 0 0
54406 4027 11558   4879 2017  1  1    -56     83   -120 0 0 0
54406 4027 11558   4879 2017  1  2    -47    114   -120 0 0 0
54406 4027 11558   4879 2017  1  3    -37    122   -106 0 0 0
54406 4027 11558   4879 2017  1  4    -36    110   -112 0 0 0
54406 4027 11558   4879 2017  1  5    -40     47    -88 0 0 0
54406 4027 11558   4879 2017  1  6    -20     60    -86 0 0 0
54406 4027 11558   4879 2017  1  7    -12     34    -43 0 0 0
54406 4027 11558   4879 2017  1  8    -40     87    -98 0 0 0
54406 4027 11558   4879 2017  1  9    -51     80   -110 0 0 0
54406 4027 11558   4879 2017  1 10    -57     85   -126 0 0 0
54406 4027 11558   4879 2017  1 11    -50    106   -131 0 0 0
54406 4027 11558   4879 2017  1 12    -35    102   -123 0 0 0
54406 4027 11558   4879 2017  1 13    -61     87   -127 0 0 0
54406 4027 11558   4879 2017  1 14    -79     93   -155 0 0 0
54406 4027 11558   4879 2017  1 15    -61     25   -123 0 0 0
54406 4027 11558   4879 2017  1 16    -42      3    -90 0 0 0
54406 4027 11558   4879 2017  1 17    -31     69    -90 0 0 0
54406 4027 11558   4879 2017  1 18    -71    110   -150 0 0 0
54406 4027 11558   4879 2017  1 19    -52     58   -132 0 0 0
54406 4027 11558   4879 2017  1 20    -92     74   -166 0 0 0
54406 4027 11558   4879 2017  1 21    -90     90   -157 0 0 0
54406 4027 11558   4879 2017  1 22    -71    101   -162 0 0 0
54406 4027 11558   4879 2017  1 23    -93     98   -165 0 0 0
54406 4027 11558   4879 2017  1 24    -67    104   -163 0 0 0
54406 4027 11558   4879 2017  1 25    -56    101   -143 0 0 0
54406 4027 11558   4879 2017  1 26    -21    146    -85 0 0 0
54406 4027 11558   4879 2017  1 27    -50    151   -142 0 0 0
54406 4027 11558   4879 2017  1 28    -27    118    -91 0 0 0
54406 4027 11558   4879 2017  1 29    -59     48   -111 0 0 0
54406 4027 11558   4879 2017  1 30    -80    106   -157 0 0 0
54406 4027 11558   4879 2017  1 31    -48    140   -149 0 0 0
54406 4027 11558   4879 2017  2  1    -70    129   -156 0 0 0
54406 4027 11558   4879 2017  2  2    -68    134   -166 0 0 0
54406 4027 11558   4879 2017  2  3    -43    134   -133 0 0 0
54406 4027 11558   4879 2017  2  4     -5    160   -103 0 0 0
54406 4027 11558   4879 2017  2  5    -34    162   -125 0 0 0
54406 4027 11558   4879 2017  2  6    -21    179   -118 0 0 0
54406 4027 11558   4879 2017  2  7    -29     60    -77 0 0 0
54406 4027 11558   4879 2017  2  8    -31    161   -109 0 0 0
54406 4027 11558   4879 2017  2  9    -54    139   -131 0 0 0
54406 4027 11558   4879 2017  2 10    -42    158   -123 0 0 0
54406 4027 11558   4879 2017  2 11    -38    186   -142 0 0 0
54406 4027 11558   4879 2017  2 12    -23    206   -132 0 0 0
54406 4027 11558   4879 2017  2 13    -19    213   -123 0 0 0
54406 4027 11558   4879 2017  2 14    -16    177   -121 0 0 0
54406 4027 11558   4879 2017  2 15     -5    181   -106 0 0 0
54406 4027 11558   4879 2017  2 16     -1    166    -71 0 0 0
54406 4027 11558   4879 2017  2 17    -43    204   -145 0 0 0
54406 4027 11558   4879 2017  2 18    -12    225   -120 0 0 0
54406 4027 11558   4879 2017  2 19     14    254    -58 0 0 0
54406 4027 11558   4879 2017  2 20    -41    166   -108 0 0 0
54406 4027 11558   4879 2017  2 21    -36     24    -97 0 0 0
54406 4027 11558   4879 2017  2 22    -28     -1    -45 0 0 0
54406 4027 11558   4879 2017  2 23    -26    114   -100 0 0 0
54406 4027 11558   4879 2017  2 24    -16    171   -107 0 0 0
54406 4027 11558   4879 2017  2 25      8    226    -73 0 0 0
54406 4027 11558   4879 2017  2 26      7    224    -91 0 0 0
54406 4027 11558   4879 2017  2 27     18    221    -84 0 0 0
54406 4027 11558   4879 2017  2 28     25    253    -83 0 0 0
54406 4027 11558   4879 2017  3  1     29    202    -67 0 0 0
54406 4027 11558   4879 2017  3  2     16    210    -79 0 0 0
54406 4027 11558   4879 2017  3  3     36    238    -62 0 0 0
54406 4027 11558   4879 2017  3  4     41    211    -53 0 0 0
54406 4027 11558   4879 2017  3  5     17    172    -39 0 0 0
54406 4027 11558   4879 2017  3  6     22    217    -39 0 0 0
54406 4027 11558   4879 2017  3  7     18    179    -62 0 0 0
54406 4027 11558   4879 2017  3  8     30    206    -40 0 0 0
54406 4027 11558   4879 2017  3  9     43    218    -36 0 0 0
54406 4027 11558   4879 2017  3 10     48    243    -52 0 0 0
54406 4027 11558   4879 2017  3 11     53    237    -22 0 0 0
54406 4027 11558   4879 2017  3 12     51    236    -36 0 0 0
54406 4027 11558   4879 2017  3 13     50    239    -48 0 0 0
54406 4027 11558   4879 2017  3 14     56    256    -45 0 0 0
54406 4027 11558   4879 2017  3 15     52    232    -39 0 0 0
54406 4027 11558   4879 2017  3 16     51    234    -35 0 0 0
54406 4027 11558   4879 2017  3 17     57    233    -18 0 0 0
54406 4027 11558   4879 2017  3 18     79    286    -27 0 0 0
54406 4027 11558   4879 2017  3 19     69    240    -18 0 0 0
54406 4027 11558   4879 2017  3 20     50     76     37 0 0 0
54406 4027 11558   4879 2017  3 21     65    233     -8 0 0 0
54406 4027 11558   4879 2017  3 22     57    185    -11 0 0 0
54406 4027 11558   4879 2017  3 23     38     55     25 0 0 0
54406 4027 11558   4879 2017  3 24      2     42     -1 0 0 0
54406 4027 11558   4879 2017  3 25     55    229     -9 0 0 0
54406 4027 11558   4879 2017  3 26     42    249     -9 0 0 0
54406 4027 11558   4879 2017  3 27     70    268    -19 0 0 0
54406 4027 11558   4879 2017  3 28     85    304    -12 0 0 0
54406 4027 11558   4879 2017  3 29    110    322     -7 0 0 0
54406 4027 11558   4879 2017  3 30     78    300     -5 0 0 0
54406 4027 11558   4879 2017  3 31     71    305    -16 0 0 0
54406 4027 11558   4879 2017  4  1    112    354    -17 0 0 0
54406 4027 11558   4879 2017  4  2    129    361    -14 0 0 0
54406 4027 11558   4879 2017  4  3    126    335     -8 0 0 0
54406 4027 11558   4879 2017  4  4    124    217     53 0 0 0
54406 4027 11558   4879 2017  4  5    153    353     26 0 0 0
54406 4027 11558   4879 2017  4  6    179    404     57 0 0 0
54406 4027 11558   4879 2017  4  7    148    288     97 0 0 0
54406 4027 11558   4879 2017  4  8    138    321     88 0 0 0
54406 4027 11558   4879 2017  4  9    135    344     -6 0 0 0
54406 4027 11558   4879 2017  4 10    136    339     37 0 0 0
54406 4027 11558   4879 2017  4 11    161    398     28 0 0 0
54406 4027 11558   4879 2017  4 12    142    395     -7 0 0 0
54406 4027 11558   4879 2017  4 13    150    359     -2 0 0 0
54406 4027 11558   4879 2017  4 14    163    474     25 0 0 0
54406 4027 11558   4879 2017  4 15    176    458     12 0 0 0
54406 4027 11558   4879 2017  4 16    178    377     50 0 0 0
54406 4027 11558   4879 2017  4 17    201    412     48 0 0 0
54406 4027 11558   4879 2017  4 18    187    440     25 0 0 0
54406 4027 11558   4879 2017  4 19    136    269     58 0 0 0
54406 4027 11558   4879 2017  4 20    138    423      1 0 0 0
54406 4027 11558   4879 2017  4 21    196    476     23 0 0 0
54406 4027 11558   4879 2017  4 22    196    460    -10 0 0 0
54406 4027 11558   4879 2017  4 23    207    445     26 0 0 0
54406 4027 11558   4879 2017  4 24    197    431     22 0 0 0
54406 4027 11558   4879 2017  4 25    166    397      4 0 0 0
54406 4027 11558   4879 2017  4 26    197    471     -2 0 0 0
54406 4027 11558   4879 2017  4 27    215    502     12 0 0 0
54406 4027 11558   4879 2017  4 28    252    529     46 0 0 0
54406 4027 11558   4879 2017  4 29    257    497     63 0 0 0
54406 4027 11558   4879 2017  4 30    237    484     75 0 0 0
54406 4027 11558   4879 2017  5  1    235    485     57 0 0 0
54406 4027 11558   4879 2017  5  2    231    499     73 0 0 0
54406 4027 11558   4879 2017  5  3    194    374    106 0 0 0
54406 4027 11558   4879 2017  5  4    175    306     94 0 0 0
54406 4027 11558   4879 2017  5  5    184    388    101 0 0 0
54406 4027 11558   4879 2017  5  6    228    468     88 0 0 0
54406 4027 11558   4879 2017  5  7    239    491     50 0 0 0
54406 4027 11558   4879 2017  5  8    211    465     70 0 0 0
54406 4027 11558   4879 2017  5  9    242    466     65 0 0 0
54406 4027 11558   4879 2017  5 10    256    551     86 0 0 0
54406 4027 11558   4879 2017  5 11    239    508     48 0 0 0
54406 4027 11558   4879 2017  5 12    205    531     41 0 0 0
54406 4027 11558   4879 2017  5 13    250    521     61 0 0 0
54406 4027 11558   4879 2017  5 14    280    552     80 0 0 0
54406 4027 11558   4879 2017  5 15    280    554     66 0 0 0
54406 4027 11558   4879 2017  5 16    301    581     97 0 0 0
54406 4027 11558   4879 2017  5 17    315    606    106 0 0 0
54406 4027 11558   4879 2017  5 18    322    609    128 0 0 0
54406 4027 11558   4879 2017  5 19    324    564    148 0 0 0
54406 4027 11558   4879 2017  5 20    321    581    133 0 0 0
54406 4027 11558   4879 2017  5 21    298    533    158 0 0 0
54406 4027 11558   4879 2017  5 22    171    233    141 0 0 0
54406 4027 11558   4879 2017  5 23    214    398     65 0 0 0
54406 4027 11558   4879 2017  5 24    255    483     77 0 0 0
54406 4027 11558   4879 2017  5 25    287    562     96 0 0 0
54406 4027 11558   4879 2017  5 26    298    567    102 0 0 0
54406 4027 11558   4879 2017  5 27    302    580    131 0 0 0
54406 4027 11558   4879 2017  5 28    317    603     95 0 0 0
54406 4027 11558   4879 2017  5 29    221    338    162 0 0 0
54406 4027 11558   4879 2017  5 30    223    357    146 0 0 0
54406 4027 11558   4879 2017  5 31    260    477    117 0 0 0
54406 4027 11558   4879 2017  6  1    300    569    113 0 0 0
54406 4027 11558   4879 2017  6  2    243    500    148 0 0 0
54406 4027 11558   4879 2017  6  3    263    524     78 0 0 0
54406 4027 11558   4879 2017  6  4    304    608     84 0 0 0
54406 4027 11558   4879 2017  6  5    247    435    136 0 0 0
54406 4027 11558   4879 2017  6  6    155    233    140 0 0 0
54406 4027 11558   4879 2017  6  7    258    533    118 0 0 0
54406 4027 11558   4879 2017  6  8    266    525     81 0 0 0
54406 4027 11558   4879 2017  6  9    300    569     94 0 0 0
54406 4027 11558   4879 2017  6 10    301    551    147 0 0 0
54406 4027 11558   4879 2017  6 11    262    525    114 0 0 0
54406 4027 11558   4879 2017  6 12    266    431    121 0 0 0
54406 4027 11558   4879 2017  6 13    207    344    149 0 0 0
54406 4027 11558   4879 2017  6 14    285    547     94 0 0 0
54406 4027 11558   4879 2017  6 15    334    612    127 0 0 0
54406 4027 11558   4879 2017  6 16    330    613    127 0 0 0
54406 4027 11558   4879 2017  6 17    330    573    170 0 0 0
54406 4027 11558   4879 2017  6 18    292    574    162 0 0 0
54406 4027 11558   4879 2017  6 19    270    442    139 0 0 0
54406 4027 11558   4879 2017  6 20    307    559    150 0 0 0
54406 4027 11558   4879 2017  6 21    307    498    178 0 0 0
54406 4027 11558   4879 2017  6 22    196    233    183 0 0 0
54406 4027 11558   4879 2017  6 23    193    258    168 0 0 0
54406 4027 11558   4879 2017  6 24    214    358    160 0 0 0
54406 4027 11558   4879 2017  6 25    249    403    133 0 0 0
54406 4027 11558   4879 2017  6 26    260    407    143 0 0 0
54406 4027 11558   4879 2017  6 27    260    395    168 0 0 0
54406 4027 11558   4879 2017  6 28    262    392    162 0 0 0
54406 4027 11558   4879 2017  6 29    274    408    195 0 0 0
54406 4027 11558   4879 2017  6 30    301    473    186 0 0 0
