54406 4027 11558   4879 2013 12  1      0      0      0 0 0 0
54406 4027 11558   4879 2013 12  2      0      0      0 0 0 0
54406 4027 11558   4879 2013 12  3      0      0      0 0 0 0
54406 4027 11558   4879 2013 12  4      0      0      0 0 0 0
54406 4027 11558   4879 2013 12  5      0      0      0 0 0 0
54406 4027 11558   4879 2013 12  6      0      0      0 0 0 0
54406 4027 11558   4879 2013 12  7      0      0      0 0 0 0
54406 4027 11558   4879 2013 12  8      0      0      0 0 0 0
54406 4027 11558   4879 2013 12  9      0      0      0 0 0 0
54406 4027 11558   4879 2013 12 10      0      0      0 0 0 0
54406 4027 11558   4879 2013 12 11      0      0      0 0 0 0
54406 4027 11558   4879 2013 12 12      0      0      0 0 0 0
54406 4027 11558   4879 2013 12 13      0      0      0 0 0 0
54406 4027 11558   4879 2013 12 14      0      0      0 0 0 0
54406 4027 11558   4879 2013 12 15      0      0      0 0 0 0
54406 4027 11558   4879 2013 12 16      0      0      0 0 0 0
54406 4027 11558   4879 2013 12 17      0      0      0 0 0 0
54406 4027 11558   4879 2013 12 18      0      0      0 0 0 0
54406 4027 11558   4879 2013 12 19      0      0      0 0 0 0
54406 4027 11558   4879 2013 12 20      0      0      0 0 0 0
54406 4027 11558   4879 2013 12 21      0      0      0 0 0 0
54406 4027 11558   4879 2013 12 22      0      0      0 0 0 0
54406 4027 11558   4879 2013 12 23      0      0      0 0 0 0
54406 4027 11558   4879 2013 12 24      0      0      0 0 0 0
54406 4027 11558   4879 2013 12 25      0      0      0 0 0 0
54406 4027 11558   4879 2013 12 26      0      0      0 0 0 0
54406 4027 11558   4879 2013 12 27      0      0      0 0 0 0
54406 4027 11558   4879 2013 12 28      0      0      0 0 0 0
54406 4027 11558   4879 2013 12 29      0      0      0 0 0 0
54406 4027 11558   4879 2013 12 30      0      0      0 0 0 0
54406 4027 11558   4879 2013 12 31      0      0      0 0 0 0
54406 4027 11558   4879 2014  1  1      0      0      0 0 0 0
54406 4027 11558   4879 2014  1  2      0      0      0 0 0 0
54406 4027 11558   4879 2014  1  3      0      0      0 0 0 0
54406 4027 11558   4879 2014  1  4      0      0      0 0 0 0
54406 4027 11558   4879 2014  1  5      0      0      0 0 0 0
54406 4027 11558   4879 2014  1  6      0      0      0 0 0 0
54406 4027 11558   4879 2014  1  7      0      0      0 0 0 0
54406 4027 11558   4879 2014  1  8      0      0      0 0 0 0
54406 4027 11558   4879 2014  1  9      0      0      0 0 0 0
54406 4027 11558   4879 2014  1 10      0      0      0 0 0 0
54406 4027 11558   4879 2014  1 11      0      0      0 0 0 0
54406 4027 11558   4879 2014  1 12      0      0      0 0 0 0
54406 4027 11558   4879 2014  1 13      0      0      0 0 0 0
54406 4027 11558   4879 2014  1 14      0      0      0 0 0 0
54406 4027 11558   4879 2014  1 15      0      0      0 0 0 0
54406 4027 11558   4879 2014  1 16      0      0      0 0 0 0
54406 4027 11558   4879 2014  1 17      0      0      0 0 0 0
54406 4027 11558   4879 2014  1 18      0      0      0 0 0 0
54406 4027 11558   4879 2014  1 19      0      0      0 0 0 0
54406 4027 11558   4879 2014  1 20      0      0      0 0 0 0
54406 4027 11558   4879 2014  1 21      0      0      0 0 0 0
54406 4027 11558   4879 2014  1 22      0      0      0 0 0 0
54406 4027 11558   4879 2014  1 23      0      0      0 0 0 0
54406 4027 11558   4879 2014  1 24      0      0      0 0 0 0
54406 4027 11558   4879 2014  1 25      0      0      0 0 0 0
54406 4027 11558   4879 2014  1 26      0      0      0 0 0 0
54406 4027 11558   4879 2014  1 27      0      0      0 0 0 0
54406 4027 11558   4879 2014  1 28      0      0      0 0 0 0
54406 4027 11558   4879 2014  1 29      0      0      0 0 0 0
54406 4027 11558   4879 2014  1 30      0      0      0 0 0 0
54406 4027 11558   4879 2014  1 31      0      0      0 0 0 0
54406 4027 11558   4879 2014  2  1      0      0      0 0 0 0
54406 4027 11558   4879 2014  2  2      0      0      0 0 0 0
54406 4027 11558   4879 2014  2  3      0      0      0 0 0 0
54406 4027 11558   4879 2014  2  4      0      0      0 0 0 0
54406 4027 11558   4879 2014  2  5      0      0      0 0 0 0
54406 4027 11558   4879 2014  2  6  32700  32700  32700 0 0 0
54406 4027 11558   4879 2014  2  7      2      6      8 0 0 0
54406 4027 11558   4879 2014  2  8      4      0      4 0 0 0
54406 4027 11558   4879 2014  2  9      0      0      0 0 0 0
54406 4027 11558   4879 2014  2 10      0      0      0 0 0 0
54406 4027 11558   4879 2014  2 11      0      0      0 0 0 0
54406 4027 11558   4879 2014  2 12      0      0      0 0 0 0
54406 4027 11558   4879 2014  2 13      0  32700  32700 0 0 0
54406 4027 11558   4879 2014  2 14  32700  32700  32700 0 0 0
54406 4027 11558   4879 2014  2 15      0      0      0 0 0 0
54406 4027 11558   4879 2014  2 16      0      0      0 0 0 0
54406 4027 11558   4879 2014  2 17      0      0      0 0 0 0
54406 4027 11558   4879 2014  2 18      0  32700  32700 0 0 0
54406 4027 11558   4879 2014  2 19  32700      0  32700 0 0 0
54406 4027 11558   4879 2014  2 20      0      0      0 0 0 0
54406 4027 11558   4879 2014  2 21      0      0      0 0 0 0
54406 4027 11558   4879 2014  2 22      0      0      0 0 0 0
54406 4027 11558   4879 2014  2 23      0      0      0 0 0 0
54406 4027 11558   4879 2014  2 24      0      0      0 0 0 0
54406 4027 11558   4879 2014  2 25      0      0      0 0 0 0
54406 4027 11558   4879 2014  2 26      0     11     11 0 0 0
54406 4027 11558   4879 2014  2 27      0      0      0 0 0 0
54406 4027 11558   4879 2014  2 28      0      0      0 0 0 0
54406 4027 11558   4879 2014  3  1      0      0      0 0 0 0
54406 4027 11558   4879 2014  3  2      0      0      0 0 0 0
54406 4027 11558   4879 2014  3  3      0      0      0 0 0 0
54406 4027 11558   4879 2014  3  4      0      0      0 0 0 0
54406 4027 11558   4879 2014  3  5      0      0      0 0 0 0
54406 4027 11558   4879 2014  3  6      0      0      0 0 0 0
54406 4027 11558   4879 2014  3  7      0      0      0 0 0 0
54406 4027 11558   4879 2014  3  8      0      0      0 0 0 0
54406 4027 11558   4879 2014  3  9      0      0      0 0 0 0
54406 4027 11558   4879 2014  3 10      0      0      0 0 0 0
54406 4027 11558   4879 2014  3 11      0      0      0 0 0 0
54406 4027 11558   4879 2014  3 12      0      0      0 0 0 0
54406 4027 11558   4879 2014  3 13      0      0      0 0 0 0
54406 4027 11558   4879 2014  3 14      0      0      0 0 0 0
54406 4027 11558   4879 2014  3 15      0      0      0 0 0 0
54406 4027 11558   4879 2014  3 16      0      0      0 0 0 0
54406 4027 11558   4879 2014  3 17      0      0      0 0 0 0
54406 4027 11558   4879 2014  3 18      0      0      0 0 0 0
54406 4027 11558   4879 2014  3 19      0  32700  32700 0 0 0
54406 4027 11558   4879 2014  3 20      0      0      0 0 0 0
54406 4027 11558   4879 2014  3 21      0      0      0 0 0 0
54406 4027 11558   4879 2014  3 22      0      0      0 0 0 0
54406 4027 11558   4879 2014  3 23      0      0      0 0 0 0
54406 4027 11558   4879 2014  3 24      0      0      0 0 0 0
54406 4027 11558   4879 2014  3 25      0      0      0 0 0 0
54406 4027 11558   4879 2014  3 26      0      0      0 0 0 0
54406 4027 11558   4879 2014  3 27      0      0      0 0 0 0
54406 4027 11558   4879 2014  3 28     78  32700     78 0 0 0
54406 4027 11558   4879 2014  3 29      0      0      0 0 0 0
54406 4027 11558   4879 2014  3 30      0      0      0 0 0 0
54406 4027 11558   4879 2014  3 31      0  32700  32700 0 0 0
54406 4027 11558   4879 2014  4  1      0      0      0 0 0 0
54406 4027 11558   4879 2014  4  2      0      0      0 0 0 0
54406 4027 11558   4879 2014  4  3      0      0      0 0 0 0
54406 4027 11558   4879 2014  4  4      0      0      0 0 0 0
54406 4027 11558   4879 2014  4  5      0      0      0 0 0 0
54406 4027 11558   4879 2014  4  6      0      0      0 0 0 0
54406 4027 11558   4879 2014  4  7      0      0      0 0 0 0
54406 4027 11558   4879 2014  4  8      0      0      0 0 0 0
54406 4027 11558   4879 2014  4  9      0      0      0 0 0 0
54406 4027 11558   4879 2014  4 10      0      0      0 0 0 0
54406 4027 11558   4879 2014  4 11  32700      0  32700 0 0 0
54406 4027 11558   4879 2014  4 12      0      0      0 0 0 0
54406 4027 11558   4879 2014  4 13      0      0      0 0 0 0
54406 4027 11558   4879 2014  4 14      0      0      0 0 0 0
54406 4027 11558   4879 2014  4 15      0      0      0 0 0 0
54406 4027 11558   4879 2014  4 16      0      0      0 0 0 0
54406 4027 11558   4879 2014  4 17     47      2     49 0 0 0
54406 4027 11558   4879 2014  4 18      0      0      0 0 0 0
54406 4027 11558   4879 2014  4 19  32700     23     23 0 0 0
54406 4027 11558   4879 2014  4 20      0      0      0 0 0 0
54406 4027 11558   4879 2014  4 21      0      0      0 0 0 0
54406 4027 11558   4879 2014  4 22      0      0      0 0 0 0
54406 4027 11558   4879 2014  4 23      0  32700  32700 0 0 0
54406 4027 11558   4879 2014  4 24      0      0      0 0 0 0
54406 4027 11558   4879 2014  4 25      0  32700  32700 0 0 0
54406 4027 11558   4879 2014  4 26     20      0     20 0 0 0
54406 4027 11558   4879 2014  4 27      0      0      0 0 0 0
54406 4027 11558   4879 2014  4 28      0      0      0 0 0 0
54406 4027 11558   4879 2014  4 29      0      0      0 0 0 0
54406 4027 11558   4879 2014  4 30      0      0      0 0 0 0
54406 4027 11558   4879 2014  5  1      0    170    170 0 0 0
54406 4027 11558   4879 2014  5  2      0  32700  32700 0 0 0
54406 4027 11558   4879 2014  5  3      0      0      0 0 0 0
54406 4027 11558   4879 2014  5  4      0      0      0 0 0 0
54406 4027 11558   4879 2014  5  5      0      0      0 0 0 0
54406 4027 11558   4879 2014  5  6      0      0      0 0 0 0
54406 4027 11558   4879 2014  5  7  32700      0  32700 0 0 0
54406 4027 11558   4879 2014  5  8      0      0      0 0 0 0
54406 4027 11558   4879 2014  5  9      0      0      0 0 0 0
54406 4027 11558   4879 2014  5 10      0      0      0 0 0 0
54406 4027 11558   4879 2014  5 11     93     39    132 0 0 0
54406 4027 11558   4879 2014  5 12      0      0      0 0 0 0
54406 4027 11558   4879 2014  5 13      0      0      0 0 0 0
54406 4027 11558   4879 2014  5 14      0      0      0 0 0 0
54406 4027 11558   4879 2014  5 15      0      0      0 0 0 0
54406 4027 11558   4879 2014  5 16      0      0      0 0 0 0
54406 4027 11558   4879 2014  5 17      0     10     10 0 0 0
54406 4027 11558   4879 2014  5 18      0  32700  32700 0 0 0
54406 4027 11558   4879 2014  5 19     34      0     34 0 0 0
54406 4027 11558   4879 2014  5 20      0      0      0 0 0 0
54406 4027 11558   4879 2014  5 21      0      0      0 0 0 0
54406 4027 11558   4879 2014  5 22      0      0      0 0 0 0
54406 4027 11558   4879 2014  5 23      0      0      0 0 0 0
54406 4027 11558   4879 2014  5 24     25      1     26 0 0 0
54406 4027 11558   4879 2014  5 25      0      0      0 0 0 0
54406 4027 11558   4879 2014  5 26      0      0      0 0 0 0
54406 4027 11558   4879 2014  5 27      0      0      0 0 0 0
54406 4027 11558   4879 2014  5 28      0      0      0 0 0 0
54406 4027 11558   4879 2014  5 29      0      0      0 0 0 0
54406 4027 11558   4879 2014  5 30      0      0      0 0 0 0
54406 4027 11558   4879 2014  5 31      0      0      0 0 0 0
54406 4027 11558   4879 2014  6  1     72      7     79 0 0 0
54406 4027 11558   4879 2014  6  2      5      0      5 0 0 0
54406 4027 11558   4879 2014  6  3      0      0      0 0 0 0
54406 4027 11558   4879 2014  6  4      0  32700  32700 0 0 0
54406 4027 11558   4879 2014  6  5      0      0      0 0 0 0
54406 4027 11558   4879 2014  6  6      0    288    288 0 0 0
54406 4027 11558   4879 2014  6  7      0      0      0 0 0 0
54406 4027 11558   4879 2014  6  8      0      1      1 0 0 0
54406 4027 11558   4879 2014  6  9      0  32700  32700 0 0 0
54406 4027 11558   4879 2014  6 10     22     96    118 0 0 0
54406 4027 11558   4879 2014  6 11      0      0      0 0 0 0
54406 4027 11558   4879 2014  6 12      0  32700  32700 0 0 0
54406 4027 11558   4879 2014  6 13      0     74     74 0 0 0
54406 4027 11558   4879 2014  6 14      0      0      0 0 0 0
54406 4027 11558   4879 2014  6 15      0      9      9 0 0 0
54406 4027 11558   4879 2014  6 16  32700      5      5 0 0 0
54406 4027 11558   4879 2014  6 17      2      3      5 0 0 0
54406 4027 11558   4879 2014  6 18      0      0      0 0 0 0
54406 4027 11558   4879 2014  6 19      0      0      0 0 0 0
54406 4027 11558   4879 2014  6 20    134      3    137 0 0 0
54406 4027 11558   4879 2014  6 21      1    129    130 0 0 0
54406 4027 11558   4879 2014  6 22      0      4      4 0 0 0
54406 4027 11558   4879 2014  6 23      0      0      0 0 0 0
54406 4027 11558   4879 2014  6 24      0      0      0 0 0 0
54406 4027 11558   4879 2014  6 25      7     19     26 0 0 0
54406 4027 11558   4879 2014  6 26      0      6      6 0 0 0
54406 4027 11558   4879 2014  6 27      0      0      0 0 0 0
54406 4027 11558   4879 2014  6 28      0      0      0 0 0 0
54406 4027 11558   4879 2014  6 29      0      0      0 0 0 0
54406 4027 11558   4879 2014  6 30      0     10     10 0 0 0
54406 4027 11558   4879 2014  7  1      0     25     25 0 0 0
54406 4027 11558   4879 2014  7  2     64      0     64 0 0 0
54406 4027 11558   4879 2014  7  3      1     44     45 0 0 0
54406 4027 11558   4879 2014  7  4      0      0      0 0 0 0
54406 4027 11558   4879 2014  7  5      0      0      0 0 0 0
54406 4027 11558   4879 2014  7  6      0      0      0 0 0 0
54406 4027 11558   4879 2014  7  7      0      0      0 0 0 0
54406 4027 11558   4879 2014  7  8      0      0      0 0 0 0
54406 4027 11558   4879 2014  7  9      0      0      0 0 0 0
54406 4027 11558   4879 2014  7 10      0      0      0 0 0 0
54406 4027 11558   4879 2014  7 11      0      0      0 0 0 0
54406 4027 11558   4879 2014  7 12      0      0      0 0 0 0
54406 4027 11558   4879 2014  7 13      0      1      1 0 0 0
54406 4027 11558   4879 2014  7 14      0      0      0 0 0 0
54406 4027 11558   4879 2014  7 15      0      3      3 0 0 0
54406 4027 11558   4879 2014  7 16      0     78     78 0 0 0
54406 4027 11558   4879 2014  7 17      0      0      0 0 0 0
54406 4027 11558   4879 2014  7 18      0      0      0 0 0 0
54406 4027 11558   4879 2014  7 19      0      0      0 0 0 0
54406 4027 11558   4879 2014  7 20      1      0      1 0 0 0
54406 4027 11558   4879 2014  7 21     57  32700     57 0 0 0
54406 4027 11558   4879 2014  7 22  32700      4      4 0 0 0
54406 4027 11558   4879 2014  7 23  32700      0  32700 0 0 0
54406 4027 11558   4879 2014  7 24      0      0      0 0 0 0
54406 4027 11558   4879 2014  7 25      0      0      0 0 0 0
54406 4027 11558   4879 2014  7 26      0      0      0 0 0 0
54406 4027 11558   4879 2014  7 27      0      0      0 0 0 0
54406 4027 11558   4879 2014  7 28      0      0      0 0 0 0
54406 4027 11558   4879 2014  7 29      0      0      0 0 0 0
54406 4027 11558   4879 2014  7 30    170      0    170 0 0 0
54406 4027 11558   4879 2014  7 31      0      0      0 0 0 0
54406 4027 11558   4879 2014  8  1      0      0      0 0 0 0
54406 4027 11558   4879 2014  8  2      0      0      0 0 0 0
54406 4027 11558   4879 2014  8  3      0  32700  32700 0 0 0
54406 4027 11558   4879 2014  8  4      1     11     12 0 0 0
54406 4027 11558   4879 2014  8  5      0      0      0 0 0 0
54406 4027 11558   4879 2014  8  6      0      0      0 0 0 0
54406 4027 11558   4879 2014  8  7      0      0      0 0 0 0
54406 4027 11558   4879 2014  8  8      0      0      0 0 0 0
54406 4027 11558   4879 2014  8  9      0     14     14 0 0 0
54406 4027 11558   4879 2014  8 10     44      7     51 0 0 0
54406 4027 11558   4879 2014  8 11      0      0      0 0 0 0
54406 4027 11558   4879 2014  8 12      0  32700  32700 0 0 0
54406 4027 11558   4879 2014  8 13     21    130    151 0 0 0
54406 4027 11558   4879 2014  8 14      0  32700  32700 0 0 0
54406 4027 11558   4879 2014  8 15      0      6      6 0 0 0
54406 4027 11558   4879 2014  8 16      0      0      0 0 0 0
54406 4027 11558   4879 2014  8 17      0      0      0 0 0 0
54406 4027 11558   4879 2014  8 18      0      0      0 0 0 0
54406 4027 11558   4879 2014  8 19      0      0      0 0 0 0
54406 4027 11558   4879 2014  8 20      0      0      0 0 0 0
54406 4027 11558   4879 2014  8 21  32700      3      3 0 0 0
54406 4027 11558   4879 2014  8 22     13  32700     13 0 0 0
54406 4027 11558   4879 2014  8 23  32700  32700  32700 0 0 0
54406 4027 11558   4879 2014  8 24     13      0     13 0 0 0
54406 4027 11558   4879 2014  8 25      0      0      0 0 0 0
54406 4027 11558   4879 2014  8 26      0      0      0 0 0 0
54406 4027 11558   4879 2014  8 27      0      0      0 0 0 0
54406 4027 11558   4879 2014  8 28     59    108    167 0 0 0
54406 4027 11558   4879 2014  8 29      4      0      4 0 0 0
54406 4027 11558   4879 2014  8 30      0      0      0 0 0 0
54406 4027 11558   4879 2014  8 31     65      0     65 0 0 0
54406 4027 11558   4879 2014  9  1      0    185    185 0 0 0
54406 4027 11558   4879 2014  9  2     93     27    120 0 0 0
54406 4027 11558   4879 2014  9  3      0      0      0 0 0 0
54406 4027 11558   4879 2014  9  4      0      0      0 0 0 0
54406 4027 11558   4879 2014  9  5      0      0      0 0 0 0
54406 4027 11558   4879 2014  9  6      0      0      0 0 0 0
54406 4027 11558   4879 2014  9  7     18      0     18 0 0 0
54406 4027 11558   4879 2014  9  8      0      0      0 0 0 0
54406 4027 11558   4879 2014  9  9      0      0      0 0 0 0
54406 4027 11558   4879 2014  9 10      0      0      0 0 0 0
54406 4027 11558   4879 2014  9 11      0     20     20 0 0 0
54406 4027 11558   4879 2014  9 12     60      0     60 0 0 0
54406 4027 11558   4879 2014  9 13      0      0      0 0 0 0
54406 4027 11558   4879 2014  9 14      0      0      0 0 0 0
54406 4027 11558   4879 2014  9 15      0      0      0 0 0 0
54406 4027 11558   4879 2014  9 16      0      0      0 0 0 0
54406 4027 11558   4879 2014  9 17      0      0      0 0 0 0
54406 4027 11558   4879 2014  9 18      0      0      0 0 0 0
54406 4027 11558   4879 2014  9 19      0     11     11 0 0 0
54406 4027 11558   4879 2014  9 20      0      0      0 0 0 0
54406 4027 11558   4879 2014  9 21      0      0      0 0 0 0
54406 4027 11558   4879 2014  9 22      0      5      5 0 0 0
54406 4027 11558   4879 2014  9 23     89    147    236 0 0 0
54406 4027 11558   4879 2014  9 24      8      0      8 0 0 0
54406 4027 11558   4879 2014  9 25      0      0      0 0 0 0
54406 4027 11558   4879 2014  9 26      0     37     37 0 0 0
54406 4027 11558   4879 2014  9 27      0      0      0 0 0 0
54406 4027 11558   4879 2014  9 28      0      0      0 0 0 0
54406 4027 11558   4879 2014  9 29      0      0      0 0 0 0
54406 4027 11558   4879 2014  9 30      0      0      0 0 0 0
54406 4027 11558   4879 2014 10  1      2    213    215 0 0 0
54406 4027 11558   4879 2014 10  2      3      2      5 0 0 0
54406 4027 11558   4879 2014 10  3      0  32700  32700 0 0 0
54406 4027 11558   4879 2014 10  4     78      3     81 0 0 0
54406 4027 11558   4879 2014 10  5      0      0      0 0 0 0
54406 4027 11558   4879 2014 10  6      0      0      0 0 0 0
54406 4027 11558   4879 2014 10  7      0      0      0 0 0 0
54406 4027 11558   4879 2014 10  8      0      0      0 0 0 0
54406 4027 11558   4879 2014 10  9      0      0      0 0 0 0
54406 4027 11558   4879 2014 10 10      0      0      0 0 0 0
54406 4027 11558   4879 2014 10 11      0      0      0 0 0 0
54406 4027 11558   4879 2014 10 12      0      0      0 0 0 0
54406 4027 11558   4879 2014 10 13      0      0      0 0 0 0
54406 4027 11558   4879 2014 10 14      0      0      0 0 0 0
54406 4027 11558   4879 2014 10 15      0      0      0 0 0 0
54406 4027 11558   4879 2014 10 16      0      0      0 0 0 0
54406 4027 11558   4879 2014 10 17      0      0      0 0 0 0
54406 4027 11558   4879 2014 10 18      0      0      0 0 0 0
54406 4027 11558   4879 2014 10 19      0      0      0 0 0 0
54406 4027 11558   4879 2014 10 20      0      0      0 0 0 0
54406 4027 11558   4879 2014 10 21      0      0      0 0 0 0
54406 4027 11558   4879 2014 10 22      0      0      0 0 0 0
54406 4027 11558   4879 2014 10 23      0      0      0 0 0 0
54406 4027 11558   4879 2014 10 24      0      0      0 0 0 0
54406 4027 11558   4879 2014 10 25      0      0      0 0 0 0
54406 4027 11558   4879 2014 10 26      0      0      0 0 0 0
54406 4027 11558   4879 2014 10 27      0      0      0 0 0 0
54406 4027 11558   4879 2014 10 28      0      0      0 0 0 0
54406 4027 11558   4879 2014 10 29      0      0      0 0 0 0
54406 4027 11558   4879 2014 10 30  32700  32700  32700 0 0 0
54406 4027 11558   4879 2014 10 31      0      2      2 0 0 0
54406 4027 11558   4879 2014 11  1      0      0      0 0 0 0
54406 4027 11558   4879 2014 11  2      0      0      0 0 0 0
54406 4027 11558   4879 2014 11  3      0      0      0 0 0 0
54406 4027 11558   4879 2014 11  4      0      0      0 0 0 0
54406 4027 11558   4879 2014 11  5      0      0      0 0 0 0
54406 4027 11558   4879 2014 11  6      0      0      0 0 0 0
54406 4027 11558   4879 2014 11  7      0      0      0 0 0 0
54406 4027 11558   4879 2014 11  8      0      0      0 0 0 0
54406 4027 11558   4879 2014 11  9      0      0      0 0 0 0
54406 4027 11558   4879 2014 11 10      0      0      0 0 0 0
54406 4027 11558   4879 2014 11 11      0      0      0 0 0 0
54406 4027 11558   4879 2014 11 12      0      0      0 0 0 0
54406 4027 11558   4879 2014 11 13      0      0      0 0 0 0
54406 4027 11558   4879 2014 11 14      0      0      0 0 0 0
54406 4027 11558   4879 2014 11 15      0      0      0 0 0 0
54406 4027 11558   4879 2014 11 16      0      0      0 0 0 0
54406 4027 11558   4879 2014 11 17      0      0      0 0 0 0
54406 4027 11558   4879 2014 11 18      0      0      0 0 0 0
54406 4027 11558   4879 2014 11 19      0      0      0 0 0 0
54406 4027 11558   4879 2014 11 20      0      0      0 0 0 0
54406 4027 11558   4879 2014 11 21      0      0      0 0 0 0
54406 4027 11558   4879 2014 11 22      0      0      0 0 0 0
54406 4027 11558   4879 2014 11 23      0      0      0 0 0 0
54406 4027 11558   4879 2014 11 24      0      0      0 0 0 0
54406 4027 11558   4879 2014 11 25      0      0      0 0 0 0
54406 4027 11558   4879 2014 11 26      0      0      0 0 0 0
54406 4027 11558   4879 2014 11 27      0      0      0 0 0 0
54406 4027 11558   4879 2014 11 28      0      0      0 0 0 0
54406 4027 11558   4879 2014 11 29      0      0      0 0 0 0
54406 4027 11558   4879 2014 11 30      0      0      0 0 0 0
54406 4027 11558   4879 2014 12  1      0      0      0 0 0 0
54406 4027 11558   4879 2014 12  2      0      0      0 0 0 0
54406 4027 11558   4879 2014 12  3      0      0      0 0 0 0
54406 4027 11558   4879 2014 12  4      0      0      0 0 0 0
54406 4027 11558   4879 2014 12  5      0      0      0 0 0 0
54406 4027 11558   4879 2014 12  6      0      0      0 0 0 0
54406 4027 11558   4879 2014 12  7      0      0      0 0 0 0
54406 4027 11558   4879 2014 12  8      0      0      0 0 0 0
54406 4027 11558   4879 2014 12  9      0      0      0 0 0 0
54406 4027 11558   4879 2014 12 10  32700      0  32700 0 0 0
54406 4027 11558   4879 2014 12 11      0      0      0 0 0 0
54406 4027 11558   4879 2014 12 12      0      0      0 0 0 0
54406 4027 11558   4879 2014 12 13      0      0      0 0 0 0
54406 4027 11558   4879 2014 12 14      0      0      0 0 0 0
54406 4027 11558   4879 2014 12 15      0      0      0 0 0 0
54406 4027 11558   4879 2014 12 16      0      0      0 0 0 0
54406 4027 11558   4879 2014 12 17      0      0      0 0 0 0
54406 4027 11558   4879 2014 12 18      0      0      0 0 0 0
54406 4027 11558   4879 2014 12 19      0      0      0 0 0 0
54406 4027 11558   4879 2014 12 20      0      0      0 0 0 0
54406 4027 11558   4879 2014 12 21      0      0      0 0 0 0
54406 4027 11558   4879 2014 12 22      0      0      0 0 0 0
54406 4027 11558   4879 2014 12 23      0      0      0 0 0 0
54406 4027 11558   4879 2014 12 24      0      0      0 0 0 0
54406 4027 11558   4879 2014 12 25      0      0      0 0 0 0
54406 4027 11558   4879 2014 12 26      0      0      0 0 0 0
54406 4027 11558   4879 2014 12 27      0      0      0 0 0 0
54406 4027 11558   4879 2014 12 28      0      0      0 0 0 0
54406 4027 11558   4879 2014 12 29      0      0      0 0 0 0
54406 4027 11558   4879 2014 12 30      0      0      0 0 0 0
54406 4027 11558   4879 2014 12 31      0      0      0 0 0 0
54406 4027 11558   4879 2015  1  1      0      0      0 0 0 0
54406 4027 11558   4879 2015  1  2      0      0      0 0 0 0
54406 4027 11558   4879 2015  1  3      0      0      0 0 0 0
54406 4027 11558   4879 2015  1  4      0      0      0 0 0 0
54406 4027 11558   4879 2015  1  5      0      0      0 0 0 0
54406 4027 11558   4879 2015  1  6      0      0      0 0 0 0
54406 4027 11558   4879 2015  1  7      0      0      0 0 0 0
54406 4027 11558   4879 2015  1  8      0      0      0 0 0 0
54406 4027 11558   4879 2015  1  9      0      0      0 0 0 0
54406 4027 11558   4879 2015  1 10      0      0      0 0 0 0
54406 4027 11558   4879 2015  1 11      0      0      0 0 0 0
54406 4027 11558   4879 2015  1 12      0      0      0 0 0 0
54406 4027 11558   4879 2015  1 13      0      0      0 0 0 0
54406 4027 11558   4879 2015  1 14      0      3      3 0 0 0
54406 4027 11558   4879 2015  1 15      0      0      0 0 0 0
54406 4027 11558   4879 2015  1 16  32700      0  32700 0 0 0
54406 4027 11558   4879 2015  1 17      0      0      0 0 0 0
54406 4027 11558   4879 2015  1 18  32700  32700  32700 0 0 0
54406 4027 11558   4879 2015  1 19      0      0      0 0 0 0
54406 4027 11558   4879 2015  1 20      0      0      0 0 0 0
54406 4027 11558   4879 2015  1 21      0      0      0 0 0 0
54406 4027 11558   4879 2015  1 22      0      0      0 0 0 0
54406 4027 11558   4879 2015  1 23      0      0      0 0 0 0
54406 4027 11558   4879 2015  1 24      0     16     16 0 0 0
54406 4027 11558   4879 2015  1 25  32700  32700  32700 0 0 0
54406 4027 11558   4879 2015  1 26      0      0      0 0 0 0
54406 4027 11558   4879 2015  1 27      0      0      0 0 0 0
54406 4027 11558   4879 2015  1 28      0      0      0 0 0 0
54406 4027 11558   4879 2015  1 29      0      0      0 0 0 0
54406 4027 11558   4879 2015  1 30      0      0      0 0 0 0
54406 4027 11558   4879 2015  1 31      0      0      0 0 0 0
54406 4027 11558   4879 2015  2  1      0      0      0 0 0 0
54406 4027 11558   4879 2015  2  2      0      0      0 0 0 0
54406 4027 11558   4879 2015  2  3      0      0      0 0 0 0
54406 4027 11558   4879 2015  2  4      0      0      0 0 0 0
54406 4027 11558   4879 2015  2  5      0      0      0 0 0 0
54406 4027 11558   4879 2015  2  6      0      0      0 0 0 0
54406 4027 11558   4879 2015  2  7      0      0      0 0 0 0
54406 4027 11558   4879 2015  2  8      0      0      0 0 0 0
54406 4027 11558   4879 2015  2  9      0      0      0 0 0 0
54406 4027 11558   4879 2015  2 10      0      0      0 0 0 0
54406 4027 11558   4879 2015  2 11      0      0      0 0 0 0
54406 4027 11558   4879 2015  2 12      0      0      0 0 0 0
54406 4027 11558   4879 2015  2 13      0      0      0 0 0 0
54406 4027 11558   4879 2015  2 14      0      0      0 0 0 0
54406 4027 11558   4879 2015  2 15      0      0      0 0 0 0
54406 4027 11558   4879 2015  2 16      0      0      0 0 0 0
54406 4027 11558   4879 2015  2 17      0      0      0 0 0 0
54406 4027 11558   4879 2015  2 18      0      0      0 0 0 0
54406 4027 11558   4879 2015  2 19      0      0      0 0 0 0
54406 4027 11558   4879 2015  2 20      5      4      9 0 0 0
54406 4027 11558   4879 2015  2 21  32700  32700  32700 0 0 0
54406 4027 11558   4879 2015  2 22      0      0      0 0 0 0
54406 4027 11558   4879 2015  2 23      0      0      0 0 0 0
54406 4027 11558   4879 2015  2 24      0      0      0 0 0 0
54406 4027 11558   4879 2015  2 25      0      0      0 0 0 0
54406 4027 11558   4879 2015  2 26      0      0      0 0 0 0
54406 4027 11558   4879 2015  2 27      0  32700  32700 0 0 0
54406 4027 11558   4879 2015  2 28      4      1      5 0 0 0
54406 4027 11558   4879 2015  3  1      0      0      0 0 0 0
54406 4027 11558   4879 2015  3  2      0      0      0 0 0 0
54406 4027 11558   4879 2015  3  3      0      0      0 0 0 0
54406 4027 11558   4879 2015  3  4      0      0      0 0 0 0
54406 4027 11558   4879 2015  3  5      0      0      0 0 0 0
54406 4027 11558   4879 2015  3  6      0      0      0 0 0 0
54406 4027 11558   4879 2015  3  7      0      0      0 0 0 0
54406 4027 11558   4879 2015  3  8      0      0      0 0 0 0
54406 4027 11558   4879 2015  3  9      0      0      0 0 0 0
54406 4027 11558   4879 2015  3 10      0      0      0 0 0 0
54406 4027 11558   4879 2015  3 11      0      0      0 0 0 0
54406 4027 11558   4879 2015  3 12      0      0      0 0 0 0
54406 4027 11558   4879 2015  3 13      0      0      0 0 0 0
54406 4027 11558   4879 2015  3 14      0      0      0 0 0 0
54406 4027 11558   4879 2015  3 15      0      0      0 0 0 0
54406 4027 11558   4879 2015  3 16      0      0      0 0 0 0
54406 4027 11558   4879 2015  3 17      0      0      0 0 0 0
54406 4027 11558   4879 2015  3 18      0      0      0 0 0 0
54406 4027 11558   4879 2015  3 19      0      0      0 0 0 0
54406 4027 11558   4879 2015  3 20      0      0      0 0 0 0
54406 4027 11558   4879 2015  3 21      0      0      0 0 0 0
54406 4027 11558   4879 2015  3 22      0      0      0 0 0 0
54406 4027 11558   4879 2015  3 23      0      0      0 0 0 0
54406 4027 11558   4879 2015  3 24      0      0      0 0 0 0
54406 4027 11558   4879 2015  3 25      0      0      0 0 0 0
54406 4027 11558   4879 2015  3 26      0      0      0 0 0 0
54406 4027 11558   4879 2015  3 27      0      0      0 0 0 0
54406 4027 11558   4879 2015  3 28      0      0      0 0 0 0
54406 4027 11558   4879 2015  3 29      0      0      0 0 0 0
54406 4027 11558   4879 2015  3 30      0      0      0 0 0 0
54406 4027 11558   4879 2015  3 31      0  32700  32700 0 0 0
54406 4027 11558   4879 2015  4  1      0      7      7 0 0 0
54406 4027 11558   4879 2015  4  2    104      3    107 0 0 0
54406 4027 11558   4879 2015  4  3      0      0      0 0 0 0
54406 4027 11558   4879 2015  4  4      0      0      0 0 0 0
54406 4027 11558   4879 2015  4  5      0      0      0 0 0 0
54406 4027 11558   4879 2015  4  6      0      0      0 0 0 0
54406 4027 11558   4879 2015  4  7      0      0      0 0 0 0
54406 4027 11558   4879 2015  4  8      0      0      0 0 0 0
54406 4027 11558   4879 2015  4  9      0      0      0 0 0 0
54406 4027 11558   4879 2015  4 10      0  32700  32700 0 0 0
54406 4027 11558   4879 2015  4 11      0     61     61 0 0 0
54406 4027 11558   4879 2015  4 12     26      0     26 0 0 0
54406 4027 11558   4879 2015  4 13      0      0      0 0 0 0
54406 4027 11558   4879 2015  4 14      0      0      0 0 0 0
54406 4027 11558   4879 2015  4 15      0  32700  32700 0 0 0
54406 4027 11558   4879 2015  4 16      0      0      0 0 0 0
54406 4027 11558   4879 2015  4 17      0      0      0 0 0 0
54406 4027 11558   4879 2015  4 18      0  32700  32700 0 0 0
54406 4027 11558   4879 2015  4 19      0      0      0 0 0 0
54406 4027 11558   4879 2015  4 20      0      0      0 0 0 0
54406 4027 11558   4879 2015  4 21      0      0      0 0 0 0
54406 4027 11558   4879 2015  4 22      0      0      0 0 0 0
54406 4027 11558   4879 2015  4 23      0      0      0 0 0 0
54406 4027 11558   4879 2015  4 24      0      0      0 0 0 0
54406 4027 11558   4879 2015  4 25      0      0      0 0 0 0
54406 4027 11558   4879 2015  4 26      0      0      0 0 0 0
54406 4027 11558   4879 2015  4 27      0    105    105 0 0 0
54406 4027 11558   4879 2015  4 28      0  32700  32700 0 0 0
54406 4027 11558   4879 2015  4 29      0      0      0 0 0 0
54406 4027 11558   4879 2015  4 30      0      0      0 0 0 0
54406 4027 11558   4879 2015  5  1      0    102    102 0 0 0
54406 4027 11558   4879 2015  5  2      0  32700  32700 0 0 0
54406 4027 11558   4879 2015  5  3      0      0      0 0 0 0
54406 4027 11558   4879 2015  5  4      0      0      0 0 0 0
54406 4027 11558   4879 2015  5  5      0      0      0 0 0 0
54406 4027 11558   4879 2015  5  6      0      0      0 0 0 0
54406 4027 11558   4879 2015  5  7      0      0      0 0 0 0
54406 4027 11558   4879 2015  5  8      0  32700  32700 0 0 0
54406 4027 11558   4879 2015  5  9    100     12    112 0 0 0
54406 4027 11558   4879 2015  5 10      0    204    204 0 0 0
54406 4027 11558   4879 2015  5 11      0      0      0 0 0 0
54406 4027 11558   4879 2015  5 12      8      0      8 0 0 0
54406 4027 11558   4879 2015  5 13      0      0      0 0 0 0
54406 4027 11558   4879 2015  5 14      0      0      0 0 0 0
54406 4027 11558   4879 2015  5 15  32700      0  32700 0 0 0
54406 4027 11558   4879 2015  5 16      0      0      0 0 0 0
54406 4027 11558   4879 2015  5 17      0     13     13 0 0 0
54406 4027 11558   4879 2015  5 18     21      0     21 0 0 0
54406 4027 11558   4879 2015  5 19      0      0      0 0 0 0
54406 4027 11558   4879 2015  5 20      0      0      0 0 0 0
54406 4027 11558   4879 2015  5 21      0      0      0 0 0 0
54406 4027 11558   4879 2015  5 22      0      0      0 0 0 0
54406 4027 11558   4879 2015  5 23      0      0      0 0 0 0
54406 4027 11558   4879 2015  5 24      0      0      0 0 0 0
54406 4027 11558   4879 2015  5 25  32700      0  32700 0 0 0
54406 4027 11558   4879 2015  5 26      0      0      0 0 0 0
54406 4027 11558   4879 2015  5 27      0      0      0 0 0 0
54406 4027 11558   4879 2015  5 28      0  32700  32700 0 0 0
54406 4027 11558   4879 2015  5 29      3      0      3 0 0 0
54406 4027 11558   4879 2015  5 30      0      0      0 0 0 0
54406 4027 11558   4879 2015  5 31      0  32700  32700 0 0 0
54406 4027 11558   4879 2015  6  1      0      0      0 0 0 0
54406 4027 11558   4879 2015  6  2      0      0      0 0 0 0
54406 4027 11558   4879 2015  6  3      0      0      0 0 0 0
54406 4027 11558   4879 2015  6  4     10    122    132 0 0 0
54406 4027 11558   4879 2015  6  5      0      6      6 0 0 0
54406 4027 11558   4879 2015  6  6      0     81     81 0 0 0
54406 4027 11558   4879 2015  6  7      0  32700  32700 0 0 0
54406 4027 11558   4879 2015  6  8      0      1      1 0 0 0
54406 4027 11558   4879 2015  6  9  32700     17     17 0 0 0
54406 4027 11558   4879 2015  6 10     45     34     79 0 0 0
54406 4027 11558   4879 2015  6 11     59      0     59 0 0 0
54406 4027 11558   4879 2015  6 12      0      0      0 0 0 0
54406 4027 11558   4879 2015  6 13      4  32700      4 0 0 0
54406 4027 11558   4879 2015  6 14      0      0      0 0 0 0
54406 4027 11558   4879 2015  6 15      0      0      0 0 0 0
54406 4027 11558   4879 2015  6 16  32700    193    193 0 0 0
54406 4027 11558   4879 2015  6 17      1      0      1 0 0 0
54406 4027 11558   4879 2015  6 18      0      0      0 0 0 0
54406 4027 11558   4879 2015  6 19     58  32700     58 0 0 0
54406 4027 11558   4879 2015  6 20      0      0      0 0 0 0
54406 4027 11558   4879 2015  6 21      0      0      0 0 0 0
54406 4027 11558   4879 2015  6 22      0      0      0 0 0 0
54406 4027 11558   4879 2015  6 23      0      0      0 0 0 0
54406 4027 11558   4879 2015  6 24      2     62     64 0 0 0
54406 4027 11558   4879 2015  6 25      1     15     16 0 0 0
54406 4027 11558   4879 2015  6 26      2     96     98 0 0 0
54406 4027 11558   4879 2015  6 27     16      0     16 0 0 0
54406 4027 11558   4879 2015  6 28      0      0      0 0 0 0
54406 4027 11558   4879 2015  6 29      0      9      9 0 0 0
54406 4027 11558   4879 2015  6 30     41      5     46 0 0 0
54406 4027 11558   4879 2015  7  1      0     10     10 0 0 0
54406 4027 11558   4879 2015  7  2      0      0      0 0 0 0
54406 4027 11558   4879 2015  7  3      0      0      0 0 0 0
54406 4027 11558   4879 2015  7  4     12     10     22 0 0 0
54406 4027 11558   4879 2015  7  5      0      0      0 0 0 0
54406 4027 11558   4879 2015  7  6      0      0      0 0 0 0
54406 4027 11558   4879 2015  7  7      0      0      0 0 0 0
54406 4027 11558   4879 2015  7  8      0      0      0 0 0 0
54406 4027 11558   4879 2015  7  9      0      0      0 0 0 0
54406 4027 11558   4879 2015  7 10      0      0      0 0 0 0
54406 4027 11558   4879 2015  7 11      2      0      2 0 0 0
54406 4027 11558   4879 2015  7 12      0      0      0 0 0 0
54406 4027 11558   4879 2015  7 13      0  32700  32700 0 0 0
54406 4027 11558   4879 2015  7 14     22      0     22 0 0 0
54406 4027 11558   4879 2015  7 15      0      1      1 0 0 0
54406 4027 11558   4879 2015  7 16     98    109    207 0 0 0
54406 4027 11558   4879 2015  7 17    130      6    136 0 0 0
54406 4027 11558   4879 2015  7 18     49     33     82 0 0 0
54406 4027 11558   4879 2015  7 19  32700      0  32700 0 0 0
54406 4027 11558   4879 2015  7 20      0      0      0 0 0 0
54406 4027 11558   4879 2015  7 21      0      0      0 0 0 0
54406 4027 11558   4879 2015  7 22    129     55    184 0 0 0
54406 4027 11558   4879 2015  7 23      0      0      0 0 0 0
54406 4027 11558   4879 2015  7 24      0      0      0 0 0 0
54406 4027 11558   4879 2015  7 25      0  32700  32700 0 0 0
54406 4027 11558   4879 2015  7 26      0      0      0 0 0 0
54406 4027 11558   4879 2015  7 27      0    188    188 0 0 0
54406 4027 11558   4879 2015  7 28     86      0     86 0 0 0
54406 4027 11558   4879 2015  7 29     79      0     79 0 0 0
54406 4027 11558   4879 2015  7 30      0      4      4 0 0 0
54406 4027 11558   4879 2015  7 31      0      0      0 0 0 0
54406 4027 11558   4879 2015  8  1      0      0      0 0 0 0
54406 4027 11558   4879 2015  8  2     79      0     79 0 0 0
54406 4027 11558   4879 2015  8  3      0      5      5 0 0 0
54406 4027 11558   4879 2015  8  4      0      0      0 0 0 0
54406 4027 11558   4879 2015  8  5      5  32700      5 0 0 0
54406 4027 11558   4879 2015  8  6    117      0    117 0 0 0
54406 4027 11558   4879 2015  8  7      0    199    199 0 0 0
54406 4027 11558   4879 2015  8  8      2      1      3 0 0 0
54406 4027 11558   4879 2015  8  9      0      0      0 0 0 0
54406 4027 11558   4879 2015  8 10      0      0      0 0 0 0
54406 4027 11558   4879 2015  8 11      0      0      0 0 0 0
54406 4027 11558   4879 2015  8 12      0      0      0 0 0 0
54406 4027 11558   4879 2015  8 13      0      0      0 0 0 0
54406 4027 11558   4879 2015  8 14      0      0      0 0 0 0
54406 4027 11558   4879 2015  8 15      0      0      0 0 0 0
54406 4027 11558   4879 2015  8 16      0      0      0 0 0 0
54406 4027 11558   4879 2015  8 17      0      0      0 0 0 0
54406 4027 11558   4879 2015  8 18  32700      0  32700 0 0 0
54406 4027 11558   4879 2015  8 19     10      2     12 0 0 0
54406 4027 11558   4879 2015  8 20      0      0      0 0 0 0
54406 4027 11558   4879 2015  8 21      0      0      0 0 0 0
54406 4027 11558   4879 2015  8 22  32700  32700  32700 0 0 0
54406 4027 11558   4879 2015  8 23      0    228    228 0 0 0
54406 4027 11558   4879 2015  8 24      0      0      0 0 0 0
54406 4027 11558   4879 2015  8 25      0  32700  32700 0 0 0
54406 4027 11558   4879 2015  8 26      0  32700  32700 0 0 0
54406 4027 11558   4879 2015  8 27      1  32700      1 0 0 0
54406 4027 11558   4879 2015  8 28      0     50     50 0 0 0
54406 4027 11558   4879 2015  8 29      0     38     38 0 0 0
54406 4027 11558   4879 2015  8 30      0      0      0 0 0 0
54406 4027 11558   4879 2015  8 31      9     69     78 0 0 0
54406 4027 11558   4879 2015  9  1     40     14     54 0 0 0
54406 4027 11558   4879 2015  9  2      0      0      0 0 0 0
54406 4027 11558   4879 2015  9  3      0      0      0 0 0 0
54406 4027 11558   4879 2015  9  4      0    373    373 0 0 0
54406 4027 11558   4879 2015  9  5    253    105    358 0 0 0
54406 4027 11558   4879 2015  9  6      3      0      3 0 0 0
54406 4027 11558   4879 2015  9  7      0      0      0 0 0 0
54406 4027 11558   4879 2015  9  8      0      0      0 0 0 0
54406 4027 11558   4879 2015  9  9  32700      0  32700 0 0 0
54406 4027 11558   4879 2015  9 10      2    143    145 0 0 0
54406 4027 11558   4879 2015  9 11      6     27     33 0 0 0
54406 4027 11558   4879 2015  9 12      0      0      0 0 0 0
54406 4027 11558   4879 2015  9 13      0      0      0 0 0 0
54406 4027 11558   4879 2015  9 14      0      0      0 0 0 0
54406 4027 11558   4879 2015  9 15      0      0      0 0 0 0
54406 4027 11558   4879 2015  9 16      0      0      0 0 0 0
54406 4027 11558   4879 2015  9 17      0      0      0 0 0 0
54406 4027 11558   4879 2015  9 18    226      0    226 0 0 0
54406 4027 11558   4879 2015  9 19      0      0      0 0 0 0
54406 4027 11558   4879 2015  9 20      0      0      0 0 0 0
54406 4027 11558   4879 2015  9 21      0      0      0 0 0 0
54406 4027 11558   4879 2015  9 22      0     57     57 0 0 0
54406 4027 11558   4879 2015  9 23      0      0      0 0 0 0
54406 4027 11558   4879 2015  9 24      0     64     64 0 0 0
54406 4027 11558   4879 2015  9 25      1      0      1 0 0 0
54406 4027 11558   4879 2015  9 26      0      0      0 0 0 0
54406 4027 11558   4879 2015  9 27      0  32700  32700 0 0 0
54406 4027 11558   4879 2015  9 28     12     38     50 0 0 0
54406 4027 11558   4879 2015  9 29      7     80     87 0 0 0
54406 4027 11558   4879 2015  9 30     13    106    119 0 0 0
54406 4027 11558   4879 2015 10  1      9      0      9 0 0 0
54406 4027 11558   4879 2015 10  2      0      0      0 0 0 0
54406 4027 11558   4879 2015 10  3      0      0      0 0 0 0
54406 4027 11558   4879 2015 10  4      0      0      0 0 0 0
54406 4027 11558   4879 2015 10  5      0      0      0 0 0 0
54406 4027 11558   4879 2015 10  6      0      0      0 0 0 0
54406 4027 11558   4879 2015 10  7      0      0      0 0 0 0
54406 4027 11558   4879 2015 10  8      0      0      0 0 0 0
54406 4027 11558   4879 2015 10  9      0      0      0 0 0 0
54406 4027 11558   4879 2015 10 10      0      0      0 0 0 0
54406 4027 11558   4879 2015 10 11      0      0      0 0 0 0
54406 4027 11558   4879 2015 10 12      0      0      0 0 0 0
54406 4027 11558   4879 2015 10 13      0      0      0 0 0 0
54406 4027 11558   4879 2015 10 14      0      0      0 0 0 0
54406 4027 11558   4879 2015 10 15      0      0      0 0 0 0
54406 4027 11558   4879 2015 10 16      0      0      0 0 0 0
54406 4027 11558   4879 2015 10 17      0      0      0 0 0 0
54406 4027 11558   4879 2015 10 18      0      0      0 0 0 0
54406 4027 11558   4879 2015 10 19      0      0      0 0 0 0
54406 4027 11558   4879 2015 10 20      0  32700  32700 0 0 0
54406 4027 11558   4879 2015 10 21      4      5      9 0 0 0
54406 4027 11558   4879 2015 10 22     51      1     52 0 0 0
54406 4027 11558   4879 2015 10 23      0      0      0 0 0 0
54406 4027 11558   4879 2015 10 24      0      0      0 0 0 0
54406 4027 11558   4879 2015 10 25      0      1      1 0 0 0
54406 4027 11558   4879 2015 10 26     31      0     31 0 0 0
54406 4027 11558   4879 2015 10 27      0      0      0 0 0 0
54406 4027 11558   4879 2015 10 28      0      0      0 0 0 0
54406 4027 11558   4879 2015 10 29      0      0      0 0 0 0
54406 4027 11558   4879 2015 10 30      0      0      0 0 0 0
54406 4027 11558   4879 2015 10 31      0      0      0 0 0 0
54406 4027 11558   4879 2015 11  1      0      0      0 0 0 0
54406 4027 11558   4879 2015 11  2      0      0      0 0 0 0
54406 4027 11558   4879 2015 11  3      0      0      0 0 0 0
54406 4027 11558   4879 2015 11  4      0      0      0 0 0 0
54406 4027 11558   4879 2015 11  5  32700     38     38 0 0 0
54406 4027 11558   4879 2015 11  6     98     48    146 0 0 0
54406 4027 11558   4879 2015 11  7     43  32700     43 0 0 0
54406 4027 11558   4879 2015 11  8      2      0      2 0 0 0
54406 4027 11558   4879 2015 11  9      0      0      0 0 0 0
54406 4027 11558   4879 2015 11 10      0  32700  32700 0 0 0
54406 4027 11558   4879 2015 11 11  32700      0  32700 0 0 0
54406 4027 11558   4879 2015 11 12      0      0      0 0 0 0
54406 4027 11558   4879 2015 11 13      1  32700      1 0 0 0
54406 4027 11558   4879 2015 11 14      0      0      0 0 0 0
54406 4027 11558   4879 2015 11 15      0      0      0 0 0 0
54406 4027 11558   4879 2015 11 16      6      0      6 0 0 0
54406 4027 11558   4879 2015 11 17      0      0      0 0 0 0
54406 4027 11558   4879 2015 11 18  32700      0  32700 0 0 0
54406 4027 11558   4879 2015 11 19      1     47     48 0 0 0
54406 4027 11558   4879 2015 11 20     20      6     26 0 0 0
54406 4027 11558   4879 2015 11 21     14     25     39 0 0 0
54406 4027 11558   4879 2015 11 22      3     90     93 0 0 0
54406 4027 11558   4879 2015 11 23      4  32700      4 0 0 0
54406 4027 11558   4879 2015 11 24      0      1      1 0 0 0
54406 4027 11558   4879 2015 11 25      0  32700  32700 0 0 0
54406 4027 11558   4879 2015 11 26      0      0      0 0 0 0
54406 4027 11558   4879 2015 11 27      0      0      0 0 0 0
54406 4027 11558   4879 2015 11 28      2      4      6 0 0 0
54406 4027 11558   4879 2015 11 29      0      0      0 0 0 0
54406 4027 11558   4879 2015 11 30      0      0      0 0 0 0
54406 4027 11558   4879 2015 12  1      0      2      2 0 0 0
54406 4027 11558   4879 2015 12  2  32700      0  32700 0 0 0
54406 4027 11558   4879 2015 12  3      0      0      0 0 0 0
54406 4027 11558   4879 2015 12  4      0      0      0 0 0 0
54406 4027 11558   4879 2015 12  5      0      0      0 0 0 0
54406 4027 11558   4879 2015 12  6      0      0      0 0 0 0
54406 4027 11558   4879 2015 12  7      0      0      0 0 0 0
54406 4027 11558   4879 2015 12  8      0      0      0 0 0 0
54406 4027 11558   4879 2015 12  9      0      0      0 0 0 0
54406 4027 11558   4879 2015 12 10      0      0      0 0 0 0
54406 4027 11558   4879 2015 12 11      0      0      0 0 0 0
54406 4027 11558   4879 2015 12 12      0      0      0 0 0 0
54406 4027 11558   4879 2015 12 13      0      0      0 0 0 0
54406 4027 11558   4879 2015 12 14     30  32700     30 0 0 0
54406 4027 11558   4879 2015 12 15      0      0      0 0 0 0
54406 4027 11558   4879 2015 12 16      0      0      0 0 0 0
54406 4027 11558   4879 2015 12 17      0      0      0 0 0 0
54406 4027 11558   4879 2015 12 18      0      0      0 0 0 0
54406 4027 11558   4879 2015 12 19      0      0      0 0 0 0
54406 4027 11558   4879 2015 12 20      0      0      0 0 0 0
54406 4027 11558   4879 2015 12 21      0      0      0 0 0 0
54406 4027 11558   4879 2015 12 22      0      0      0 0 0 0
54406 4027 11558   4879 2015 12 23      0      0      0 0 0 0
54406 4027 11558   4879 2015 12 24      0      0      0 0 0 0
54406 4027 11558   4879 2015 12 25      0      0      0 0 0 0
54406 4027 11558   4879 2015 12 26      0      0      0 0 0 0
54406 4027 11558   4879 2015 12 27      0      0      0 0 0 0
54406 4027 11558   4879 2015 12 28      0      0      0 0 0 0
54406 4027 11558   4879 2015 12 29      0      0      0 0 0 0
54406 4027 11558   4879 2015 12 30      0      0      0 0 0 0
54406 4027 11558   4879 2015 12 31      0      0      0 0 0 0
54406 4027 11558   4879 2016  1  1      0      0      0 0 0 0
54406 4027 11558   4879 2016  1  2      0      0      0 0 0 0
54406 4027 11558   4879 2016  1  3      0      0      0 0 0 0
54406 4027 11558   4879 2016  1  4      0      0      0 0 0 0
54406 4027 11558   4879 2016  1  5      0      0      0 0 0 0
54406 4027 11558   4879 2016  1  6      0      0      0 0 0 0
54406 4027 11558   4879 2016  1  7      0      0      0 0 0 0
54406 4027 11558   4879 2016  1  8      0      0      0 0 0 0
54406 4027 11558   4879 2016  1  9      0      0      0 0 0 0
54406 4027 11558   4879 2016  1 10      0      0      0 0 0 0
54406 4027 11558   4879 2016  1 11      0      0      0 0 0 0
54406 4027 11558   4879 2016  1 12      0      0      0 0 0 0
54406 4027 11558   4879 2016  1 13      0      0      0 0 0 0
54406 4027 11558   4879 2016  1 14      0      0      0 0 0 0
54406 4027 11558   4879 2016  1 15      0      0      0 0 0 0
54406 4027 11558   4879 2016  1 16      0      1      1 0 0 0
54406 4027 11558   4879 2016  1 17     11      0     11 0 0 0
54406 4027 11558   4879 2016  1 18      0      0      0 0 0 0
54406 4027 11558   4879 2016  1 19      0      0      0 0 0 0
54406 4027 11558   4879 2016  1 20      0      0      0 0 0 0
54406 4027 11558   4879 2016  1 21  32700  32700  32700 0 0 0
54406 4027 11558   4879 2016  1 22      0      0      0 0 0 0
54406 4027 11558   4879 2016  1 23      0      0      0 0 0 0
54406 4027 11558   4879 2016  1 24      0      0      0 0 0 0
54406 4027 11558   4879 2016  1 25      0      0      0 0 0 0
54406 4027 11558   4879 2016  1 26      0      0      0 0 0 0
54406 4027 11558   4879 2016  1 27      0      0      0 0 0 0
54406 4027 11558   4879 2016  1 28      0      0      0 0 0 0
54406 4027 11558   4879 2016  1 29      0      0      0 0 0 0
54406 4027 11558   4879 2016  1 30      0      0      0 0 0 0
54406 4027 11558   4879 2016  1 31      0      0      0 0 0 0
54406 4027 11558   4879 2016  2  1      0      0      0 0 0 0
54406 4027 11558   4879 2016  2  2      0      0      0 0 0 0
54406 4027 11558   4879 2016  2  3      0      0      0 0 0 0
54406 4027 11558   4879 2016  2  4      0      0      0 0 0 0
54406 4027 11558   4879 2016  2  5      0      0      0 0 0 0
54406 4027 11558   4879 2016  2  6      0      0      0 0 0 0
54406 4027 11558   4879 2016  2  7      0      0      0 0 0 0
54406 4027 11558   4879 2016  2  8      0      0      0 0 0 0
54406 4027 11558   4879 2016  2  9      0      0      0 0 0 0
54406 4027 11558   4879 2016  2 10      0      0      0 0 0 0
54406 4027 11558   4879 2016  2 11  32700      6      6 0 0 0
54406 4027 11558   4879 2016  2 12      0     38     38 0 0 0
54406 4027 11558   4879 2016  2 13     89      0     89 0 0 0
54406 4027 11558   4879 2016  2 14      0      0      0 0 0 0
54406 4027 11558   4879 2016  2 15      0      0      0 0 0 0
54406 4027 11558   4879 2016  2 16      0      0      0 0 0 0
54406 4027 11558   4879 2016  2 17      0      0      0 0 0 0
54406 4027 11558   4879 2016  2 18      0      0      0 0 0 0
54406 4027 11558   4879 2016  2 19      0      0      0 0 0 0
54406 4027 11558   4879 2016  2 20      0      0      0 0 0 0
54406 4027 11558   4879 2016  2 21      0      0      0 0 0 0
54406 4027 11558   4879 2016  2 22      0      0      0 0 0 0
54406 4027 11558   4879 2016  2 23      0      0      0 0 0 0
54406 4027 11558   4879 2016  2 24      0      0      0 0 0 0
54406 4027 11558   4879 2016  2 25      0      0      0 0 0 0
54406 4027 11558   4879 2016  2 26      0      0      0 0 0 0
54406 4027 11558   4879 2016  2 27      0      0      0 0 0 0
54406 4027 11558   4879 2016  2 28      0      0      0 0 0 0
54406 4027 11558   4879 2016  2 29      0      0      0 0 0 0
54406 4027 11558   4879 2016  3  1      0      0      0 0 0 0
54406 4027 11558   4879 2016  3  2      0      0      0 0 0 0
54406 4027 11558   4879 2016  3  3      0      0      0 0 0 0
54406 4027 11558   4879 2016  3  4      0  32700  32700 0 0 0
54406 4027 11558   4879 2016  3  5      0      0      0 0 0 0
54406 4027 11558   4879 2016  3  6      0      0      0 0 0 0
54406 4027 11558   4879 2016  3  7      0      0      0 0 0 0
54406 4027 11558   4879 2016  3  8      0      0      0 0 0 0
54406 4027 11558   4879 2016  3  9      0      0      0 0 0 0
54406 4027 11558   4879 2016  3 10      0      0      0 0 0 0
54406 4027 11558   4879 2016  3 11      0      0      0 0 0 0
54406 4027 11558   4879 2016  3 12      0      0      0 0 0 0
54406 4027 11558   4879 2016  3 13      0      0      0 0 0 0
54406 4027 11558   4879 2016  3 14      0      0      0 0 0 0
54406 4027 11558   4879 2016  3 15      0      0      0 0 0 0
54406 4027 11558   4879 2016  3 16      0      0      0 0 0 0
54406 4027 11558   4879 2016  3 17      0      0      0 0 0 0
54406 4027 11558   4879 2016  3 18      0      0      0 0 0 0
54406 4027 11558   4879 2016  3 19      0      0      0 0 0 0
54406 4027 11558   4879 2016  3 20      0      0      0 0 0 0
54406 4027 11558   4879 2016  3 21      0      0      0 0 0 0
54406 4027 11558   4879 2016  3 22      0      0      0 0 0 0
54406 4027 11558   4879 2016  3 23      0      0      0 0 0 0
54406 4027 11558   4879 2016  3 24      0      0      0 0 0 0
54406 4027 11558   4879 2016  3 25      0      0      0 0 0 0
54406 4027 11558   4879 2016  3 26      0      0      0 0 0 0
54406 4027 11558   4879 2016  3 27      0      0      0 0 0 0
54406 4027 11558   4879 2016  3 28      0      0      0 0 0 0
54406 4027 11558   4879 2016  3 29      0      0      0 0 0 0
54406 4027 11558   4879 2016  3 30      0      0      0 0 0 0
54406 4027 11558   4879 2016  3 31      0      0      0 0 0 0
54406 4027 11558   4879 2016  4  1      5      0      5 0 0 0
54406 4027 11558   4879 2016  4  2      0      0      0 0 0 0
54406 4027 11558   4879 2016  4  3      0      0      0 0 0 0
54406 4027 11558   4879 2016  4  4      0      0      0 0 0 0
54406 4027 11558   4879 2016  4  5      0  32700  32700 0 0 0
54406 4027 11558   4879 2016  4  6      0      0      0 0 0 0
54406 4027 11558   4879 2016  4  7      0      0      0 0 0 0
54406 4027 11558   4879 2016  4  8      0      0      0 0 0 0
54406 4027 11558   4879 2016  4  9      0      0      0 0 0 0
54406 4027 11558   4879 2016  4 10      0      0      0 0 0 0
54406 4027 11558   4879 2016  4 11      0      0      0 0 0 0
54406 4027 11558   4879 2016  4 12     55     18     73 0 0 0
54406 4027 11558   4879 2016  4 13      0      0      0 0 0 0
54406 4027 11558   4879 2016  4 14      0      0      0 0 0 0
54406 4027 11558   4879 2016  4 15      0  32700  32700 0 0 0
54406 4027 11558   4879 2016  4 16  32700      0  32700 0 0 0
54406 4027 11558   4879 2016  4 17      0      0      0 0 0 0
54406 4027 11558   4879 2016  4 18      0      0      0 0 0 0
54406 4027 11558   4879 2016  4 19      0  32700  32700 0 0 0
54406 4027 11558   4879 2016  4 20      0      0      0 0 0 0
54406 4027 11558   4879 2016  4 21      0      0      0 0 0 0
54406 4027 11558   4879 2016  4 22      0      0      0 0 0 0
54406 4027 11558   4879 2016  4 23      0      0      0 0 0 0
54406 4027 11558   4879 2016  4 24      0      0      0 0 0 0
54406 4027 11558   4879 2016  4 25      0      0      0 0 0 0
54406 4027 11558   4879 2016  4 26      0      0      0 0 0 0
54406 4027 11558   4879 2016  4 27      0      0      0 0 0 0
54406 4027 11558   4879 2016  4 28      0  32700  32700 0 0 0
54406 4027 11558   4879 2016  4 29      0  32700  32700 0 0 0
54406 4027 11558   4879 2016  4 30      0      0      0 0 0 0
54406 4027 11558   4879 2016  5  1      0      1      1 0 0 0
54406 4027 11558   4879 2016  5  2     29     84    113 0 0 0
54406 4027 11558   4879 2016  5  3      0      0      0 0 0 0
54406 4027 11558   4879 2016  5  4      0      0      0 0 0 0
54406 4027 11558   4879 2016  5  5      0      0      0 0 0 0
54406 4027 11558   4879 2016  5  6      0      0      0 0 0 0
54406 4027 11558   4879 2016  5  7      0      0      0 0 0 0
54406 4027 11558   4879 2016  5  8      0      0      0 0 0 0
54406 4027 11558   4879 2016  5  9      0     63     63 0 0 0
54406 4027 11558   4879 2016  5 10      0      0      0 0 0 0
54406 4027 11558   4879 2016  5 11      0  32700  32700 0 0 0
54406 4027 11558   4879 2016  5 12     52      0     52 0 0 0
54406 4027 11558   4879 2016  5 13      0      0      0 0 0 0
54406 4027 11558   4879 2016  5 14     49     26     75 0 0 0
54406 4027 11558   4879 2016  5 15      0      0      0 0 0 0
54406 4027 11558   4879 2016  5 16      0      0      0 0 0 0
54406 4027 11558   4879 2016  5 17      0      0      0 0 0 0
54406 4027 11558   4879 2016  5 18      0      0      0 0 0 0
54406 4027 11558   4879 2016  5 19      0      0      0 0 0 0
54406 4027 11558   4879 2016  5 20      0      0      0 0 0 0
54406 4027 11558   4879 2016  5 21      0      0      0 0 0 0
54406 4027 11558   4879 2016  5 22      0      0      0 0 0 0
54406 4027 11558   4879 2016  5 23      0     31     31 0 0 0
54406 4027 11558   4879 2016  5 24      0      0      0 0 0 0
54406 4027 11558   4879 2016  5 25      4      0      4 0 0 0
54406 4027 11558   4879 2016  5 26      0      0      0 0 0 0
54406 4027 11558   4879 2016  5 27      0      0      0 0 0 0
54406 4027 11558   4879 2016  5 28      0      0      0 0 0 0
54406 4027 11558   4879 2016  5 29      0      0      0 0 0 0
54406 4027 11558   4879 2016  5 30      0      0      0 0 0 0
54406 4027 11558   4879 2016  5 31      0      0      0 0 0 0
54406 4027 11558   4879 2016  6  1      0      0      0 0 0 0
54406 4027 11558   4879 2016  6  2      0      0      0 0 0 0
54406 4027 11558   4879 2016  6  3      0      0      0 0 0 0
54406 4027 11558   4879 2016  6  4      0      0      0 0 0 0
54406 4027 11558   4879 2016  6  5      0      0      0 0 0 0
54406 4027 11558   4879 2016  6  6      0      0      0 0 0 0
54406 4027 11558   4879 2016  6  7      0      0      0 0 0 0
54406 4027 11558   4879 2016  6  8      0  32700  32700 0 0 0
54406 4027 11558   4879 2016  6  9      0     55     55 0 0 0
54406 4027 11558   4879 2016  6 10     40      0     40 0 0 0
54406 4027 11558   4879 2016  6 11      0      0      0 0 0 0
54406 4027 11558   4879 2016  6 12      0      0      0 0 0 0
54406 4027 11558   4879 2016  6 13      9     20     29 0 0 0
54406 4027 11558   4879 2016  6 14     94     20    114 0 0 0
54406 4027 11558   4879 2016  6 15      0      0      0 0 0 0
54406 4027 11558   4879 2016  6 16      0      0      0 0 0 0
54406 4027 11558   4879 2016  6 17      0      0      0 0 0 0
54406 4027 11558   4879 2016  6 18      0      0      0 0 0 0
54406 4027 11558   4879 2016  6 19      0      0      0 0 0 0
54406 4027 11558   4879 2016  6 20      0      0      0 0 0 0
54406 4027 11558   4879 2016  6 21      0     67     67 0 0 0
54406 4027 11558   4879 2016  6 22      0      0      0 0 0 0
54406 4027 11558   4879 2016  6 23      0      0      0 0 0 0
54406 4027 11558   4879 2016  6 24      0  32700  32700 0 0 0
54406 4027 11558   4879 2016  6 25      0      0      0 0 0 0
54406 4027 11558   4879 2016  6 26      0      0      0 0 0 0
54406 4027 11558   4879 2016  6 27     11    109    120 0 0 0
54406 4027 11558   4879 2016  6 28    612     22    634 0 0 0
54406 4027 11558   4879 2016  6 29      2      0      2 0 0 0
54406 4027 11558   4879 2016  6 30     26      0     26 0 0 0
54406 4027 11558   4879 2016  7  1      0      0      0 0 0 0
54406 4027 11558   4879 2016  7  2      0      0      0 0 0 0
54406 4027 11558   4879 2016  7  3      0      0      0 0 0 0
54406 4027 11558   4879 2016  7  4      0      0      0 0 0 0
54406 4027 11558   4879 2016  7  5      0      0      0 0 0 0
54406 4027 11558   4879 2016  7  6      0      0      0 0 0 0
54406 4027 11558   4879 2016  7  7      0      0      0 0 0 0
54406 4027 11558   4879 2016  7  8      0      0      0 0 0 0
54406 4027 11558   4879 2016  7  9      0      0      0 0 0 0
54406 4027 11558   4879 2016  7 10      0      0      0 0 0 0
54406 4027 11558   4879 2016  7 11      0      0      0 0 0 0
54406 4027 11558   4879 2016  7 12     18    183    201 0 0 0
54406 4027 11558   4879 2016  7 13      0      0      0 0 0 0
54406 4027 11558   4879 2016  7 14      0      2      2 0 0 0
54406 4027 11558   4879 2016  7 15     82      1     83 0 0 0
54406 4027 11558   4879 2016  7 16      0      9      9 0 0 0
54406 4027 11558   4879 2016  7 17      0      0      0 0 0 0
54406 4027 11558   4879 2016  7 18      0      0      0 0 0 0
54406 4027 11558   4879 2016  7 19  32700    343    343 0 0 0
54406 4027 11558   4879 2016  7 20    163   1015   1178 0 0 0
54406 4027 11558   4879 2016  7 21    226      7    233 0 0 0
54406 4027 11558   4879 2016  7 22      0      0      0 0 0 0
54406 4027 11558   4879 2016  7 23      0     77     77 0 0 0
54406 4027 11558   4879 2016  7 24      1      0      1 0 0 0
54406 4027 11558   4879 2016  7 25     43     57    100 0 0 0
54406 4027 11558   4879 2016  7 26      0      0      0 0 0 0
54406 4027 11558   4879 2016  7 27      0     31     31 0 0 0
54406 4027 11558   4879 2016  7 28      8      0      8 0 0 0
54406 4027 11558   4879 2016  7 29      0      0      0 0 0 0
54406 4027 11558   4879 2016  7 30      0  32700  32700 0 0 0
54406 4027 11558   4879 2016  7 31     61     19     80 0 0 0
54406 4027 11558   4879 2016  8  1      0      0      0 0 0 0
54406 4027 11558   4879 2016  8  2      0      0      0 0 0 0
54406 4027 11558   4879 2016  8  3      0      0      0 0 0 0
54406 4027 11558   4879 2016  8  4      0      0      0 0 0 0
54406 4027 11558   4879 2016  8  5      0      0      0 0 0 0
54406 4027 11558   4879 2016  8  6      0      0      0 0 0 0
54406 4027 11558   4879 2016  8  7    208      0    208 0 0 0
54406 4027 11558   4879 2016  8  8      0      0      0 0 0 0
54406 4027 11558   4879 2016  8  9      0      0      0 0 0 0
54406 4027 11558   4879 2016  8 10      0      0      0 0 0 0
54406 4027 11558   4879 2016  8 11      0      0      0 0 0 0
54406 4027 11558   4879 2016  8 12  32700    456    456 0 0 0
54406 4027 11558   4879 2016  8 13      0  32700  32700 0 0 0
54406 4027 11558   4879 2016  8 14      0      0      0 0 0 0
54406 4027 11558   4879 2016  8 15     18      6     24 0 0 0
54406 4027 11558   4879 2016  8 16      0      0      0 0 0 0
54406 4027 11558   4879 2016  8 17      0      1      1 0 0 0
54406 4027 11558   4879 2016  8 18    181     86    267 0 0 0
54406 4027 11558   4879 2016  8 19      1      0      1 0 0 0
54406 4027 11558   4879 2016  8 20      0      0      0 0 0 0
54406 4027 11558   4879 2016  8 21      0      0      0 0 0 0
54406 4027 11558   4879 2016  8 22      0      0      0 0 0 0
54406 4027 11558   4879 2016  8 23      0      0      0 0 0 0
54406 4027 11558   4879 2016  8 24      0      0      0 0 0 0
54406 4027 11558   4879 2016  8 25  32700      0  32700 0 0 0
54406 4027 11558   4879 2016  8 26      0      0      0 0 0 0
54406 4027 11558   4879 2016  8 27      0  32700  32700 0 0 0
54406 4027 11558   4879 2016  8 28      0      0      0 0 0 0
54406 4027 11558   4879 2016  8 29      0      0      0 0 0 0
54406 4027 11558   4879 2016  8 30      0  32700  32700 0 0 0
54406 4027 11558   4879 2016  8 31      0      0      0 0 0 0
54406 4027 11558   4879 2016  9  1      0      0      0 0 0 0
54406 4027 11558   4879 2016  9  2      0      0      0 0 0 0
54406 4027 11558   4879 2016  9  3      0      0      0 0 0 0
54406 4027 11558   4879 2016  9  4      0     17     17 0 0 0
54406 4027 11558   4879 2016  9  5  32700      0  32700 0 0 0
54406 4027 11558   4879 2016  9  6      0      0      0 0 0 0
54406 4027 11558   4879 2016  9  7      0    114    114 0 0 0
54406 4027 11558   4879 2016  9  8      0      0      0 0 0 0
54406 4027 11558   4879 2016  9  9      0      0      0 0 0 0
54406 4027 11558   4879 2016  9 10      0      0      0 0 0 0
54406 4027 11558   4879 2016  9 11     24     68     92 0 0 0
54406 4027 11558   4879 2016  9 12      0      1      1 0 0 0
54406 4027 11558   4879 2016  9 13      0      0      0 0 0 0
54406 4027 11558   4879 2016  9 14      0      4      4 0 0 0
54406 4027 11558   4879 2016  9 15      0      0      0 0 0 0
54406 4027 11558   4879 2016  9 16      0  32700  32700 0 0 0
54406 4027 11558   4879 2016  9 17      0     62     62 0 0 0
54406 4027 11558   4879 2016  9 18     17      2     19 0 0 0
54406 4027 11558   4879 2016  9 19      0      0      0 0 0 0
54406 4027 11558   4879 2016  9 20      0      0      0 0 0 0
54406 4027 11558   4879 2016  9 21     15  32700     15 0 0 0
54406 4027 11558   4879 2016  9 22      0  32700  32700 0 0 0
54406 4027 11558   4879 2016  9 23     33      0     33 0 0 0
54406 4027 11558   4879 2016  9 24    135      0    135 0 0 0
54406 4027 11558   4879 2016  9 25      0      0      0 0 0 0
54406 4027 11558   4879 2016  9 26     24      0     24 0 0 0
54406 4027 11558   4879 2016  9 27      0      0      0 0 0 0
54406 4027 11558   4879 2016  9 28      0      0      0 0 0 0
54406 4027 11558   4879 2016  9 29      0      0      0 0 0 0
54406 4027 11558   4879 2016  9 30      0      0      0 0 0 0
54406 4027 11558   4879 2016 10  1      0      0      0 0 0 0
54406 4027 11558   4879 2016 10  2     36     13     49 0 0 0
54406 4027 11558   4879 2016 10  3      0      0      0 0 0 0
54406 4027 11558   4879 2016 10  4      0     68     68 0 0 0
54406 4027 11558   4879 2016 10  5      2      0      2 0 0 0
54406 4027 11558   4879 2016 10  6      0     57     57 0 0 0
54406 4027 11558   4879 2016 10  7    206     17    223 0 0 0
54406 4027 11558   4879 2016 10  8      0      0      0 0 0 0
54406 4027 11558   4879 2016 10  9      0      0      0 0 0 0
54406 4027 11558   4879 2016 10 10      0      0      0 0 0 0
54406 4027 11558   4879 2016 10 11      0      0      0 0 0 0
54406 4027 11558   4879 2016 10 12      0      0      0 0 0 0
54406 4027 11558   4879 2016 10 13      4      0      4 0 0 0
54406 4027 11558   4879 2016 10 14      0      0      0 0 0 0
54406 4027 11558   4879 2016 10 15      0  32700  32700 0 0 0
54406 4027 11558   4879 2016 10 16      0      0      0 0 0 0
54406 4027 11558   4879 2016 10 17      0      0      0 0 0 0
54406 4027 11558   4879 2016 10 18      0      0      0 0 0 0
54406 4027 11558   4879 2016 10 19      0      0      0 0 0 0
54406 4027 11558   4879 2016 10 20     15    151    166 0 0 0
54406 4027 11558   4879 2016 10 21     46     66    112 0 0 0
54406 4027 11558   4879 2016 10 22      0      0      0 0 0 0
54406 4027 11558   4879 2016 10 23      0      0      0 0 0 0
54406 4027 11558   4879 2016 10 24      0      6      6 0 0 0
54406 4027 11558   4879 2016 10 25      0      0      0 0 0 0
54406 4027 11558   4879 2016 10 26      0      0      0 0 0 0
54406 4027 11558   4879 2016 10 27  32700    155    155 0 0 0
54406 4027 11558   4879 2016 10 28      1      0      1 0 0 0
54406 4027 11558   4879 2016 10 29      0      0      0 0 0 0
54406 4027 11558   4879 2016 10 30      0      0      0 0 0 0
54406 4027 11558   4879 2016 10 31      0      0      0 0 0 0
54406 4027 11558   4879 2016 11  1      0      0      0 0 0 0
54406 4027 11558   4879 2016 11  2      0      0      0 0 0 0
54406 4027 11558   4879 2016 11  3      0      0      0 0 0 0
54406 4027 11558   4879 2016 11  4      0      0      0 0 0 0
54406 4027 11558   4879 2016 11  5      0      0      0 0 0 0
54406 4027 11558   4879 2016 11  6      0      0      0 0 0 0
54406 4027 11558   4879 2016 11  7      3      0      3 0 0 0
54406 4027 11558   4879 2016 11  8      0      0      0 0 0 0
54406 4027 11558   4879 2016 11  9      0      0      0 0 0 0
54406 4027 11558   4879 2016 11 10  32700      2      2 0 0 0
54406 4027 11558   4879 2016 11 11      0      0      0 0 0 0
54406 4027 11558   4879 2016 11 12      0      0      0 0 0 0
54406 4027 11558   4879 2016 11 13      0      0      0 0 0 0
54406 4027 11558   4879 2016 11 14      0      0      0 0 0 0
54406 4027 11558   4879 2016 11 15      0      0      0 0 0 0
54406 4027 11558   4879 2016 11 16      0      0      0 0 0 0
54406 4027 11558   4879 2016 11 17      0      0      0 0 0 0
54406 4027 11558   4879 2016 11 18      0      0      0 0 0 0
54406 4027 11558   4879 2016 11 19      0      0      0 0 0 0
54406 4027 11558   4879 2016 11 20      0     28     28 0 0 0
54406 4027 11558   4879 2016 11 21     18  32700     18 0 0 0
54406 4027 11558   4879 2016 11 22      0      0      0 0 0 0
54406 4027 11558   4879 2016 11 23      0      0      0 0 0 0
54406 4027 11558   4879 2016 11 24      0      0      0 0 0 0
54406 4027 11558   4879 2016 11 25      0      0      0 0 0 0
54406 4027 11558   4879 2016 11 26      0      0      0 0 0 0
54406 4027 11558   4879 2016 11 27      0      0      0 0 0 0
54406 4027 11558   4879 2016 11 28      0      0      0 0 0 0
54406 4027 11558   4879 2016 11 29      0  32700  32700 0 0 0
54406 4027 11558   4879 2016 11 30     10      0     10 0 0 0
54406 4027 11558   4879 2016 12  1      0      0      0 0 0 0
54406 4027 11558   4879 2016 12  2      0      0      0 0 0 0
54406 4027 11558   4879 2016 12  3      0      0      0 0 0 0
54406 4027 11558   4879 2016 12  4      0      0      0 0 0 0
54406 4027 11558   4879 2016 12  5  32700      0  32700 0 0 0
54406 4027 11558   4879 2016 12  6      0      0      0 0 0 0
54406 4027 11558   4879 2016 12  7      0      0      0 0 0 0
54406 4027 11558   4879 2016 12  8      0      0      0 0 0 0
54406 4027 11558   4879 2016 12  9      0      0      0 0 0 0
54406 4027 11558   4879 2016 12 10      0      0      0 0 0 0
54406 4027 11558   4879 2016 12 11      0      0      0 0 0 0
54406 4027 11558   4879 2016 12 12      0      0      0 0 0 0
54406 4027 11558   4879 2016 12 13      0      0      0 0 0 0
54406 4027 11558   4879 2016 12 14      0      0      0 0 0 0
54406 4027 11558   4879 2016 12 15      0      0      0 0 0 0
54406 4027 11558   4879 2016 12 16      0      0      0 0 0 0
54406 4027 11558   4879 2016 12 17      0      0      0 0 0 0
54406 4027 11558   4879 2016 12 18      0      0      0 0 0 0
54406 4027 11558   4879 2016 12 19      0      0      0 0 0 0
54406 4027 11558   4879 2016 12 20      0      0      0 0 0 0
54406 4027 11558   4879 2016 12 21      0      0      0 0 0 0
54406 4027 11558   4879 2016 12 22      0      0      0 0 0 0
54406 4027 11558   4879 2016 12 23      0      0      0 0 0 0
54406 4027 11558   4879 2016 12 24      0      0      0 0 0 0
54406 4027 11558   4879 2016 12 25      0      0      0 0 0 0
54406 4027 11558   4879 2016 12 26      0      0      0 0 0 0
54406 4027 11558   4879 2016 12 27      0      0      0 0 0 0
54406 4027 11558   4879 2016 12 28      0      0      0 0 0 0
54406 4027 11558   4879 2016 12 29      0      0      0 0 0 0
54406 4027 11558   4879 2016 12 30      0      0      0 0 0 0
54406 4027 11558   4879 2016 12 31      0      0      0 0 0 0
54406 4027 11558   4879 2017  1  1      0      0      0 0 0 0
54406 4027 11558   4879 2017  1  2      0      0      0 0 0 0
54406 4027 11558   4879 2017  1  3      0      0      0 0 0 0
54406 4027 11558   4879 2017  1  4      0      0      0 0 0 0
54406 4027 11558   4879 2017  1  5      0      0      0 0 0 0
54406 4027 11558   4879 2017  1  6      0      0      0 0 0 0
54406 4027 11558   4879 2017  1  7  32700      5      5 0 0 0
54406 4027 11558   4879 2017  1  8      0      0      0 0 0 0
54406 4027 11558   4879 2017  1  9      0      0      0 0 0 0
54406 4027 11558   4879 2017  1 10      0      0      0 0 0 0
54406 4027 11558   4879 2017  1 11      0      0      0 0 0 0
54406 4027 11558   4879 2017  1 12      0      0      0 0 0 0
54406 4027 11558   4879 2017  1 13      0      0      0 0 0 0
54406 4027 11558   4879 2017  1 14      0      0      0 0 0 0
54406 4027 11558   4879 2017  1 15  32700  32700  32700 0 0 0
54406 4027 11558   4879 2017  1 16  32700  32700  32700 0 0 0
54406 4027 11558   4879 2017  1 17  32700  32700  32700 0 0 0
54406 4027 11558   4879 2017  1 18      0      0      0 0 0 0
54406 4027 11558   4879 2017  1 19  32700      0  32700 0 0 0
54406 4027 11558   4879 2017  1 20      0      0      0 0 0 0
54406 4027 11558   4879 2017  1 21      0      0      0 0 0 0
54406 4027 11558   4879 2017  1 22      0      0      0 0 0 0
54406 4027 11558   4879 2017  1 23      0      0      0 0 0 0
54406 4027 11558   4879 2017  1 24      0      0      0 0 0 0
54406 4027 11558   4879 2017  1 25      0      0      0 0 0 0
54406 4027 11558   4879 2017  1 26      0      0      0 0 0 0
54406 4027 11558   4879 2017  1 27      0      0      0 0 0 0
54406 4027 11558   4879 2017  1 28      0      0      0 0 0 0
54406 4027 11558   4879 2017  1 29      0      0      0 0 0 0
54406 4027 11558   4879 2017  1 30      0      0      0 0 0 0
54406 4027 11558   4879 2017  1 31      0      0      0 0 0 0
54406 4027 11558   4879 2017  2  1      0      0      0 0 0 0
54406 4027 11558   4879 2017  2  2      0      0      0 0 0 0
54406 4027 11558   4879 2017  2  3      0      0      0 0 0 0
54406 4027 11558   4879 2017  2  4      0      0      0 0 0 0
54406 4027 11558   4879 2017  2  5      0      0      0 0 0 0
54406 4027 11558   4879 2017  2  6      0      0      0 0 0 0
54406 4027 11558   4879 2017  2  7      0      1      1 0 0 0
54406 4027 11558   4879 2017  2  8      0      0      0 0 0 0
54406 4027 11558   4879 2017  2  9      0      0      0 0 0 0
54406 4027 11558   4879 2017  2 10      0      0      0 0 0 0
54406 4027 11558   4879 2017  2 11      0      0      0 0 0 0
54406 4027 11558   4879 2017  2 12      0      0      0 0 0 0
54406 4027 11558   4879 2017  2 13      0      0      0 0 0 0
54406 4027 11558   4879 2017  2 14      0      0      0 0 0 0
54406 4027 11558   4879 2017  2 15      0      0      0 0 0 0
54406 4027 11558   4879 2017  2 16      0      0      0 0 0 0
54406 4027 11558   4879 2017  2 17      0      0      0 0 0 0
54406 4027 11558   4879 2017  2 18      0      0      0 0 0 0
54406 4027 11558   4879 2017  2 19      0      0      0 0 0 0
54406 4027 11558   4879 2017  2 20      0      0      0 0 0 0
54406 4027 11558   4879 2017  2 21      0     30     30 0 0 0
54406 4027 11558   4879 2017  2 22      2      0      2 0 0 0
54406 4027 11558   4879 2017  2 23      0      0      0 0 0 0
54406 4027 11558   4879 2017  2 24      0      0      0 0 0 0
54406 4027 11558   4879 2017  2 25      0      0      0 0 0 0
54406 4027 11558   4879 2017  2 26      0      0      0 0 0 0
54406 4027 11558   4879 2017  2 27      0      0      0 0 0 0
54406 4027 11558   4879 2017  2 28      0      0      0 0 0 0
54406 4027 11558   4879 2017  3  1      0      0      0 0 0 0
54406 4027 11558   4879 2017  3  2      0      0      0 0 0 0
54406 4027 11558   4879 2017  3  3      0      0      0 0 0 0
54406 4027 11558   4879 2017  3  4      0      0      0 0 0 0
54406 4027 11558   4879 2017  3  5      0      0      0 0 0 0
54406 4027 11558   4879 2017  3  6      0      0      0 0 0 0
54406 4027 11558   4879 2017  3  7      0      0      0 0 0 0
54406 4027 11558   4879 2017  3  8      0      0      0 0 0 0
54406 4027 11558   4879 2017  3  9      0      0      0 0 0 0
54406 4027 11558   4879 2017  3 10      0      0      0 0 0 0
54406 4027 11558   4879 2017  3 11      0      0      0 0 0 0
54406 4027 11558   4879 2017  3 12      0      0      0 0 0 0
54406 4027 11558   4879 2017  3 13      0      0      0 0 0 0
54406 4027 11558   4879 2017  3 14      0      0      0 0 0 0
54406 4027 11558   4879 2017  3 15      0      0      0 0 0 0
54406 4027 11558   4879 2017  3 16      0      0      0 0 0 0
54406 4027 11558   4879 2017  3 17      0      0      0 0 0 0
54406 4027 11558   4879 2017  3 18      0      0      0 0 0 0
54406 4027 11558   4879 2017  3 19      0      0      0 0 0 0
54406 4027 11558   4879 2017  3 20      3     41     44 0 0 0
54406 4027 11558   4879 2017  3 21      0      0      0 0 0 0
54406 4027 11558   4879 2017  3 22      0      0      0 0 0 0
54406 4027 11558   4879 2017  3 23     17     21     38 0 0 0
54406 4027 11558   4879 2017  3 24     73     13     86 0 0 0
54406 4027 11558   4879 2017  3 25      0      0      0 0 0 0
54406 4027 11558   4879 2017  3 26      0      0      0 0 0 0
54406 4027 11558   4879 2017  3 27      0      0      0 0 0 0
54406 4027 11558   4879 2017  3 28      0      0      0 0 0 0
54406 4027 11558   4879 2017  3 29      0      0      0 0 0 0
54406 4027 11558   4879 2017  3 30      0  32700  32700 0 0 0
54406 4027 11558   4879 2017  3 31      0      0      0 0 0 0
54406 4027 11558   4879 2017  4  1      0      0      0 0 0 0
54406 4027 11558   4879 2017  4  2      0      0      0 0 0 0
54406 4027 11558   4879 2017  4  3      0      0      0 0 0 0
54406 4027 11558   4879 2017  4  4      0      0      0 0 0 0
54406 4027 11558   4879 2017  4  5      0      0      0 0 0 0
54406 4027 11558   4879 2017  4  6      0      0      0 0 0 0
54406 4027 11558   4879 2017  4  7      0  32700  32700 0 0 0
54406 4027 11558   4879 2017  4  8      0      0      0 0 0 0
54406 4027 11558   4879 2017  4  9      0      0      0 0 0 0
54406 4027 11558   4879 2017  4 10      0      0      0 0 0 0
54406 4027 11558   4879 2017  4 11      0      0      0 0 0 0
54406 4027 11558   4879 2017  4 12      0      0      0 0 0 0
54406 4027 11558   4879 2017  4 13      0      0      0 0 0 0
54406 4027 11558   4879 2017  4 14      0      0      0 0 0 0
54406 4027 11558   4879 2017  4 15      0      0      0 0 0 0
54406 4027 11558   4879 2017  4 16      0      0      0 0 0 0
54406 4027 11558   4879 2017  4 17  32700      0  32700 0 0 0
54406 4027 11558   4879 2017  4 18      0      0      0 0 0 0
54406 4027 11558   4879 2017  4 19      0  32700  32700 0 0 0
54406 4027 11558   4879 2017  4 20      0      0      0 0 0 0
54406 4027 11558   4879 2017  4 21      0      0      0 0 0 0
54406 4027 11558   4879 2017  4 22      0      0      0 0 0 0
54406 4027 11558   4879 2017  4 23      0      0      0 0 0 0
54406 4027 11558   4879 2017  4 24      0      0      0 0 0 0
54406 4027 11558   4879 2017  4 25      0      0      0 0 0 0
54406 4027 11558   4879 2017  4 26      0      0      0 0 0 0
54406 4027 11558   4879 2017  4 27      0      0      0 0 0 0
54406 4027 11558   4879 2017  4 28      0      0      0 0 0 0
54406 4027 11558   4879 2017  4 29      0      0      0 0 0 0
54406 4027 11558   4879 2017  4 30      0      0      0 0 0 0
54406 4027 11558   4879 2017  5  1      0      0      0 0 0 0
54406 4027 11558   4879 2017  5  2      0      0      0 0 0 0
54406 4027 11558   4879 2017  5  3      0     69     69 0 0 0
54406 4027 11558   4879 2017  5  4     23      0     23 0 0 0
54406 4027 11558   4879 2017  5  5      0      0      0 0 0 0
54406 4027 11558   4879 2017  5  6      0      0      0 0 0 0
54406 4027 11558   4879 2017  5  7      0      0      0 0 0 0
54406 4027 11558   4879 2017  5  8      0      0      0 0 0 0
54406 4027 11558   4879 2017  5  9      0  32700  32700 0 0 0
54406 4027 11558   4879 2017  5 10     10      0     10 0 0 0
54406 4027 11558   4879 2017  5 11      0      0      0 0 0 0
54406 4027 11558   4879 2017  5 12      0      0      0 0 0 0
54406 4027 11558   4879 2017  5 13      0      0      0 0 0 0
54406 4027 11558   4879 2017  5 14      0      0      0 0 0 0
54406 4027 11558   4879 2017  5 15      0      0      0 0 0 0
54406 4027 11558   4879 2017  5 16      0      0      0 0 0 0
54406 4027 11558   4879 2017  5 17      0      0      0 0 0 0
54406 4027 11558   4879 2017  5 18      0      0      0 0 0 0
54406 4027 11558   4879 2017  5 19      0      0      0 0 0 0
54406 4027 11558   4879 2017  5 20      0      0      0 0 0 0
54406 4027 11558   4879 2017  5 21      0      0      0 0 0 0
54406 4027 11558   4879 2017  5 22     76     67    143 0 0 0
54406 4027 11558   4879 2017  5 23      0      0      0 0 0 0
54406 4027 11558   4879 2017  5 24      0      0      0 0 0 0
54406 4027 11558   4879 2017  5 25      0      0      0 0 0 0
54406 4027 11558   4879 2017  5 26      0      0      0 0 0 0
54406 4027 11558   4879 2017  5 27      0      0      0 0 0 0
54406 4027 11558   4879 2017  5 28      0    136    136 0 0 0
54406 4027 11558   4879 2017  5 29      3  32700      3 0 0 0
54406 4027 11558   4879 2017  5 30     54      0     54 0 0 0
54406 4027 11558   4879 2017  5 31      0      0      0 0 0 0
54406 4027 11558   4879 2017  6  1      0      0      0 0 0 0
54406 4027 11558   4879 2017  6  2  32700      3      3 0 0 0
54406 4027 11558   4879 2017  6  3      0      0      0 0 0 0
54406 4027 11558   4879 2017  6  4      0      0      0 0 0 0
54406 4027 11558   4879 2017  6  5      0      0      0 0 0 0
54406 4027 11558   4879 2017  6  6     40  32700     40 0 0 0
54406 4027 11558   4879 2017  6  7      0      0      0 0 0 0
54406 4027 11558   4879 2017  6  8      0      0      0 0 0 0
54406 4027 11558   4879 2017  6  9      0      0      0 0 0 0
54406 4027 11558   4879 2017  6 10      0      0      0 0 0 0
54406 4027 11558   4879 2017  6 11      0  32700  32700 0 0 0
54406 4027 11558   4879 2017  6 12      0     20     20 0 0 0
54406 4027 11558   4879 2017  6 13      6     61     67 0 0 0
54406 4027 11558   4879 2017  6 14      0      0      0 0 0 0
54406 4027 11558   4879 2017  6 15      0      0      0 0 0 0
54406 4027 11558   4879 2017  6 16      0      0      0 0 0 0
54406 4027 11558   4879 2017  6 17      0  32700  32700 0 0 0
54406 4027 11558   4879 2017  6 18      0    176    176 0 0 0
54406 4027 11558   4879 2017  6 19      0  32700  32700 0 0 0
54406 4027 11558   4879 2017  6 20      0  32700  32700 0 0 0
54406 4027 11558   4879 2017  6 21      0  32700  32700 0 0 0
54406 4027 11558   4879 2017  6 22      3    271    274 0 0 0
54406 4027 11558   4879 2017  6 23    139    306    445 0 0 0
54406 4027 11558   4879 2017  6 24      5      0      5 0 0 0
54406 4027 11558   4879 2017  6 25      0    150    150 0 0 0
54406 4027 11558   4879 2017  6 26      0      0      0 0 0 0
54406 4027 11558   4879 2017  6 27      0     58     58 0 0 0
54406 4027 11558   4879 2017  6 28     14  32700     14 0 0 0
54406 4027 11558   4879 2017  6 29      1      0      1 0 0 0
54406 4027 11558   4879 2017  6 30      0      0      0 0 0 0
