54416 4023 11652    718 2013 12  1      0      0      0 9 9 9
54416 4023 11652    718 2013 12  2      0      0      0 9 9 9
54416 4023 11652    718 2013 12  3      0      0      0 9 9 9
54416 4023 11652    718 2013 12  4      0      0      0 9 9 9
54416 4023 11652    718 2013 12  5      0      0      0 9 9 9
54416 4023 11652    718 2013 12  6      0      0      0 9 9 9
54416 4023 11652    718 2013 12  7      0      0      0 9 9 9
54416 4023 11652    718 2013 12  8      0      0      0 9 9 9
54416 4023 11652    718 2013 12  9      0      0      0 9 9 9
54416 4023 11652    718 2013 12 10      0      0      0 9 9 9
54416 4023 11652    718 2013 12 11      0      0      0 9 9 9
54416 4023 11652    718 2013 12 12      0      0      0 9 9 9
54416 4023 11652    718 2013 12 13      0      0      0 9 9 9
54416 4023 11652    718 2013 12 14      0      0      0 9 9 9
54416 4023 11652    718 2013 12 15      0      0      0 9 9 9
54416 4023 11652    718 2013 12 16      0      0      0 9 9 9
54416 4023 11652    718 2013 12 17      0      0      0 9 9 9
54416 4023 11652    718 2013 12 18      0      0      0 9 9 9
54416 4023 11652    718 2013 12 19      0      0      0 9 9 9
54416 4023 11652    718 2013 12 20      0      0      0 9 9 9
54416 4023 11652    718 2013 12 21      0      0      0 9 9 9
54416 4023 11652    718 2013 12 22      0      0      0 9 9 9
54416 4023 11652    718 2013 12 23      0      0      0 9 9 9
54416 4023 11652    718 2013 12 24      0      0      0 9 9 9
54416 4023 11652    718 2013 12 25      0      0      0 9 9 9
54416 4023 11652    718 2013 12 26      0      0      0 9 9 9
54416 4023 11652    718 2013 12 27      0      0      0 9 9 9
54416 4023 11652    718 2013 12 28      0      0      0 9 9 9
54416 4023 11652    718 2013 12 29      0      0      0 9 9 9
54416 4023 11652    718 2013 12 30      0      0      0 9 9 9
54416 4023 11652    718 2013 12 31      0      0      0 9 9 9
54416 4023 11652    718 2014  1  1      0      0      0 0 0 0
54416 4023 11652    718 2014  1  2      0      0      0 0 0 0
54416 4023 11652    718 2014  1  3      0      0      0 0 0 0
54416 4023 11652    718 2014  1  4      0      0      0 0 0 0
54416 4023 11652    718 2014  1  5      0      0      0 0 0 0
54416 4023 11652    718 2014  1  6      0  32700  32700 0 0 0
54416 4023 11652    718 2014  1  7      0      0      0 0 0 0
54416 4023 11652    718 2014  1  8      0      0      0 0 0 0
54416 4023 11652    718 2014  1  9      0      0      0 0 0 0
54416 4023 11652    718 2014  1 10      0      0      0 0 0 0
54416 4023 11652    718 2014  1 11      0      0      0 0 0 0
54416 4023 11652    718 2014  1 12      0      0      0 0 0 0
54416 4023 11652    718 2014  1 13      0      0      0 0 0 0
54416 4023 11652    718 2014  1 14      0      0      0 0 0 0
54416 4023 11652    718 2014  1 15      0      0      0 0 0 0
54416 4023 11652    718 2014  1 16      0      0      0 0 0 0
54416 4023 11652    718 2014  1 17      0      0      0 0 0 0
54416 4023 11652    718 2014  1 18      0      0      0 0 0 0
54416 4023 11652    718 2014  1 19      0      0      0 0 0 0
54416 4023 11652    718 2014  1 20      0      0      0 0 0 0
54416 4023 11652    718 2014  1 21      0      0      0 0 0 0
54416 4023 11652    718 2014  1 22      0      0      0 0 0 0
54416 4023 11652    718 2014  1 23      0      0      0 0 0 0
54416 4023 11652    718 2014  1 24      0      0      0 0 0 0
54416 4023 11652    718 2014  1 25      0      0      0 0 0 0
54416 4023 11652    718 2014  1 26      0      0      0 0 0 0
54416 4023 11652    718 2014  1 27      0      0      0 0 0 0
54416 4023 11652    718 2014  1 28      0      0      0 0 0 0
54416 4023 11652    718 2014  1 29      0      0      0 0 0 0
54416 4023 11652    718 2014  1 30      0      0      0 0 0 0
54416 4023 11652    718 2014  1 31      0      0      0 0 0 0
54416 4023 11652    718 2014  2  1      0      0      0 0 0 0
54416 4023 11652    718 2014  2  2      0      0      0 0 0 0
54416 4023 11652    718 2014  2  3      0      0      0 0 0 0
54416 4023 11652    718 2014  2  4      0      0      0 0 0 0
54416 4023 11652    718 2014  2  5      0      0      0 0 0 0
54416 4023 11652    718 2014  2  6      0      0      0 0 0 0
54416 4023 11652    718 2014  2  7  32700      8      8 0 0 0
54416 4023 11652    718 2014  2  8     12      0     12 0 0 0
54416 4023 11652    718 2014  2  9      0      0      0 0 0 0
54416 4023 11652    718 2014  2 10      0      0      0 0 0 0
54416 4023 11652    718 2014  2 11      0      0      0 0 0 0
54416 4023 11652    718 2014  2 12      0      0      0 0 0 0
54416 4023 11652    718 2014  2 13  32700  32700  32700 0 0 0
54416 4023 11652    718 2014  2 14      0      0      0 0 0 0
54416 4023 11652    718 2014  2 15      0      0      0 0 0 0
54416 4023 11652    718 2014  2 16      0      0      0 0 0 0
54416 4023 11652    718 2014  2 17      0      0      0 0 0 0
54416 4023 11652    718 2014  2 18      0      0      0 0 0 0
54416 4023 11652    718 2014  2 19  32700      0  32700 0 0 0
54416 4023 11652    718 2014  2 20      0  32700  32700 0 0 0
54416 4023 11652    718 2014  2 21      0      0      0 0 0 0
54416 4023 11652    718 2014  2 22      0      0      0 0 0 0
54416 4023 11652    718 2014  2 23      0      0      0 0 0 0
54416 4023 11652    718 2014  2 24      0      0      0 0 0 0
54416 4023 11652    718 2014  2 25      0      0      0 0 0 0
54416 4023 11652    718 2014  2 26      0     22     22 0 0 0
54416 4023 11652    718 2014  2 27  32700      0  32700 0 0 0
54416 4023 11652    718 2014  2 28      0      0      0 0 0 0
54416 4023 11652    718 2014  3  1      0      0      0 0 0 0
54416 4023 11652    718 2014  3  2      0      0      0 0 0 0
54416 4023 11652    718 2014  3  3      0      0      0 0 0 0
54416 4023 11652    718 2014  3  4      0      0      0 0 0 0
54416 4023 11652    718 2014  3  5      0      0      0 0 0 0
54416 4023 11652    718 2014  3  6      0      0      0 0 0 0
54416 4023 11652    718 2014  3  7      0      0      0 0 0 0
54416 4023 11652    718 2014  3  8      0      0      0 0 0 0
54416 4023 11652    718 2014  3  9      0      0      0 0 0 0
54416 4023 11652    718 2014  3 10      0      0      0 0 0 0
54416 4023 11652    718 2014  3 11      0      0      0 0 0 0
54416 4023 11652    718 2014  3 12  32700      0  32700 0 0 0
54416 4023 11652    718 2014  3 13      0      0      0 0 0 0
54416 4023 11652    718 2014  3 14      0      0      0 0 0 0
54416 4023 11652    718 2014  3 15      0      0      0 0 0 0
54416 4023 11652    718 2014  3 16      0      0      0 0 0 0
54416 4023 11652    718 2014  3 17      0      0      0 0 0 0
54416 4023 11652    718 2014  3 18      0      0      0 0 0 0
54416 4023 11652    718 2014  3 19      0  32700  32700 0 0 0
54416 4023 11652    718 2014  3 20      0      0      0 0 0 0
54416 4023 11652    718 2014  3 21      0      0      0 0 0 0
54416 4023 11652    718 2014  3 22      0      0      0 0 0 0
54416 4023 11652    718 2014  3 23      0      0      0 0 0 0
54416 4023 11652    718 2014  3 24      0      0      0 0 0 0
54416 4023 11652    718 2014  3 25      0      0      0 0 0 0
54416 4023 11652    718 2014  3 26      0      0      0 0 0 0
54416 4023 11652    718 2014  3 27      0      0      0 0 0 0
54416 4023 11652    718 2014  3 28     15  32700     15 0 0 0
54416 4023 11652    718 2014  3 29      0      0      0 0 0 0
54416 4023 11652    718 2014  3 30      0      0      0 0 0 0
54416 4023 11652    718 2014  3 31      0  32700  32700 0 0 0
54416 4023 11652    718 2014  4  1      0      0      0 0 0 0
54416 4023 11652    718 2014  4  2      0      0      0 0 0 0
54416 4023 11652    718 2014  4  3      0      0      0 0 0 0
54416 4023 11652    718 2014  4  4      0      0      0 0 0 0
54416 4023 11652    718 2014  4  5      0      0      0 0 0 0
54416 4023 11652    718 2014  4  6      0      0      0 0 0 0
54416 4023 11652    718 2014  4  7      0      0      0 0 0 0
54416 4023 11652    718 2014  4  8      0      0      0 0 0 0
54416 4023 11652    718 2014  4  9      0      0      0 0 0 0
54416 4023 11652    718 2014  4 10      0      0      0 0 0 0
54416 4023 11652    718 2014  4 11      0      0      0 0 0 0
54416 4023 11652    718 2014  4 12      0      0      0 0 0 0
54416 4023 11652    718 2014  4 13      0      0      0 0 0 0
54416 4023 11652    718 2014  4 14      0      0      0 0 0 0
54416 4023 11652    718 2014  4 15      0      0      0 0 0 0
54416 4023 11652    718 2014  4 16      0      0      0 0 0 0
54416 4023 11652    718 2014  4 17     39     14     53 0 0 0
54416 4023 11652    718 2014  4 18      0      0      0 0 0 0
54416 4023 11652    718 2014  4 19      0  32700  32700 0 0 0
54416 4023 11652    718 2014  4 20      0      0      0 0 0 0
54416 4023 11652    718 2014  4 21      0      0      0 0 0 0
54416 4023 11652    718 2014  4 22      0      0      0 0 0 0
54416 4023 11652    718 2014  4 23      0  32700  32700 0 0 0
54416 4023 11652    718 2014  4 24     25      0     25 0 0 0
54416 4023 11652    718 2014  4 25      0  32700  32700 0 0 0
54416 4023 11652    718 2014  4 26    158      0    158 0 0 0
54416 4023 11652    718 2014  4 27      0      0      0 0 0 0
54416 4023 11652    718 2014  4 28      0      0      0 0 0 0
54416 4023 11652    718 2014  4 29      0      0      0 0 0 0
54416 4023 11652    718 2014  4 30      0      0      0 0 0 0
54416 4023 11652    718 2014  5  1      0      2      2 0 0 0
54416 4023 11652    718 2014  5  2      6  32700      6 0 0 0
54416 4023 11652    718 2014  5  3      0  32700  32700 0 0 0
54416 4023 11652    718 2014  5  4      0      0      0 0 0 0
54416 4023 11652    718 2014  5  5      0      0      0 0 0 0
54416 4023 11652    718 2014  5  6      0      0      0 0 0 0
54416 4023 11652    718 2014  5  7      0      0      0 0 0 0
54416 4023 11652    718 2014  5  8      0      0      0 0 0 0
54416 4023 11652    718 2014  5  9      0      0      0 0 0 0
54416 4023 11652    718 2014  5 10      0      0      0 0 0 0
54416 4023 11652    718 2014  5 11    137     55    192 0 0 0
54416 4023 11652    718 2014  5 12      2      0      2 0 0 0
54416 4023 11652    718 2014  5 13      0      0      0 0 0 0
54416 4023 11652    718 2014  5 14      0      0      0 0 0 0
54416 4023 11652    718 2014  5 15      0      0      0 0 0 0
54416 4023 11652    718 2014  5 16  32700      0  32700 0 0 0
54416 4023 11652    718 2014  5 17      0  32700  32700 0 0 0
54416 4023 11652    718 2014  5 18  32700      0  32700 0 0 0
54416 4023 11652    718 2014  5 19     54      0     54 0 0 0
54416 4023 11652    718 2014  5 20      0      0      0 0 0 0
54416 4023 11652    718 2014  5 21      0      0      0 0 0 0
54416 4023 11652    718 2014  5 22      0      0      0 0 0 0
54416 4023 11652    718 2014  5 23      0      0      0 0 0 0
54416 4023 11652    718 2014  5 24     71     28     99 0 0 0
54416 4023 11652    718 2014  5 25  32700      0  32700 0 0 0
54416 4023 11652    718 2014  5 26      0      0      0 0 0 0
54416 4023 11652    718 2014  5 27      0      1      1 0 0 0
54416 4023 11652    718 2014  5 28      0      0      0 0 0 0
54416 4023 11652    718 2014  5 29      0      0      0 0 0 0
54416 4023 11652    718 2014  5 30      0      0      0 0 0 0
54416 4023 11652    718 2014  5 31      0      0      0 0 0 0
54416 4023 11652    718 2014  6  1      8  32700      8 0 0 0
54416 4023 11652    718 2014  6  2  32700      0  32700 0 0 0
54416 4023 11652    718 2014  6  3      0      0      0 0 0 0
54416 4023 11652    718 2014  6  4      0      0      0 0 0 0
54416 4023 11652    718 2014  6  5      0      0      0 0 0 0
54416 4023 11652    718 2014  6  6      0    190    190 0 0 0
54416 4023 11652    718 2014  6  7      0      0      0 0 0 0
54416 4023 11652    718 2014  6  8      0     20     20 0 0 0
54416 4023 11652    718 2014  6  9      0     64     64 0 0 0
54416 4023 11652    718 2014  6 10  32700      1      1 0 0 0
54416 4023 11652    718 2014  6 11      0      0      0 0 0 0
54416 4023 11652    718 2014  6 12  32700      0  32700 0 0 0
54416 4023 11652    718 2014  6 13      0    173    173 0 0 0
54416 4023 11652    718 2014  6 14      0      0      0 0 0 0
54416 4023 11652    718 2014  6 15      0      0      0 0 0 0
54416 4023 11652    718 2014  6 16  32700      0  32700 0 0 0
54416 4023 11652    718 2014  6 17    329    132    461 0 0 0
54416 4023 11652    718 2014  6 18      2      0      2 0 0 0
54416 4023 11652    718 2014  6 19      0      0      0 0 0 0
54416 4023 11652    718 2014  6 20    374      1    375 0 0 0
54416 4023 11652    718 2014  6 21      0      0      0 0 0 0
54416 4023 11652    718 2014  6 22  32700      6      6 0 0 0
54416 4023 11652    718 2014  6 23      0      0      0 0 0 0
54416 4023 11652    718 2014  6 24      0      0      0 0 0 0
54416 4023 11652    718 2014  6 25      0  32700  32700 0 0 0
54416 4023 11652    718 2014  6 26      0     16     16 0 0 0
54416 4023 11652    718 2014  6 27      0      0      0 0 0 0
54416 4023 11652    718 2014  6 28      0      0      0 0 0 0
54416 4023 11652    718 2014  6 29      0      0      0 0 0 0
54416 4023 11652    718 2014  6 30      0      0      0 0 0 0
54416 4023 11652    718 2014  7  1      0    193    193 0 0 0
54416 4023 11652    718 2014  7  2    310      4    314 0 0 0
54416 4023 11652    718 2014  7  3      1      0      1 0 0 0
54416 4023 11652    718 2014  7  4      0  32700  32700 0 0 0
54416 4023 11652    718 2014  7  5      0      0      0 0 0 0
54416 4023 11652    718 2014  7  6      0      0      0 0 0 0
54416 4023 11652    718 2014  7  7      0    213    213 0 0 0
54416 4023 11652    718 2014  7  8      0      0      0 0 0 0
54416 4023 11652    718 2014  7  9      0      0      0 0 0 0
54416 4023 11652    718 2014  7 10      0      0      0 0 0 0
54416 4023 11652    718 2014  7 11      0      0      0 0 0 0
54416 4023 11652    718 2014  7 12      0      0      0 0 0 0
54416 4023 11652    718 2014  7 13      1      0      1 0 0 0
54416 4023 11652    718 2014  7 14      0      0      0 0 0 0
54416 4023 11652    718 2014  7 15      0      0      0 0 0 0
54416 4023 11652    718 2014  7 16  32700     11     11 0 0 0
54416 4023 11652    718 2014  7 17      1      0      1 0 0 0
54416 4023 11652    718 2014  7 18      0      0      0 0 0 0
54416 4023 11652    718 2014  7 19      0      0      0 0 0 0
54416 4023 11652    718 2014  7 20     41      0     41 0 0 0
54416 4023 11652    718 2014  7 21      8      0      8 0 0 0
54416 4023 11652    718 2014  7 22  32700      2      2 0 0 0
54416 4023 11652    718 2014  7 23  32700      0  32700 0 0 0
54416 4023 11652    718 2014  7 24      0      5      5 0 0 0
54416 4023 11652    718 2014  7 25      0      0      0 0 0 0
54416 4023 11652    718 2014  7 26      0      0      0 0 0 0
54416 4023 11652    718 2014  7 27      0      0      0 0 0 0
54416 4023 11652    718 2014  7 28      0      0      0 0 0 0
54416 4023 11652    718 2014  7 29      0      0      0 0 0 0
54416 4023 11652    718 2014  7 30    314      0    314 0 0 0
54416 4023 11652    718 2014  7 31  32700  32700  32700 0 0 0
54416 4023 11652    718 2014  8  1      0      0      0 0 0 0
54416 4023 11652    718 2014  8  2      0      0      0 0 0 0
54416 4023 11652    718 2014  8  3      0      0      0 0 0 0
54416 4023 11652    718 2014  8  4      4     19     23 0 0 0
54416 4023 11652    718 2014  8  5      0      0      0 0 0 0
54416 4023 11652    718 2014  8  6      0      0      0 0 0 0
54416 4023 11652    718 2014  8  7      0      0      0 0 0 0
54416 4023 11652    718 2014  8  8      0      0      0 0 0 0
54416 4023 11652    718 2014  8  9      0      0      0 0 0 0
54416 4023 11652    718 2014  8 10     11  32700     11 0 0 0
54416 4023 11652    718 2014  8 11      0      0      0 0 0 0
54416 4023 11652    718 2014  8 12      0      0      0 0 0 0
54416 4023 11652    718 2014  8 13     11     63     74 0 0 0
54416 4023 11652    718 2014  8 14      0      0      0 0 0 0
54416 4023 11652    718 2014  8 15      0      0      0 0 0 0
54416 4023 11652    718 2014  8 16      0      0      0 0 0 0
54416 4023 11652    718 2014  8 17      0      0      0 0 0 0
54416 4023 11652    718 2014  8 18      0      0      0 0 0 0
54416 4023 11652    718 2014  8 19      0      0      0 0 0 0
54416 4023 11652    718 2014  8 20      0      0      0 0 0 0
54416 4023 11652    718 2014  8 21      0     34     34 0 0 0
54416 4023 11652    718 2014  8 22     45  32700     45 0 0 0
54416 4023 11652    718 2014  8 23      0      0      0 0 0 0
54416 4023 11652    718 2014  8 24    391      0    391 0 0 0
54416 4023 11652    718 2014  8 25      0      0      0 0 0 0
54416 4023 11652    718 2014  8 26      0      0      0 0 0 0
54416 4023 11652    718 2014  8 27      0      0      0 0 0 0
54416 4023 11652    718 2014  8 28      0    451    451 0 0 0
54416 4023 11652    718 2014  8 29    357      0    357 0 0 0
54416 4023 11652    718 2014  8 30      0     23     23 0 0 0
54416 4023 11652    718 2014  8 31    115  32700    115 0 0 0
54416 4023 11652    718 2014  9  1      5      6     11 0 0 0
54416 4023 11652    718 2014  9  2    509     20    529 0 0 0
54416 4023 11652    718 2014  9  3      0      0      0 0 0 0
54416 4023 11652    718 2014  9  4      0      0      0 0 0 0
54416 4023 11652    718 2014  9  5      0      0      0 0 0 0
54416 4023 11652    718 2014  9  6      0      0      0 0 0 0
54416 4023 11652    718 2014  9  7      5      0      5 0 0 0
54416 4023 11652    718 2014  9  8      0      0      0 0 0 0
54416 4023 11652    718 2014  9  9      0      0      0 0 0 0
54416 4023 11652    718 2014  9 10      0      0      0 0 0 0
54416 4023 11652    718 2014  9 11      0      7      7 0 0 0
54416 4023 11652    718 2014  9 12     48  32700     48 0 0 0
54416 4023 11652    718 2014  9 13      0      0      0 0 0 0
54416 4023 11652    718 2014  9 14      0      0      0 0 0 0
54416 4023 11652    718 2014  9 15      0      0      0 0 0 0
54416 4023 11652    718 2014  9 16      0      0      0 0 0 0
54416 4023 11652    718 2014  9 17      0      0      0 0 0 0
54416 4023 11652    718 2014  9 18      0      0      0 0 0 0
54416 4023 11652    718 2014  9 19  32700      9      9 0 0 0
54416 4023 11652    718 2014  9 20      1      0      1 0 0 0
54416 4023 11652    718 2014  9 21      0      0      0 0 0 0
54416 4023 11652    718 2014  9 22  32700  32700  32700 0 0 0
54416 4023 11652    718 2014  9 23     41     83    124 0 0 0
54416 4023 11652    718 2014  9 24     41      0     41 0 0 0
54416 4023 11652    718 2014  9 25      0      0      0 0 0 0
54416 4023 11652    718 2014  9 26      0     43     43 0 0 0
54416 4023 11652    718 2014  9 27      0      0      0 0 0 0
54416 4023 11652    718 2014  9 28      0      0      0 0 0 0
54416 4023 11652    718 2014  9 29      0      0      0 0 0 0
54416 4023 11652    718 2014  9 30      0      0      0 0 0 0
54416 4023 11652    718 2014 10  1      0     57     57 0 0 0
54416 4023 11652    718 2014 10  2     52      0     52 0 0 0
54416 4023 11652    718 2014 10  3      0      0      0 0 0 0
54416 4023 11652    718 2014 10  4     64     23     87 0 0 0
54416 4023 11652    718 2014 10  5      0      0      0 0 0 0
54416 4023 11652    718 2014 10  6      0      0      0 0 0 0
54416 4023 11652    718 2014 10  7      0      0      0 0 0 0
54416 4023 11652    718 2014 10  8      0      0      0 0 0 0
54416 4023 11652    718 2014 10  9      0      0      0 0 0 0
54416 4023 11652    718 2014 10 10      0      0      0 0 0 0
54416 4023 11652    718 2014 10 11      0      0      0 0 0 0
54416 4023 11652    718 2014 10 12      3      0      3 0 0 0
54416 4023 11652    718 2014 10 13      0      0      0 0 0 0
54416 4023 11652    718 2014 10 14      0      0      0 0 0 0
54416 4023 11652    718 2014 10 15      0      0      0 0 0 0
54416 4023 11652    718 2014 10 16      0      0      0 0 0 0
54416 4023 11652    718 2014 10 17      0      0      0 0 0 0
54416 4023 11652    718 2014 10 18      0      0      0 0 0 0
54416 4023 11652    718 2014 10 19      0      0      0 0 0 0
54416 4023 11652    718 2014 10 20      0      0      0 0 0 0
54416 4023 11652    718 2014 10 21      0      0      0 0 0 0
54416 4023 11652    718 2014 10 22      0      0      0 0 0 0
54416 4023 11652    718 2014 10 23      0      0      0 0 0 0
54416 4023 11652    718 2014 10 24      0      0      0 0 0 0
54416 4023 11652    718 2014 10 25      0      0      0 0 0 0
54416 4023 11652    718 2014 10 26      0      0      0 0 0 0
54416 4023 11652    718 2014 10 27      0      0      0 0 0 0
54416 4023 11652    718 2014 10 28      0      0      0 0 0 0
54416 4023 11652    718 2014 10 29      0      0      0 0 0 0
54416 4023 11652    718 2014 10 30      0  32700  32700 0 0 0
54416 4023 11652    718 2014 10 31      0  32700  32700 0 0 0
54416 4023 11652    718 2014 11  1      0      0      0 0 0 0
54416 4023 11652    718 2014 11  2      0      0      0 0 0 0
54416 4023 11652    718 2014 11  3      0      0      0 0 0 0
54416 4023 11652    718 2014 11  4      0      0      0 0 0 0
54416 4023 11652    718 2014 11  5      0      0      0 0 0 0
54416 4023 11652    718 2014 11  6      0      0      0 0 0 0
54416 4023 11652    718 2014 11  7      0      0      0 0 0 0
54416 4023 11652    718 2014 11  8      0      0      0 0 0 0
54416 4023 11652    718 2014 11  9      0      0      0 0 0 0
54416 4023 11652    718 2014 11 10      0      0      0 0 0 0
54416 4023 11652    718 2014 11 11      0      0      0 0 0 0
54416 4023 11652    718 2014 11 12      0      0      0 0 0 0
54416 4023 11652    718 2014 11 13      0      0      0 0 0 0
54416 4023 11652    718 2014 11 14      0      0      0 0 0 0
54416 4023 11652    718 2014 11 15      0      0      0 0 0 0
54416 4023 11652    718 2014 11 16      0      0      0 0 0 0
54416 4023 11652    718 2014 11 17      0      0      0 0 0 0
54416 4023 11652    718 2014 11 18      0      0      0 0 0 0
54416 4023 11652    718 2014 11 19      0      0      0 0 0 0
54416 4023 11652    718 2014 11 20      0      0      0 0 0 0
54416 4023 11652    718 2014 11 21      0      0      0 0 0 0
54416 4023 11652    718 2014 11 22      0      0      0 0 0 0
54416 4023 11652    718 2014 11 23      0      0      0 0 0 0
54416 4023 11652    718 2014 11 24      0      0      0 0 0 0
54416 4023 11652    718 2014 11 25      0      0      0 0 0 0
54416 4023 11652    718 2014 11 26      0      0      0 0 0 0
54416 4023 11652    718 2014 11 27      0      0      0 0 0 0
54416 4023 11652    718 2014 11 28      0      0      0 0 0 0
54416 4023 11652    718 2014 11 29      0      2      2 0 0 0
54416 4023 11652    718 2014 11 30  32700      0  32700 0 0 0
54416 4023 11652    718 2014 12  1      0      0      0 0 0 0
54416 4023 11652    718 2014 12  2      0      0      0 0 0 0
54416 4023 11652    718 2014 12  3      0      0      0 0 0 0
54416 4023 11652    718 2014 12  4      0      0      0 0 0 0
54416 4023 11652    718 2014 12  5      0      0      0 0 0 0
54416 4023 11652    718 2014 12  6      0      0      0 0 0 0
54416 4023 11652    718 2014 12  7      0      0      0 0 0 0
54416 4023 11652    718 2014 12  8      0      0      0 0 0 0
54416 4023 11652    718 2014 12  9      0      0      0 0 0 0
54416 4023 11652    718 2014 12 10      4      0      4 0 0 0
54416 4023 11652    718 2014 12 11      0      0      0 0 0 0
54416 4023 11652    718 2014 12 12      0      0      0 0 0 0
54416 4023 11652    718 2014 12 13      0      0      0 0 0 0
54416 4023 11652    718 2014 12 14      0      0      0 0 0 0
54416 4023 11652    718 2014 12 15      0      0      0 0 0 0
54416 4023 11652    718 2014 12 16      0      0      0 0 0 0
54416 4023 11652    718 2014 12 17      0      0      0 0 0 0
54416 4023 11652    718 2014 12 18      0      0      0 0 0 0
54416 4023 11652    718 2014 12 19      0      0      0 0 0 0
54416 4023 11652    718 2014 12 20      0      0      0 0 0 0
54416 4023 11652    718 2014 12 21      0      0      0 0 0 0
54416 4023 11652    718 2014 12 22      0      0      0 0 0 0
54416 4023 11652    718 2014 12 23      0      0      0 0 0 0
54416 4023 11652    718 2014 12 24      0      0      0 0 0 0
54416 4023 11652    718 2014 12 25      0      0      0 0 0 0
54416 4023 11652    718 2014 12 26      0      0      0 0 0 0
54416 4023 11652    718 2014 12 27      0      0      0 0 0 0
54416 4023 11652    718 2014 12 28      0      0      0 0 0 0
54416 4023 11652    718 2014 12 29      0      0      0 0 0 0
54416 4023 11652    718 2014 12 30      0      0      0 0 0 0
54416 4023 11652    718 2014 12 31      0      0      0 0 0 0
54416 4023 11652    718 2015  1  1      0      0      0 0 0 0
54416 4023 11652    718 2015  1  2      0      0      0 0 0 0
54416 4023 11652    718 2015  1  3      0      0      0 0 0 0
54416 4023 11652    718 2015  1  4      0      0      0 0 0 0
54416 4023 11652    718 2015  1  5      0      0      0 0 0 0
54416 4023 11652    718 2015  1  6      0      0      0 0 0 0
54416 4023 11652    718 2015  1  7      0      0      0 0 0 0
54416 4023 11652    718 2015  1  8      0      0      0 0 0 0
54416 4023 11652    718 2015  1  9      0      0      0 0 0 0
54416 4023 11652    718 2015  1 10      0      0      0 0 0 0
54416 4023 11652    718 2015  1 11      0      0      0 0 0 0
54416 4023 11652    718 2015  1 12      0      0      0 0 0 0
54416 4023 11652    718 2015  1 13      0      0      0 0 0 0
54416 4023 11652    718 2015  1 14      0      0      0 0 0 0
54416 4023 11652    718 2015  1 15      0      0      0 0 0 0
54416 4023 11652    718 2015  1 16      0      0      0 0 0 0
54416 4023 11652    718 2015  1 17      0      0      0 0 0 0
54416 4023 11652    718 2015  1 18      0      0      0 0 0 0
54416 4023 11652    718 2015  1 19      0      0      0 0 0 0
54416 4023 11652    718 2015  1 20      0      0      0 0 0 0
54416 4023 11652    718 2015  1 21      0      0      0 0 0 0
54416 4023 11652    718 2015  1 22      0      0      0 0 0 0
54416 4023 11652    718 2015  1 23      0      0      0 0 0 0
54416 4023 11652    718 2015  1 24      0  32700  32700 0 0 0
54416 4023 11652    718 2015  1 25      4  32700      4 0 0 0
54416 4023 11652    718 2015  1 26      0      0      0 0 0 0
54416 4023 11652    718 2015  1 27      0      0      0 0 0 0
54416 4023 11652    718 2015  1 28      0      0      0 0 0 0
54416 4023 11652    718 2015  1 29      0      0      0 0 0 0
54416 4023 11652    718 2015  1 30      0      0      0 0 0 0
54416 4023 11652    718 2015  1 31      0      0      0 0 0 0
54416 4023 11652    718 2015  2  1      0      0      0 9 9 9
54416 4023 11652    718 2015  2  2      0      0      0 9 9 9
54416 4023 11652    718 2015  2  3      0      0      0 9 9 9
54416 4023 11652    718 2015  2  4      0      0      0 9 9 9
54416 4023 11652    718 2015  2  5      0      0      0 9 9 9
54416 4023 11652    718 2015  2  6      0      0      0 9 9 9
54416 4023 11652    718 2015  2  7      0      0      0 9 9 9
54416 4023 11652    718 2015  2  8      0      0      0 9 9 9
54416 4023 11652    718 2015  2  9      0      0      0 9 9 9
54416 4023 11652    718 2015  2 10      0      0      0 9 9 9
54416 4023 11652    718 2015  2 11      0      0      0 9 9 9
54416 4023 11652    718 2015  2 12      0      0      0 9 9 9
54416 4023 11652    718 2015  2 13      0      0      0 9 9 9
54416 4023 11652    718 2015  2 14      0      0      0 9 9 9
54416 4023 11652    718 2015  2 15      0      0      0 9 9 9
54416 4023 11652    718 2015  2 16      0      0      0 9 9 9
54416 4023 11652    718 2015  2 17      0      0      0 9 9 9
54416 4023 11652    718 2015  2 18      0      0      0 9 9 9
54416 4023 11652    718 2015  2 19      0      0      0 9 9 9
54416 4023 11652    718 2015  2 20      8     14     22 9 9 9
54416 4023 11652    718 2015  2 21     27      2     29 9 9 9
54416 4023 11652    718 2015  2 22      0      0      0 9 9 9
54416 4023 11652    718 2015  2 23      0      0      0 9 9 9
54416 4023 11652    718 2015  2 24      0      0      0 9 9 9
54416 4023 11652    718 2015  2 25      0      0      0 9 9 9
54416 4023 11652    718 2015  2 26      0      0      0 9 9 9
54416 4023 11652    718 2015  2 27      0      0      0 9 9 9
54416 4023 11652    718 2015  2 28     10      8     18 9 9 9
54416 4023 11652    718 2015  3  1      0      0      0 0 0 0
54416 4023 11652    718 2015  3  2      0      0      0 0 0 0
54416 4023 11652    718 2015  3  3      0      0      0 0 0 0
54416 4023 11652    718 2015  3  4      0      0      0 0 0 0
54416 4023 11652    718 2015  3  5      0      0      0 0 0 0
54416 4023 11652    718 2015  3  6      0      0      0 0 0 0
54416 4023 11652    718 2015  3  7      0      0      0 0 0 0
54416 4023 11652    718 2015  3  8      0      0      0 0 0 0
54416 4023 11652    718 2015  3  9      0      0      0 0 0 0
54416 4023 11652    718 2015  3 10      0      0      0 0 0 0
54416 4023 11652    718 2015  3 11      0      0      0 0 0 0
54416 4023 11652    718 2015  3 12      0      0      0 0 0 0
54416 4023 11652    718 2015  3 13      0      0      0 0 0 0
54416 4023 11652    718 2015  3 14      0      0      0 0 0 0
54416 4023 11652    718 2015  3 15      0      0      0 0 0 0
54416 4023 11652    718 2015  3 16      0      0      0 0 0 0
54416 4023 11652    718 2015  3 17      0      0      0 0 0 0
54416 4023 11652    718 2015  3 18      0      0      0 0 0 0
54416 4023 11652    718 2015  3 19      0      0      0 0 0 0
54416 4023 11652    718 2015  3 20      0      0      0 0 0 0
54416 4023 11652    718 2015  3 21      0      0      0 0 0 0
54416 4023 11652    718 2015  3 22      0      0      0 0 0 0
54416 4023 11652    718 2015  3 23      0      0      0 0 0 0
54416 4023 11652    718 2015  3 24      0      0      0 0 0 0
54416 4023 11652    718 2015  3 25      0      0      0 0 0 0
54416 4023 11652    718 2015  3 26      0      0      0 0 0 0
54416 4023 11652    718 2015  3 27      0      0      0 0 0 0
54416 4023 11652    718 2015  3 28      0      0      0 0 0 0
54416 4023 11652    718 2015  3 29      0      0      0 0 0 0
54416 4023 11652    718 2015  3 30      0      0      0 0 0 0
54416 4023 11652    718 2015  3 31      4     10     14 0 0 0
54416 4023 11652    718 2015  4  1      0  32700  32700 0 0 0
54416 4023 11652    718 2015  4  2    139      7    146 0 0 0
54416 4023 11652    718 2015  4  3      0      0      0 0 0 0
54416 4023 11652    718 2015  4  4      0      0      0 0 0 0
54416 4023 11652    718 2015  4  5      0      0      0 0 0 0
54416 4023 11652    718 2015  4  6      0      0      0 0 0 0
54416 4023 11652    718 2015  4  7      0      0      0 0 0 0
54416 4023 11652    718 2015  4  8      0      0      0 0 0 0
54416 4023 11652    718 2015  4  9      0  32700  32700 0 0 0
54416 4023 11652    718 2015  4 10      0  32700  32700 0 0 0
54416 4023 11652    718 2015  4 11      3    109    112 0 0 0
54416 4023 11652    718 2015  4 12    129  32700    129 0 0 0
54416 4023 11652    718 2015  4 13  32700      0  32700 0 0 0
54416 4023 11652    718 2015  4 14      0      0      0 0 0 0
54416 4023 11652    718 2015  4 15      0      0      0 0 0 0
54416 4023 11652    718 2015  4 16      0      0      0 0 0 0
54416 4023 11652    718 2015  4 17      0      0      0 0 0 0
54416 4023 11652    718 2015  4 18      0      0      0 0 0 0
54416 4023 11652    718 2015  4 19      0      0      0 0 0 0
54416 4023 11652    718 2015  4 20      0      0      0 0 0 0
54416 4023 11652    718 2015  4 21      0      0      0 0 0 0
54416 4023 11652    718 2015  4 22      0      0      0 0 0 0
54416 4023 11652    718 2015  4 23      0      0      0 0 0 0
54416 4023 11652    718 2015  4 24      0      0      0 0 0 0
54416 4023 11652    718 2015  4 25      0      0      0 0 0 0
54416 4023 11652    718 2015  4 26      0      0      0 0 0 0
54416 4023 11652    718 2015  4 27      0     46     46 0 0 0
54416 4023 11652    718 2015  4 28      0  32700  32700 0 0 0
54416 4023 11652    718 2015  4 29      0      0      0 0 0 0
54416 4023 11652    718 2015  4 30      0      0      0 0 0 0
54416 4023 11652    718 2015  5  1      0     24     24 0 0 0
54416 4023 11652    718 2015  5  2     10      0     10 0 0 0
54416 4023 11652    718 2015  5  3      0      0      0 0 0 0
54416 4023 11652    718 2015  5  4      0      0      0 0 0 0
54416 4023 11652    718 2015  5  5      0      0      0 0 0 0
54416 4023 11652    718 2015  5  6      0      0      0 0 0 0
54416 4023 11652    718 2015  5  7      0  32700  32700 0 0 0
54416 4023 11652    718 2015  5  8  32700  32700  32700 0 0 0
54416 4023 11652    718 2015  5  9  32700  32700  32700 0 0 0
54416 4023 11652    718 2015  5 10      0    284    284 0 0 0
54416 4023 11652    718 2015  5 11      3  32700      3 0 0 0
54416 4023 11652    718 2015  5 12      0      0      0 0 0 0
54416 4023 11652    718 2015  5 13      0      0      0 0 0 0
54416 4023 11652    718 2015  5 14      0      0      0 0 0 0
54416 4023 11652    718 2015  5 15  32700  32700  32700 0 0 0
54416 4023 11652    718 2015  5 16      0      0      0 0 0 0
54416 4023 11652    718 2015  5 17      0      2      2 0 0 0
54416 4023 11652    718 2015  5 18     14      0     14 0 0 0
54416 4023 11652    718 2015  5 19      0      0      0 0 0 0
54416 4023 11652    718 2015  5 20      0      0      0 0 0 0
54416 4023 11652    718 2015  5 21      0      0      0 0 0 0
54416 4023 11652    718 2015  5 22      0      0      0 0 0 0
54416 4023 11652    718 2015  5 23      0      0      0 0 0 0
54416 4023 11652    718 2015  5 24      0      0      0 0 0 0
54416 4023 11652    718 2015  5 25      0      0      0 0 0 0
54416 4023 11652    718 2015  5 26      0      0      0 0 0 0
54416 4023 11652    718 2015  5 27      0      0      0 0 0 0
54416 4023 11652    718 2015  5 28      0  32700  32700 0 0 0
54416 4023 11652    718 2015  5 29  32700      0  32700 0 0 0
54416 4023 11652    718 2015  5 30      0      0      0 0 0 0
54416 4023 11652    718 2015  5 31      0  32700  32700 0 0 0
54416 4023 11652    718 2015  6  1      0      0      0 0 0 0
54416 4023 11652    718 2015  6  2      0      0      0 0 0 0
54416 4023 11652    718 2015  6  3      0      0      0 0 0 0
54416 4023 11652    718 2015  6  4  32700     56     56 0 0 0
54416 4023 11652    718 2015  6  5     13     50     63 0 0 0
54416 4023 11652    718 2015  6  6      2     22     24 0 0 0
54416 4023 11652    718 2015  6  7      0      0      0 0 0 0
54416 4023 11652    718 2015  6  8      0  32700  32700 0 0 0
54416 4023 11652    718 2015  6  9  32700  32700  32700 0 0 0
54416 4023 11652    718 2015  6 10     18     31     49 0 0 0
54416 4023 11652    718 2015  6 11    116      0    116 0 0 0
54416 4023 11652    718 2015  6 12      0      0      0 0 0 0
54416 4023 11652    718 2015  6 13     44     12     56 0 0 0
54416 4023 11652    718 2015  6 14      2      0      2 0 0 0
54416 4023 11652    718 2015  6 15      0      0      0 0 0 0
54416 4023 11652    718 2015  6 16      0      3      3 0 0 0
54416 4023 11652    718 2015  6 17  32700     97     97 0 0 0
54416 4023 11652    718 2015  6 18      0      0      0 0 0 0
54416 4023 11652    718 2015  6 19     31      4     35 0 0 0
54416 4023 11652    718 2015  6 20      0      0      0 0 0 0
54416 4023 11652    718 2015  6 21      0      0      0 0 0 0
54416 4023 11652    718 2015  6 22      0      0      0 0 0 0
54416 4023 11652    718 2015  6 23      0      0      0 0 0 0
54416 4023 11652    718 2015  6 24      0  32700  32700 0 0 0
54416 4023 11652    718 2015  6 25      0  32700  32700 0 0 0
54416 4023 11652    718 2015  6 26    111     19    130 0 0 0
54416 4023 11652    718 2015  6 27     19      0     19 0 0 0
54416 4023 11652    718 2015  6 28      0      0      0 0 0 0
54416 4023 11652    718 2015  6 29      0     10     10 0 0 0
54416 4023 11652    718 2015  6 30  32700  32700  32700 0 0 0
54416 4023 11652    718 2015  7  1      0  32700  32700 0 0 0
54416 4023 11652    718 2015  7  2      0      0      0 0 0 0
54416 4023 11652    718 2015  7  3      0      0      0 0 0 0
54416 4023 11652    718 2015  7  4      3      3      6 0 0 0
54416 4023 11652    718 2015  7  5      0      0      0 0 0 0
54416 4023 11652    718 2015  7  6      0      0      0 0 0 0
54416 4023 11652    718 2015  7  7      0      0      0 0 0 0
54416 4023 11652    718 2015  7  8      0      0      0 0 0 0
54416 4023 11652    718 2015  7  9      0      0      0 0 0 0
54416 4023 11652    718 2015  7 10      0      0      0 0 0 0
54416 4023 11652    718 2015  7 11      0      0      0 0 0 0
54416 4023 11652    718 2015  7 12      0  32700  32700 0 0 0
54416 4023 11652    718 2015  7 13      0      0      0 0 0 0
54416 4023 11652    718 2015  7 14     20      0     20 0 0 0
54416 4023 11652    718 2015  7 15      0      0      0 0 0 0
54416 4023 11652    718 2015  7 16    148     20    168 0 0 0
54416 4023 11652    718 2015  7 17    441      1    442 0 0 0
54416 4023 11652    718 2015  7 18     96      1     97 0 0 0
54416 4023 11652    718 2015  7 19    373     71    444 0 0 0
54416 4023 11652    718 2015  7 20     99  32700     99 0 0 0
54416 4023 11652    718 2015  7 21     89      0     89 0 0 0
54416 4023 11652    718 2015  7 22    191      0    191 0 0 0
54416 4023 11652    718 2015  7 23      7      0      7 0 0 0
54416 4023 11652    718 2015  7 24      0      0      0 0 0 0
54416 4023 11652    718 2015  7 25      0      0      0 0 0 0
54416 4023 11652    718 2015  7 26      0      0      0 0 0 0
54416 4023 11652    718 2015  7 27      0     94     94 0 0 0
54416 4023 11652    718 2015  7 28    440      1    441 0 0 0
54416 4023 11652    718 2015  7 29      0      0      0 0 0 0
54416 4023 11652    718 2015  7 30     18    106    124 0 0 0
54416 4023 11652    718 2015  7 31  32700      0  32700 0 0 0
54416 4023 11652    718 2015  8  1      0      1      1 0 0 0
54416 4023 11652    718 2015  8  2     45      0     45 0 0 0
54416 4023 11652    718 2015  8  3      0      1      1 0 0 0
54416 4023 11652    718 2015  8  4      0      0      0 0 0 0
54416 4023 11652    718 2015  8  5      0      0      0 0 0 0
54416 4023 11652    718 2015  8  6    177      0    177 0 0 0
54416 4023 11652    718 2015  8  7      0     58     58 0 0 0
54416 4023 11652    718 2015  8  8     42      0     42 0 0 0
54416 4023 11652    718 2015  8  9      0      0      0 0 0 0
54416 4023 11652    718 2015  8 10      0      0      0 0 0 0
54416 4023 11652    718 2015  8 11      0      0      0 0 0 0
54416 4023 11652    718 2015  8 12      0      0      0 0 0 0
54416 4023 11652    718 2015  8 13      0      0      0 0 0 0
54416 4023 11652    718 2015  8 14      0      0      0 0 0 0
54416 4023 11652    718 2015  8 15      0      0      0 0 0 0
54416 4023 11652    718 2015  8 16      0      0      0 0 0 0
54416 4023 11652    718 2015  8 17      0      0      0 0 0 0
54416 4023 11652    718 2015  8 18  32700      0  32700 0 0 0
54416 4023 11652    718 2015  8 19     11      1     12 0 0 0
54416 4023 11652    718 2015  8 20      0      0      0 0 0 0
54416 4023 11652    718 2015  8 21      0      0      0 0 0 0
54416 4023 11652    718 2015  8 22      0      0      0 0 0 0
54416 4023 11652    718 2015  8 23    101      1    102 0 0 0
54416 4023 11652    718 2015  8 24      0      0      0 0 0 0
54416 4023 11652    718 2015  8 25      0     11     11 0 0 0
54416 4023 11652    718 2015  8 26      0      0      0 0 0 0
54416 4023 11652    718 2015  8 27      0      0      0 0 0 0
54416 4023 11652    718 2015  8 28      0      0      0 0 0 0
54416 4023 11652    718 2015  8 29  32700      0  32700 0 0 0
54416 4023 11652    718 2015  8 30  32700    135    135 0 0 0
54416 4023 11652    718 2015  8 31  32700    237    237 0 0 0
54416 4023 11652    718 2015  9  1     90     18    108 0 0 0
54416 4023 11652    718 2015  9  2      0      0      0 0 0 0
54416 4023 11652    718 2015  9  3      0      0      0 0 0 0
54416 4023 11652    718 2015  9  4      0    237    237 0 0 0
54416 4023 11652    718 2015  9  5     55     31     86 0 0 0
54416 4023 11652    718 2015  9  6      2      0      2 0 0 0
54416 4023 11652    718 2015  9  7      0      0      0 0 0 0
54416 4023 11652    718 2015  9  8      0      0      0 0 0 0
54416 4023 11652    718 2015  9  9      0      0      0 0 0 0
54416 4023 11652    718 2015  9 10  32700     46     46 0 0 0
54416 4023 11652    718 2015  9 11      9     22     31 0 0 0
54416 4023 11652    718 2015  9 12      0      0      0 0 0 0
54416 4023 11652    718 2015  9 13      0      0      0 0 0 0
54416 4023 11652    718 2015  9 14      0      0      0 0 0 0
54416 4023 11652    718 2015  9 15      0      0      0 0 0 0
54416 4023 11652    718 2015  9 16      0      0      0 0 0 0
54416 4023 11652    718 2015  9 17      0      0      0 0 0 0
54416 4023 11652    718 2015  9 18     15      0     15 0 0 0
54416 4023 11652    718 2015  9 19      0      0      0 0 0 0
54416 4023 11652    718 2015  9 20      0      0      0 0 0 0
54416 4023 11652    718 2015  9 21      0      0      0 0 0 0
54416 4023 11652    718 2015  9 22      0     68     68 0 0 0
54416 4023 11652    718 2015  9 23      0      0      0 0 0 0
54416 4023 11652    718 2015  9 24      0    298    298 0 0 0
54416 4023 11652    718 2015  9 25     18      0     18 0 0 0
54416 4023 11652    718 2015  9 26      0      0      0 0 0 0
54416 4023 11652    718 2015  9 27      0      0      0 0 0 0
54416 4023 11652    718 2015  9 28      5      4      9 0 0 0
54416 4023 11652    718 2015  9 29      2     29     31 0 0 0
54416 4023 11652    718 2015  9 30     10     83     93 0 0 0
54416 4023 11652    718 2015 10  1     40      0     40 0 0 0
54416 4023 11652    718 2015 10  2      0      0      0 0 0 0
54416 4023 11652    718 2015 10  3      0      0      0 0 0 0
54416 4023 11652    718 2015 10  4      0      0      0 0 0 0
54416 4023 11652    718 2015 10  5      0      0      0 0 0 0
54416 4023 11652    718 2015 10  6      0      0      0 0 0 0
54416 4023 11652    718 2015 10  7      0      0      0 0 0 0
54416 4023 11652    718 2015 10  8      0      0      0 0 0 0
54416 4023 11652    718 2015 10  9      0      0      0 0 0 0
54416 4023 11652    718 2015 10 10      0      0      0 0 0 0
54416 4023 11652    718 2015 10 11      0      0      0 0 0 0
54416 4023 11652    718 2015 10 12      0      0      0 0 0 0
54416 4023 11652    718 2015 10 13      0      0      0 0 0 0
54416 4023 11652    718 2015 10 14      0      0      0 0 0 0
54416 4023 11652    718 2015 10 15      0      0      0 0 0 0
54416 4023 11652    718 2015 10 16      0      0      0 0 0 0
54416 4023 11652    718 2015 10 17      0      0      0 0 0 0
54416 4023 11652    718 2015 10 18      0      0      0 0 0 0
54416 4023 11652    718 2015 10 19      0      0      0 0 0 0
54416 4023 11652    718 2015 10 20      0  32700  32700 0 0 0
54416 4023 11652    718 2015 10 21     11      7     18 0 0 0
54416 4023 11652    718 2015 10 22     33      1     34 0 0 0
54416 4023 11652    718 2015 10 23      0      0      0 0 0 0
54416 4023 11652    718 2015 10 24      0      0      0 0 0 0
54416 4023 11652    718 2015 10 25      0  32700  32700 0 0 0
54416 4023 11652    718 2015 10 26     24  32700     24 0 0 0
54416 4023 11652    718 2015 10 27      0      0      0 0 0 0
54416 4023 11652    718 2015 10 28      0      0      0 0 0 0
54416 4023 11652    718 2015 10 29      0      0      0 0 0 0
54416 4023 11652    718 2015 10 30      0      0      0 0 0 0
54416 4023 11652    718 2015 10 31      0      0      0 0 0 0
54416 4023 11652    718 2015 11  1      0      0      0 0 0 0
54416 4023 11652    718 2015 11  2      0      0      0 0 0 0
54416 4023 11652    718 2015 11  3      0      0      0 0 0 0
54416 4023 11652    718 2015 11  4      0      0      0 0 0 0
54416 4023 11652    718 2015 11  5  32700     10     10 0 0 0
54416 4023 11652    718 2015 11  6     45     98    143 0 0 0
54416 4023 11652    718 2015 11  7     48      5     53 0 0 0
54416 4023 11652    718 2015 11  8  32700  32700  32700 0 0 0
54416 4023 11652    718 2015 11  9      0      0      0 0 0 0
54416 4023 11652    718 2015 11 10  32700  32700  32700 0 0 0
54416 4023 11652    718 2015 11 11  32700      0  32700 0 0 0
54416 4023 11652    718 2015 11 12  32700      0  32700 0 0 0
54416 4023 11652    718 2015 11 13      0      0      0 0 0 0
54416 4023 11652    718 2015 11 14      0      0      0 0 0 0
54416 4023 11652    718 2015 11 15      0      0      0 0 0 0
54416 4023 11652    718 2015 11 16     27      0     27 0 0 0
54416 4023 11652    718 2015 11 17      0      0      0 0 0 0
54416 4023 11652    718 2015 11 18      0      0      0 0 0 0
54416 4023 11652    718 2015 11 19      3     50     53 0 0 0
54416 4023 11652    718 2015 11 20     37     20     57 0 0 0
54416 4023 11652    718 2015 11 21     33     22     55 0 0 0
54416 4023 11652    718 2015 11 22  32700     63     63 0 0 0
54416 4023 11652    718 2015 11 23  32700      0  32700 0 0 0
54416 4023 11652    718 2015 11 24      0  32700  32700 0 0 0
54416 4023 11652    718 2015 11 25      0      0      0 0 0 0
54416 4023 11652    718 2015 11 26      0      0      0 0 0 0
54416 4023 11652    718 2015 11 27      0      0      0 0 0 0
54416 4023 11652    718 2015 11 28      0  32700  32700 0 0 0
54416 4023 11652    718 2015 11 29      0      0      0 0 0 0
54416 4023 11652    718 2015 11 30      0      0      0 0 0 0
54416 4023 11652    718 2015 12  1      0  32700  32700 0 0 0
54416 4023 11652    718 2015 12  2      0      0      0 0 0 0
54416 4023 11652    718 2015 12  3      0      0      0 0 0 0
54416 4023 11652    718 2015 12  4      0      0      0 0 0 0
54416 4023 11652    718 2015 12  5      0      0      0 0 0 0
54416 4023 11652    718 2015 12  6      0      0      0 0 0 0
54416 4023 11652    718 2015 12  7      0      0      0 0 0 0
54416 4023 11652    718 2015 12  8      0      0      0 0 0 0
54416 4023 11652    718 2015 12  9      6      0      6 0 0 0
54416 4023 11652    718 2015 12 10      0      0      0 0 0 0
54416 4023 11652    718 2015 12 11      0      0      0 0 0 0
54416 4023 11652    718 2015 12 12      0      0      0 0 0 0
54416 4023 11652    718 2015 12 13      0      0      0 0 0 0
54416 4023 11652    718 2015 12 14     12      0     12 0 0 0
54416 4023 11652    718 2015 12 15      0      0      0 0 0 0
54416 4023 11652    718 2015 12 16      0      0      0 0 0 0
54416 4023 11652    718 2015 12 17      0      0      0 0 0 0
54416 4023 11652    718 2015 12 18      0      0      0 0 0 0
54416 4023 11652    718 2015 12 19      0      0      0 0 0 0
54416 4023 11652    718 2015 12 20      0      0      0 0 0 0
54416 4023 11652    718 2015 12 21      0      0      0 0 0 0
54416 4023 11652    718 2015 12 22      0      0      0 0 0 0
54416 4023 11652    718 2015 12 23      0      0      0 0 0 0
54416 4023 11652    718 2015 12 24      0      0      0 0 0 0
54416 4023 11652    718 2015 12 25  32700  32700  32700 0 0 0
54416 4023 11652    718 2015 12 26      0      0      0 0 0 0
54416 4023 11652    718 2015 12 27      0      0      0 0 0 0
54416 4023 11652    718 2015 12 28      0      0      0 0 0 0
54416 4023 11652    718 2015 12 29      0      0      0 0 0 0
54416 4023 11652    718 2015 12 30      0      0      0 0 0 0
54416 4023 11652    718 2015 12 31      0      0      0 0 0 0
54416 4023 11652    718 2016  1  1      0      0      0 0 0 0
54416 4023 11652    718 2016  1  2      0      0      0 0 0 0
54416 4023 11652    718 2016  1  3      0      0      0 0 0 0
54416 4023 11652    718 2016  1  4      0      0      0 0 0 0
54416 4023 11652    718 2016  1  5      0      0      0 0 0 0
54416 4023 11652    718 2016  1  6      0      0      0 0 0 0
54416 4023 11652    718 2016  1  7      0      0      0 0 0 0
54416 4023 11652    718 2016  1  8      0      0      0 0 0 0
54416 4023 11652    718 2016  1  9      0      0      0 0 0 0
54416 4023 11652    718 2016  1 10      0      0      0 0 0 0
54416 4023 11652    718 2016  1 11      0      0      0 0 0 0
54416 4023 11652    718 2016  1 12      0      0      0 0 0 0
54416 4023 11652    718 2016  1 13      0      0      0 0 0 0
54416 4023 11652    718 2016  1 14      0      0      0 0 0 0
54416 4023 11652    718 2016  1 15      0      0      0 0 0 0
54416 4023 11652    718 2016  1 16      0      0      0 0 0 0
54416 4023 11652    718 2016  1 17     12      0     12 0 0 0
54416 4023 11652    718 2016  1 18      0      0      0 0 0 0
54416 4023 11652    718 2016  1 19      0      0      0 0 0 0
54416 4023 11652    718 2016  1 20      0      0      0 0 0 0
54416 4023 11652    718 2016  1 21      2  32700      2 0 0 0
54416 4023 11652    718 2016  1 22      0      0      0 0 0 0
54416 4023 11652    718 2016  1 23      0      0      0 0 0 0
54416 4023 11652    718 2016  1 24      0      0      0 0 0 0
54416 4023 11652    718 2016  1 25      0      0      0 0 0 0
54416 4023 11652    718 2016  1 26      0      0      0 0 0 0
54416 4023 11652    718 2016  1 27      0      0      0 0 0 0
54416 4023 11652    718 2016  1 28      0      0      0 0 0 0
54416 4023 11652    718 2016  1 29      0      0      0 0 0 0
54416 4023 11652    718 2016  1 30      0      0      0 0 0 0
54416 4023 11652    718 2016  1 31      0      0      0 0 0 0
54416 4023 11652    718 2016  2  1      0      0      0 0 0 0
54416 4023 11652    718 2016  2  2      0      0      0 0 0 0
54416 4023 11652    718 2016  2  3      0      0      0 0 0 0
54416 4023 11652    718 2016  2  4      0      0      0 0 0 0
54416 4023 11652    718 2016  2  5      0      0      0 0 0 0
54416 4023 11652    718 2016  2  6      0      0      0 0 0 0
54416 4023 11652    718 2016  2  7      0      0      0 0 0 0
54416 4023 11652    718 2016  2  8      0      0      0 0 0 0
54416 4023 11652    718 2016  2  9      0      0      0 0 0 0
54416 4023 11652    718 2016  2 10      0      0      0 0 0 0
54416 4023 11652    718 2016  2 11  32700  32700  32700 0 0 0
54416 4023 11652    718 2016  2 12      0     41     41 0 0 0
54416 4023 11652    718 2016  2 13     87      0     87 0 0 0
54416 4023 11652    718 2016  2 14      0      0      0 0 0 0
54416 4023 11652    718 2016  2 15      0      0      0 0 0 0
54416 4023 11652    718 2016  2 16      0      0      0 0 0 0
54416 4023 11652    718 2016  2 17      0      0      0 0 0 0
54416 4023 11652    718 2016  2 18      0      0      0 0 0 0
54416 4023 11652    718 2016  2 19      0      0      0 0 0 0
54416 4023 11652    718 2016  2 20      0      0      0 0 0 0
54416 4023 11652    718 2016  2 21      0      0      0 0 0 0
54416 4023 11652    718 2016  2 22      0      0      0 0 0 0
54416 4023 11652    718 2016  2 23      0      0      0 0 0 0
54416 4023 11652    718 2016  2 24      0      0      0 0 0 0
54416 4023 11652    718 2016  2 25      0      0      0 0 0 0
54416 4023 11652    718 2016  2 26      0      0      0 0 0 0
54416 4023 11652    718 2016  2 27      0      0      0 0 0 0
54416 4023 11652    718 2016  2 28      0      0      0 0 0 0
54416 4023 11652    718 2016  2 29      0      0      0 0 0 0
54416 4023 11652    718 2016  3  1      0      0      0 0 0 0
54416 4023 11652    718 2016  3  2      0      0      0 0 0 0
54416 4023 11652    718 2016  3  3      0      0      0 0 0 0
54416 4023 11652    718 2016  3  4      0      0      0 0 0 0
54416 4023 11652    718 2016  3  5      0      0      0 0 0 0
54416 4023 11652    718 2016  3  6      0      0      0 0 0 0
54416 4023 11652    718 2016  3  7      0      0      0 0 0 0
54416 4023 11652    718 2016  3  8      0      0      0 0 0 0
54416 4023 11652    718 2016  3  9      0      0      0 0 0 0
54416 4023 11652    718 2016  3 10      0      0      0 0 0 0
54416 4023 11652    718 2016  3 11      0      0      0 0 0 0
54416 4023 11652    718 2016  3 12      0      0      0 0 0 0
54416 4023 11652    718 2016  3 13      0      0      0 0 0 0
54416 4023 11652    718 2016  3 14      0      0      0 0 0 0
54416 4023 11652    718 2016  3 15      0      0      0 0 0 0
54416 4023 11652    718 2016  3 16      0      0      0 0 0 0
54416 4023 11652    718 2016  3 17      0      0      0 0 0 0
54416 4023 11652    718 2016  3 18      0      0      0 0 0 0
54416 4023 11652    718 2016  3 19      0      0      0 0 0 0
54416 4023 11652    718 2016  3 20      0      0      0 0 0 0
54416 4023 11652    718 2016  3 21      0      0      0 0 0 0
54416 4023 11652    718 2016  3 22      0      0      0 0 0 0
54416 4023 11652    718 2016  3 23      0      0      0 0 0 0
54416 4023 11652    718 2016  3 24      0      0      0 0 0 0
54416 4023 11652    718 2016  3 25      0      0      0 0 0 0
54416 4023 11652    718 2016  3 26      0      0      0 0 0 0
54416 4023 11652    718 2016  3 27      0      0      0 0 0 0
54416 4023 11652    718 2016  3 28      0      0      0 0 0 0
54416 4023 11652    718 2016  3 29      0      0      0 0 0 0
54416 4023 11652    718 2016  3 30      0      0      0 0 0 0
54416 4023 11652    718 2016  3 31      0      0      0 0 0 0
54416 4023 11652    718 2016  4  1      3      0      3 0 0 0
54416 4023 11652    718 2016  4  2      0      0      0 0 0 0
54416 4023 11652    718 2016  4  3      0      0      0 0 0 0
54416 4023 11652    718 2016  4  4      0      0      0 0 0 0
54416 4023 11652    718 2016  4  5      0      0      0 0 0 0
54416 4023 11652    718 2016  4  6      0  32700  32700 0 0 0
54416 4023 11652    718 2016  4  7      0      0      0 0 0 0
54416 4023 11652    718 2016  4  8      0      0      0 0 0 0
54416 4023 11652    718 2016  4  9      0      0      0 0 0 0
54416 4023 11652    718 2016  4 10      0      0      0 0 0 0
54416 4023 11652    718 2016  4 11      0      0      0 0 0 0
54416 4023 11652    718 2016  4 12     22     89    111 0 0 0
54416 4023 11652    718 2016  4 13      0      0      0 0 0 0
54416 4023 11652    718 2016  4 14      0      0      0 0 0 0
54416 4023 11652    718 2016  4 15      0      0      0 0 0 0
54416 4023 11652    718 2016  4 16     13      0     13 0 0 0
54416 4023 11652    718 2016  4 17      0      0      0 0 0 0
54416 4023 11652    718 2016  4 18      0      0      0 0 0 0
54416 4023 11652    718 2016  4 19      0      0      0 0 0 0
54416 4023 11652    718 2016  4 20  32700      0  32700 0 0 0
54416 4023 11652    718 2016  4 21      0      0      0 0 0 0
54416 4023 11652    718 2016  4 22      0      0      0 0 0 0
54416 4023 11652    718 2016  4 23      0      0      0 0 0 0
54416 4023 11652    718 2016  4 24      0      0      0 0 0 0
54416 4023 11652    718 2016  4 25      0      0      0 0 0 0
54416 4023 11652    718 2016  4 26      0      0      0 0 0 0
54416 4023 11652    718 2016  4 27      0      1      1 0 0 0
54416 4023 11652    718 2016  4 28      0  32700  32700 0 0 0
54416 4023 11652    718 2016  4 29      0     19     19 0 0 0
54416 4023 11652    718 2016  4 30      0      0      0 0 0 0
54416 4023 11652    718 2016  5  1      0      0      0 0 0 0
54416 4023 11652    718 2016  5  2  32700    153    153 0 0 0
54416 4023 11652    718 2016  5  3      0      0      0 0 0 0
54416 4023 11652    718 2016  5  4      0      0      0 0 0 0
54416 4023 11652    718 2016  5  5  32700      0  32700 0 0 0
54416 4023 11652    718 2016  5  6      0      0      0 0 0 0
54416 4023 11652    718 2016  5  7      0      0      0 0 0 0
54416 4023 11652    718 2016  5  8      0      0      0 0 0 0
54416 4023 11652    718 2016  5  9      0      2      2 0 0 0
54416 4023 11652    718 2016  5 10      0      0      0 0 0 0
54416 4023 11652    718 2016  5 11      0      0      0 0 0 0
54416 4023 11652    718 2016  5 12    201      0    201 0 0 0
54416 4023 11652    718 2016  5 13      0      0      0 0 0 0
54416 4023 11652    718 2016  5 14     30     60     90 0 0 0
54416 4023 11652    718 2016  5 15      0      0      0 0 0 0
54416 4023 11652    718 2016  5 16      0      0      0 0 0 0
54416 4023 11652    718 2016  5 17      0      0      0 0 0 0
54416 4023 11652    718 2016  5 18      0      0      0 0 0 0
54416 4023 11652    718 2016  5 19      0      0      0 0 0 0
54416 4023 11652    718 2016  5 20      0      0      0 0 0 0
54416 4023 11652    718 2016  5 21      0      0      0 0 0 0
54416 4023 11652    718 2016  5 22      0      0      0 0 0 0
54416 4023 11652    718 2016  5 23      0     48     48 0 0 0
54416 4023 11652    718 2016  5 24     33      0     33 0 0 0
54416 4023 11652    718 2016  5 25      8  32700      8 0 0 0
54416 4023 11652    718 2016  5 26      0      0      0 0 0 0
54416 4023 11652    718 2016  5 27      0      0      0 0 0 0
54416 4023 11652    718 2016  5 28      0      0      0 0 0 0
54416 4023 11652    718 2016  5 29      0      0      0 0 0 0
54416 4023 11652    718 2016  5 30      0      0      0 0 0 0
54416 4023 11652    718 2016  5 31      0      0      0 0 0 0
54416 4023 11652    718 2016  6  1      0      0      0 0 0 0
54416 4023 11652    718 2016  6  2      0      0      0 0 0 0
54416 4023 11652    718 2016  6  3      0      0      0 0 0 0
54416 4023 11652    718 2016  6  4      0      0      0 0 0 0
54416 4023 11652    718 2016  6  5      0      0      0 0 0 0
54416 4023 11652    718 2016  6  6      0     10     10 0 0 0
54416 4023 11652    718 2016  6  7      2      0      2 0 0 0
54416 4023 11652    718 2016  6  8      0      0      0 0 0 0
54416 4023 11652    718 2016  6  9      0      0      0 0 0 0
54416 4023 11652    718 2016  6 10    104      0    104 0 0 0
54416 4023 11652    718 2016  6 11      0      0      0 0 0 0
54416 4023 11652    718 2016  6 12      0      0      0 0 0 0
54416 4023 11652    718 2016  6 13    151     56    207 0 0 0
54416 4023 11652    718 2016  6 14     10      5     15 0 0 0
54416 4023 11652    718 2016  6 15      0      0      0 0 0 0
54416 4023 11652    718 2016  6 16  32700      0  32700 0 0 0
54416 4023 11652    718 2016  6 17      0      0      0 0 0 0
54416 4023 11652    718 2016  6 18      0      0      0 0 0 0
54416 4023 11652    718 2016  6 19      0      0      0 0 0 0
54416 4023 11652    718 2016  6 20      0     26     26 0 0 0
54416 4023 11652    718 2016  6 21      1     71     72 0 0 0
54416 4023 11652    718 2016  6 22      1      2      3 0 0 0
54416 4023 11652    718 2016  6 23  32700  32700  32700 0 0 0
54416 4023 11652    718 2016  6 24  32700  32700  32700 0 0 0
54416 4023 11652    718 2016  6 25      0      0      0 0 0 0
54416 4023 11652    718 2016  6 26      0      0      0 0 0 0
54416 4023 11652    718 2016  6 27      0     68     68 0 0 0
54416 4023 11652    718 2016  6 28    208    227    435 0 0 0
54416 4023 11652    718 2016  6 29     11      4     15 0 0 0
54416 4023 11652    718 2016  6 30     18      0     18 0 0 0
54416 4023 11652    718 2016  7  1      0      0      0 0 0 0
54416 4023 11652    718 2016  7  2      0      0      0 0 0 0
54416 4023 11652    718 2016  7  3      0      0      0 0 0 0
54416 4023 11652    718 2016  7  4      0      0      0 0 0 0
54416 4023 11652    718 2016  7  5      0      0      0 0 0 0
54416 4023 11652    718 2016  7  6      0      0      0 0 0 0
54416 4023 11652    718 2016  7  7      0      0      0 0 0 0
54416 4023 11652    718 2016  7  8  32700      0  32700 0 0 0
54416 4023 11652    718 2016  7  9      0      0      0 0 0 0
54416 4023 11652    718 2016  7 10      0      0      0 0 0 0
54416 4023 11652    718 2016  7 11      0      0      0 0 0 0
54416 4023 11652    718 2016  7 12  32700     20     20 0 0 0
54416 4023 11652    718 2016  7 13      0      0      0 0 0 0
54416 4023 11652    718 2016  7 14      0     13     13 0 0 0
54416 4023 11652    718 2016  7 15     80      4     84 0 0 0
54416 4023 11652    718 2016  7 16      0      0      0 0 0 0
54416 4023 11652    718 2016  7 17      3      0      3 0 0 0
54416 4023 11652    718 2016  7 18      0      0      0 0 0 0
54416 4023 11652    718 2016  7 19      0     17     17 0 0 0
54416 4023 11652    718 2016  7 20     47   1245   1292 0 0 0
54416 4023 11652    718 2016  7 21    296     17    313 0 0 0
54416 4023 11652    718 2016  7 22    116      7    123 0 0 0
54416 4023 11652    718 2016  7 23      0      0      0 0 0 0
54416 4023 11652    718 2016  7 24     23      0     23 0 0 0
54416 4023 11652    718 2016  7 25    201  32700    201 0 0 0
54416 4023 11652    718 2016  7 26      0      0      0 0 0 0
54416 4023 11652    718 2016  7 27      0  32700  32700 0 0 0
54416 4023 11652    718 2016  7 28     74  32700     74 0 0 0
54416 4023 11652    718 2016  7 29      0      0      0 0 0 0
54416 4023 11652    718 2016  7 30      0     31     31 0 0 0
54416 4023 11652    718 2016  7 31    175      2    177 0 0 0
54416 4023 11652    718 2016  8  1      0      0      0 0 0 0
54416 4023 11652    718 2016  8  2      0      0      0 0 0 0
54416 4023 11652    718 2016  8  3      0      0      0 0 0 0
54416 4023 11652    718 2016  8  4      0      0      0 0 0 0
54416 4023 11652    718 2016  8  5      0      0      0 0 0 0
54416 4023 11652    718 2016  8  6      0      0      0 0 0 0
54416 4023 11652    718 2016  8  7    350      2    352 0 0 0
54416 4023 11652    718 2016  8  8      0      0      0 0 0 0
54416 4023 11652    718 2016  8  9      0      0      0 0 0 0
54416 4023 11652    718 2016  8 10      0      0      0 0 0 0
54416 4023 11652    718 2016  8 11      0  32700  32700 0 0 0
54416 4023 11652    718 2016  8 12  32700    286    286 0 0 0
54416 4023 11652    718 2016  8 13      0  32700  32700 0 0 0
54416 4023 11652    718 2016  8 14      0      0      0 0 0 0
54416 4023 11652    718 2016  8 15      1     10     11 0 0 0
54416 4023 11652    718 2016  8 16      0      0      0 0 0 0
54416 4023 11652    718 2016  8 17      0  32700  32700 0 0 0
54416 4023 11652    718 2016  8 18     37     69    106 0 0 0
54416 4023 11652    718 2016  8 19      1      0      1 0 0 0
54416 4023 11652    718 2016  8 20      0      0      0 0 0 0
54416 4023 11652    718 2016  8 21      0      0      0 0 0 0
54416 4023 11652    718 2016  8 22      0      0      0 0 0 0
54416 4023 11652    718 2016  8 23      0  32700  32700 0 0 0
54416 4023 11652    718 2016  8 24      0      0      0 0 0 0
54416 4023 11652    718 2016  8 25  32700      0  32700 0 0 0
54416 4023 11652    718 2016  8 26      0      0      0 0 0 0
54416 4023 11652    718 2016  8 27      0  32700  32700 0 0 0
54416 4023 11652    718 2016  8 28      0      0      0 0 0 0
54416 4023 11652    718 2016  8 29      0      0      0 0 0 0
54416 4023 11652    718 2016  8 30      0      0      0 0 0 0
54416 4023 11652    718 2016  8 31      0      0      0 0 0 0
54416 4023 11652    718 2016  9  1      0  32700  32700 0 0 0
54416 4023 11652    718 2016  9  2  32700  32700  32700 0 0 0
54416 4023 11652    718 2016  9  3      6      0      6 0 0 0
54416 4023 11652    718 2016  9  4      0      0      0 0 0 0
54416 4023 11652    718 2016  9  5    473      0    473 0 0 0
54416 4023 11652    718 2016  9  6      0      0      0 0 0 0
54416 4023 11652    718 2016  9  7      0  32700  32700 0 0 0
54416 4023 11652    718 2016  9  8      0      0      0 0 0 0
54416 4023 11652    718 2016  9  9      0      0      0 0 0 0
54416 4023 11652    718 2016  9 10      0      0      0 0 0 0
54416 4023 11652    718 2016  9 11    484      1    485 0 0 0
54416 4023 11652    718 2016  9 12      0      0      0 0 0 0
54416 4023 11652    718 2016  9 13     25      0     25 0 0 0
54416 4023 11652    718 2016  9 14      0      0      0 0 0 0
54416 4023 11652    718 2016  9 15      0      0      0 0 0 0
54416 4023 11652    718 2016  9 16      0     37     37 0 0 0
54416 4023 11652    718 2016  9 17      1  32700      1 0 0 0
54416 4023 11652    718 2016  9 18     50      3     53 0 0 0
54416 4023 11652    718 2016  9 19      0      0      0 0 0 0
54416 4023 11652    718 2016  9 20      0      0      0 0 0 0
54416 4023 11652    718 2016  9 21      4      5      9 0 0 0
54416 4023 11652    718 2016  9 22      0  32700  32700 0 0 0
54416 4023 11652    718 2016  9 23      5      0      5 0 0 0
54416 4023 11652    718 2016  9 24    102      0    102 0 0 0
54416 4023 11652    718 2016  9 25      0      0      0 0 0 0
54416 4023 11652    718 2016  9 26     34     12     46 0 0 0
54416 4023 11652    718 2016  9 27      1      0      1 0 0 0
54416 4023 11652    718 2016  9 28      0      0      0 0 0 0
54416 4023 11652    718 2016  9 29      0      0      0 0 0 0
54416 4023 11652    718 2016  9 30      0      0      0 0 0 0
54416 4023 11652    718 2016 10  1      0      0      0 0 0 0
54416 4023 11652    718 2016 10  2      0      0      0 0 0 0
54416 4023 11652    718 2016 10  3      0      0      0 0 0 0
54416 4023 11652    718 2016 10  4     10     60     70 0 0 0
54416 4023 11652    718 2016 10  5  32700      0  32700 0 0 0
54416 4023 11652    718 2016 10  6      0     21     21 0 0 0
54416 4023 11652    718 2016 10  7    158     66    224 0 0 0
54416 4023 11652    718 2016 10  8      1      0      1 0 0 0
54416 4023 11652    718 2016 10  9      0      0      0 0 0 0
54416 4023 11652    718 2016 10 10      0      0      0 0 0 0
54416 4023 11652    718 2016 10 11      0      0      0 0 0 0
54416 4023 11652    718 2016 10 12  32700      0  32700 0 0 0
54416 4023 11652    718 2016 10 13      0      0      0 0 0 0
54416 4023 11652    718 2016 10 14      0      0      0 0 0 0
54416 4023 11652    718 2016 10 15      0      3      3 0 0 0
54416 4023 11652    718 2016 10 16      2      0      2 0 0 0
54416 4023 11652    718 2016 10 17      0      0      0 0 0 0
54416 4023 11652    718 2016 10 18      0      0      0 0 0 0
54416 4023 11652    718 2016 10 19      0      0      0 0 0 0
54416 4023 11652    718 2016 10 20      0     47     47 0 0 0
54416 4023 11652    718 2016 10 21     15     95    110 0 0 0
54416 4023 11652    718 2016 10 22      1      0      1 0 0 0
54416 4023 11652    718 2016 10 23      0      0      0 0 0 0
54416 4023 11652    718 2016 10 24      0  32700  32700 0 0 0
54416 4023 11652    718 2016 10 25      0      0      0 0 0 0
54416 4023 11652    718 2016 10 26      0      0      0 0 0 0
54416 4023 11652    718 2016 10 27  32700    106    106 0 0 0
54416 4023 11652    718 2016 10 28      3      0      3 0 0 0
54416 4023 11652    718 2016 10 29      0      0      0 0 0 0
54416 4023 11652    718 2016 10 30      0      0      0 0 0 0
54416 4023 11652    718 2016 10 31      0      0      0 0 0 0
54416 4023 11652    718 2016 11  1      0      0      0 0 0 0
54416 4023 11652    718 2016 11  2      0      0      0 0 0 0
54416 4023 11652    718 2016 11  3      0      0      0 0 0 0
54416 4023 11652    718 2016 11  4      0      0      0 0 0 0
54416 4023 11652    718 2016 11  5      0      0      0 0 0 0
54416 4023 11652    718 2016 11  6      0      0      0 0 0 0
54416 4023 11652    718 2016 11  7  32700      0  32700 0 0 0
54416 4023 11652    718 2016 11  8      0      0      0 0 0 0
54416 4023 11652    718 2016 11  9      0      0      0 0 0 0
54416 4023 11652    718 2016 11 10      0      6      6 0 0 0
54416 4023 11652    718 2016 11 11      0      0      0 0 0 0
54416 4023 11652    718 2016 11 12      0      0      0 0 0 0
54416 4023 11652    718 2016 11 13  32700      0  32700 0 0 0
54416 4023 11652    718 2016 11 14      0      0      0 0 0 0
54416 4023 11652    718 2016 11 15      0      0      0 0 0 0
54416 4023 11652    718 2016 11 16      0      0      0 0 0 0
54416 4023 11652    718 2016 11 17      0      0      0 0 0 0
54416 4023 11652    718 2016 11 18  32700  32700  32700 0 0 0
54416 4023 11652    718 2016 11 19      5      0      5 0 0 0
54416 4023 11652    718 2016 11 20     50     94    144 0 0 0
54416 4023 11652    718 2016 11 21     23      3     26 0 0 0
54416 4023 11652    718 2016 11 22      0      0      0 0 0 0
54416 4023 11652    718 2016 11 23      0      0      0 0 0 0
54416 4023 11652    718 2016 11 24      0      0      0 0 0 0
54416 4023 11652    718 2016 11 25      0      0      0 0 0 0
54416 4023 11652    718 2016 11 26      0      0      0 0 0 0
54416 4023 11652    718 2016 11 27      0      0      0 0 0 0
54416 4023 11652    718 2016 11 28      0      0      0 0 0 0
54416 4023 11652    718 2016 11 29      0      0      0 0 0 0
54416 4023 11652    718 2016 11 30  32700      0  32700 0 0 0
54416 4023 11652    718 2016 12  1      0      0      0 0 0 0
54416 4023 11652    718 2016 12  2      0      0      0 0 0 0
54416 4023 11652    718 2016 12  3      0      0      0 0 0 0
54416 4023 11652    718 2016 12  4      0      0      0 0 0 0
54416 4023 11652    718 2016 12  5  32700      0  32700 0 0 0
54416 4023 11652    718 2016 12  6      0      0      0 0 0 0
54416 4023 11652    718 2016 12  7      0      0      0 0 0 0
54416 4023 11652    718 2016 12  8      0      0      0 0 0 0
54416 4023 11652    718 2016 12  9      0      0      0 0 0 0
54416 4023 11652    718 2016 12 10      0      0      0 0 0 0
54416 4023 11652    718 2016 12 11      0      0      0 0 0 0
54416 4023 11652    718 2016 12 12      0      0      0 0 0 0
54416 4023 11652    718 2016 12 13      0      0      0 0 0 0
54416 4023 11652    718 2016 12 14      0      0      0 0 0 0
54416 4023 11652    718 2016 12 15      0      0      0 0 0 0
54416 4023 11652    718 2016 12 16      0      0      0 0 0 0
54416 4023 11652    718 2016 12 17      0      0      0 0 0 0
54416 4023 11652    718 2016 12 18      0      0      0 0 0 0
54416 4023 11652    718 2016 12 19      0      0      0 0 0 0
54416 4023 11652    718 2016 12 20      0      0      0 0 0 0
54416 4023 11652    718 2016 12 21      0      0      0 0 0 0
54416 4023 11652    718 2016 12 22      0      0      0 0 0 0
54416 4023 11652    718 2016 12 23      0      0      0 0 0 0
54416 4023 11652    718 2016 12 24      0      0      0 0 0 0
54416 4023 11652    718 2016 12 25      0      0      0 0 0 0
54416 4023 11652    718 2016 12 26      0      0      0 0 0 0
54416 4023 11652    718 2016 12 27      0      0      0 0 0 0
54416 4023 11652    718 2016 12 28      0      0      0 0 0 0
54416 4023 11652    718 2016 12 29      0      0      0 0 0 0
54416 4023 11652    718 2016 12 30      0      0      0 0 0 0
54416 4023 11652    718 2016 12 31      0      0      0 0 0 0
54416 4023 11652    718 2017  1  1      0      0      0 0 0 0
54416 4023 11652    718 2017  1  2      0      0      0 0 0 0
54416 4023 11652    718 2017  1  3      0      0      0 0 0 0
54416 4023 11652    718 2017  1  4      0      0      0 0 0 0
54416 4023 11652    718 2017  1  5      0      0      0 0 0 0
54416 4023 11652    718 2017  1  6      0      0      0 0 0 0
54416 4023 11652    718 2017  1  7      0      8      8 0 0 0
54416 4023 11652    718 2017  1  8      0      0      0 0 0 0
54416 4023 11652    718 2017  1  9      0      0      0 0 0 0
54416 4023 11652    718 2017  1 10      0      0      0 0 0 0
54416 4023 11652    718 2017  1 11      0      0      0 0 0 0
54416 4023 11652    718 2017  1 12      0      0      0 0 0 0
54416 4023 11652    718 2017  1 13      0      0      0 0 0 0
54416 4023 11652    718 2017  1 14      0      0      0 0 0 0
54416 4023 11652    718 2017  1 15      2  32700      2 0 0 0
54416 4023 11652    718 2017  1 16  32700  32700  32700 0 0 0
54416 4023 11652    718 2017  1 17      0      0      0 0 0 0
54416 4023 11652    718 2017  1 18      0      0      0 0 0 0
54416 4023 11652    718 2017  1 19      2      0      2 0 0 0
54416 4023 11652    718 2017  1 20      0      0      0 0 0 0
54416 4023 11652    718 2017  1 21      0      0      0 0 0 0
54416 4023 11652    718 2017  1 22      0      0      0 0 0 0
54416 4023 11652    718 2017  1 23      0      0      0 0 0 0
54416 4023 11652    718 2017  1 24      0      0      0 0 0 0
54416 4023 11652    718 2017  1 25      0      0      0 0 0 0
54416 4023 11652    718 2017  1 26      0      0      0 0 0 0
54416 4023 11652    718 2017  1 27      0      0      0 0 0 0
54416 4023 11652    718 2017  1 28      0      0      0 0 0 0
54416 4023 11652    718 2017  1 29      0      0      0 0 0 0
54416 4023 11652    718 2017  1 30      0      0      0 0 0 0
54416 4023 11652    718 2017  1 31      0      0      0 0 0 0
54416 4023 11652    718 2017  2  1      0      0      0 0 0 0
54416 4023 11652    718 2017  2  2      0      0      0 0 0 0
54416 4023 11652    718 2017  2  3      0      0      0 0 0 0
54416 4023 11652    718 2017  2  4      0      0      0 0 0 0
54416 4023 11652    718 2017  2  5      0      0      0 0 0 0
54416 4023 11652    718 2017  2  6      0      0      0 0 0 0
54416 4023 11652    718 2017  2  7      0      0      0 0 0 0
54416 4023 11652    718 2017  2  8      0      0      0 0 0 0
54416 4023 11652    718 2017  2  9      0      0      0 0 0 0
54416 4023 11652    718 2017  2 10      0      0      0 0 0 0
54416 4023 11652    718 2017  2 11      0      0      0 0 0 0
54416 4023 11652    718 2017  2 12      0      0      0 0 0 0
54416 4023 11652    718 2017  2 13      0      0      0 0 0 0
54416 4023 11652    718 2017  2 14      0      0      0 0 0 0
54416 4023 11652    718 2017  2 15      0      0      0 0 0 0
54416 4023 11652    718 2017  2 16      0      0      0 0 0 0
54416 4023 11652    718 2017  2 17      0      0      0 0 0 0
54416 4023 11652    718 2017  2 18      0      0      0 0 0 0
54416 4023 11652    718 2017  2 19      0      0      0 0 0 0
54416 4023 11652    718 2017  2 20      0      0      0 0 0 0
54416 4023 11652    718 2017  2 21      0     13     13 0 0 0
54416 4023 11652    718 2017  2 22     22      0     22 0 0 0
54416 4023 11652    718 2017  2 23      0      0      0 0 0 0
54416 4023 11652    718 2017  2 24      0      0      0 0 0 0
54416 4023 11652    718 2017  2 25      0      0      0 0 0 0
54416 4023 11652    718 2017  2 26      0      0      0 0 0 0
54416 4023 11652    718 2017  2 27      0      0      0 0 0 0
54416 4023 11652    718 2017  2 28      0      0      0 0 0 0
54416 4023 11652    718 2017  3  1      0      0      0 0 0 0
54416 4023 11652    718 2017  3  2      0      0      0 0 0 0
54416 4023 11652    718 2017  3  3      0      0      0 0 0 0
54416 4023 11652    718 2017  3  4      0      0      0 0 0 0
54416 4023 11652    718 2017  3  5      0      0      0 0 0 0
54416 4023 11652    718 2017  3  6      0      0      0 0 0 0
54416 4023 11652    718 2017  3  7      0      0      0 0 0 0
54416 4023 11652    718 2017  3  8      0      0      0 0 0 0
54416 4023 11652    718 2017  3  9      0      0      0 0 0 0
54416 4023 11652    718 2017  3 10      0      0      0 0 0 0
54416 4023 11652    718 2017  3 11      0      0      0 0 0 0
54416 4023 11652    718 2017  3 12      0      0      0 0 0 0
54416 4023 11652    718 2017  3 13      0      0      0 0 0 0
54416 4023 11652    718 2017  3 14      0      0      0 0 0 0
54416 4023 11652    718 2017  3 15      0      0      0 0 0 0
54416 4023 11652    718 2017  3 16      0      0      0 0 0 0
54416 4023 11652    718 2017  3 17      0      0      0 0 0 0
54416 4023 11652    718 2017  3 18      0      0      0 0 0 0
54416 4023 11652    718 2017  3 19      0      0      0 0 0 0
54416 4023 11652    718 2017  3 20  32700     26     26 0 0 0
54416 4023 11652    718 2017  3 21      0      0      0 0 0 0
54416 4023 11652    718 2017  3 22      0      0      0 0 0 0
54416 4023 11652    718 2017  3 23      8      7     15 0 0 0
54416 4023 11652    718 2017  3 24     42      9     51 0 0 0
54416 4023 11652    718 2017  3 25      5  32700      5 0 0 0
54416 4023 11652    718 2017  3 26      0      0      0 0 0 0
54416 4023 11652    718 2017  3 27      0      0      0 0 0 0
54416 4023 11652    718 2017  3 28      0      0      0 0 0 0
54416 4023 11652    718 2017  3 29      0      0      0 0 0 0
54416 4023 11652    718 2017  3 30      0      0      0 0 0 0
54416 4023 11652    718 2017  3 31  32700      0  32700 0 0 0
54416 4023 11652    718 2017  4  1      0      0      0 0 0 0
54416 4023 11652    718 2017  4  2      0      0      0 0 0 0
54416 4023 11652    718 2017  4  3      0      0      0 0 0 0
54416 4023 11652    718 2017  4  4      0      0      0 0 0 0
54416 4023 11652    718 2017  4  5      0      0      0 0 0 0
54416 4023 11652    718 2017  4  6      0      0      0 0 0 0
54416 4023 11652    718 2017  4  7      0  32700  32700 0 0 0
54416 4023 11652    718 2017  4  8      0      0      0 0 0 0
54416 4023 11652    718 2017  4  9      0      0      0 0 0 0
54416 4023 11652    718 2017  4 10      0      0      0 0 0 0
54416 4023 11652    718 2017  4 11      0      0      0 0 0 0
54416 4023 11652    718 2017  4 12      0      0      0 0 0 0
54416 4023 11652    718 2017  4 13      0      0      0 0 0 0
54416 4023 11652    718 2017  4 14      0      0      0 0 0 0
54416 4023 11652    718 2017  4 15      0      0      0 0 0 0
54416 4023 11652    718 2017  4 16      0      0      0 0 0 0
54416 4023 11652    718 2017  4 17      0      0      0 0 0 0
54416 4023 11652    718 2017  4 18      0      0      0 0 0 0
54416 4023 11652    718 2017  4 19  32700  32700  32700 0 0 0
54416 4023 11652    718 2017  4 20      0      0      0 0 0 0
54416 4023 11652    718 2017  4 21      0      0      0 0 0 0
54416 4023 11652    718 2017  4 22      0      0      0 0 0 0
54416 4023 11652    718 2017  4 23      0      0      0 0 0 0
54416 4023 11652    718 2017  4 24      0      0      0 0 0 0
54416 4023 11652    718 2017  4 25      0      0      0 0 0 0
54416 4023 11652    718 2017  4 26      0      0      0 0 0 0
54416 4023 11652    718 2017  4 27      0      0      0 0 0 0
54416 4023 11652    718 2017  4 28      0      0      0 0 0 0
54416 4023 11652    718 2017  4 29      0      0      0 0 0 0
54416 4023 11652    718 2017  4 30      0      0      0 0 0 0
54416 4023 11652    718 2017  5  1      0      0      0 0 0 0
54416 4023 11652    718 2017  5  2      0      0      0 0 0 0
54416 4023 11652    718 2017  5  3      0      0      0 0 0 0
54416 4023 11652    718 2017  5  4      2      0      2 0 0 0
54416 4023 11652    718 2017  5  5  32700      0  32700 0 0 0
54416 4023 11652    718 2017  5  6      0      0      0 0 0 0
54416 4023 11652    718 2017  5  7      0      0      0 0 0 0
54416 4023 11652    718 2017  5  8      0      0      0 0 0 0
54416 4023 11652    718 2017  5  9      0      0      0 0 0 0
54416 4023 11652    718 2017  5 10      0      0      0 0 0 0
54416 4023 11652    718 2017  5 11      0      0      0 0 0 0
54416 4023 11652    718 2017  5 12      0      0      0 0 0 0
54416 4023 11652    718 2017  5 13      0      0      0 0 0 0
54416 4023 11652    718 2017  5 14      0      0      0 0 0 0
54416 4023 11652    718 2017  5 15      0      0      0 0 0 0
54416 4023 11652    718 2017  5 16      0      0      0 0 0 0
54416 4023 11652    718 2017  5 17      0      0      0 0 0 0
54416 4023 11652    718 2017  5 18      0      0      0 0 0 0
54416 4023 11652    718 2017  5 19      0      0      0 0 0 0
54416 4023 11652    718 2017  5 20      0      0      0 0 0 0
54416 4023 11652    718 2017  5 21      0      0      0 0 0 0
54416 4023 11652    718 2017  5 22      6    180    186 0 0 0
54416 4023 11652    718 2017  5 23      0      0      0 0 0 0
54416 4023 11652    718 2017  5 24      0      0      0 0 0 0
54416 4023 11652    718 2017  5 25      0      0      0 0 0 0
54416 4023 11652    718 2017  5 26      0      0      0 0 0 0
54416 4023 11652    718 2017  5 27      0      0      0 0 0 0
54416 4023 11652    718 2017  5 28      0  32700  32700 0 0 0
54416 4023 11652    718 2017  5 29  32700      0  32700 0 0 0
54416 4023 11652    718 2017  5 30     26  32700     26 0 0 0
54416 4023 11652    718 2017  5 31      0      0      0 0 0 0
54416 4023 11652    718 2017  6  1      0      0      0 0 0 0
54416 4023 11652    718 2017  6  2      1      8      9 0 0 0
54416 4023 11652    718 2017  6  3      0      0      0 0 0 0
54416 4023 11652    718 2017  6  4      0      0      0 0 0 0
54416 4023 11652    718 2017  6  5      0      0      0 0 0 0
54416 4023 11652    718 2017  6  6     48      8     56 0 0 0
54416 4023 11652    718 2017  6  7      0  32700  32700 0 0 0
54416 4023 11652    718 2017  6  8      0     11     11 0 0 0
54416 4023 11652    718 2017  6  9      0      0      0 0 0 0
54416 4023 11652    718 2017  6 10      0      0      0 0 0 0
54416 4023 11652    718 2017  6 11      0      0      0 0 0 0
54416 4023 11652    718 2017  6 12      0  32700  32700 0 0 0
54416 4023 11652    718 2017  6 13      0      0      0 0 0 0
54416 4023 11652    718 2017  6 14      0      0      0 0 0 0
54416 4023 11652    718 2017  6 15      0      0      0 0 0 0
54416 4023 11652    718 2017  6 16      0      0      0 0 0 0
54416 4023 11652    718 2017  6 17      0      0      0 0 0 0
54416 4023 11652    718 2017  6 18      0      8      8 0 0 0
54416 4023 11652    718 2017  6 19  32700      4      4 0 0 0
54416 4023 11652    718 2017  6 20     58      0     58 0 0 0
54416 4023 11652    718 2017  6 21  32700      0  32700 0 0 0
54416 4023 11652    718 2017  6 22      1     82     83 0 0 0
54416 4023 11652    718 2017  6 23    262    152    414 0 0 0
54416 4023 11652    718 2017  6 24      7      0      7 0 0 0
54416 4023 11652    718 2017  6 25      0     97     97 0 0 0
54416 4023 11652    718 2017  6 26      0      0      0 0 0 0
54416 4023 11652    718 2017  6 27      0      0      0 0 0 0
54416 4023 11652    718 2017  6 28      0      0      0 0 0 0
54416 4023 11652    718 2017  6 29      0      0      0 0 0 0
54416 4023 11652    718 2017  6 30      0      0      0 0 0 0
