54406 4027 11558   4879 2013 12  1   9649   9678   9621 0 0 0
54406 4027 11558   4879 2013 12  2   9614   9629   9592 0 0 0
54406 4027 11558   4879 2013 12  3   9649   9677   9620 0 0 0
54406 4027 11558   4879 2013 12  4   9626   9646   9603 0 0 0
54406 4027 11558   4879 2013 12  5   9653   9690   9616 0 0 0
54406 4027 11558   4879 2013 12  6   9610   9640   9583 0 0 0
54406 4027 11558   4879 2013 12  7   9607   9628   9587 0 0 0
54406 4027 11558   4879 2013 12  8   9625   9656   9601 0 0 0
54406 4027 11558   4879 2013 12  9   9649   9670   9626 0 0 0
54406 4027 11558   4879 2013 12 10   9607   9635   9583 0 0 0
54406 4027 11558   4879 2013 12 11   9601   9639   9572 0 0 0
54406 4027 11558   4879 2013 12 12   9613   9641   9569 0 0 0
54406 4027 11558   4879 2013 12 13   9647   9672   9622 0 0 0
54406 4027 11558   4879 2013 12 14   9687   9707   9643 0 0 0
54406 4027 11558   4879 2013 12 15   9725   9755   9704 0 0 0
54406 4027 11558   4879 2013 12 16   9705   9732   9684 0 0 0
54406 4027 11558   4879 2013 12 17   9727   9747   9697 0 0 0
54406 4027 11558   4879 2013 12 18   9715   9758   9676 0 0 0
54406 4027 11558   4879 2013 12 19   9698   9713   9681 0 0 0
54406 4027 11558   4879 2013 12 20   9737   9756   9709 0 0 0
54406 4027 11558   4879 2013 12 21   9746   9769   9725 0 0 0
54406 4027 11558   4879 2013 12 22   9716   9736   9694 0 0 0
54406 4027 11558   4879 2013 12 23   9721   9735   9705 0 0 0
54406 4027 11558   4879 2013 12 24   9729   9755   9701 0 0 0
54406 4027 11558   4879 2013 12 25   9688   9719   9655 0 0 0
54406 4027 11558   4879 2013 12 26   9742   9764   9719 0 0 0
54406 4027 11558   4879 2013 12 27   9701   9745   9663 0 0 0
54406 4027 11558   4879 2013 12 28   9663   9691   9639 0 0 0
54406 4027 11558   4879 2013 12 29   9595   9644   9562 0 0 0
54406 4027 11558   4879 2013 12 30   9569   9586   9554 0 0 0
54406 4027 11558   4879 2013 12 31   9544   9565   9521 0 0 0
54406 4027 11558   4879 2014  1  1   9559   9589   9536 0 0 0
54406 4027 11558   4879 2014  1  2   9591   9618   9558 0 0 0
54406 4027 11558   4879 2014  1  3   9634   9659   9583 0 0 0
54406 4027 11558   4879 2014  1  4   9620   9653   9587 0 0 0
54406 4027 11558   4879 2014  1  5   9644   9669   9604 0 0 0
54406 4027 11558   4879 2014  1  6   9648   9666   9627 0 0 0
54406 4027 11558   4879 2014  1  7   9672   9709   9638 0 0 0
54406 4027 11558   4879 2014  1  8   9724   9747   9704 0 0 0
54406 4027 11558   4879 2014  1  9   9701   9730   9674 0 0 0
54406 4027 11558   4879 2014  1 10   9697   9718   9681 0 0 0
54406 4027 11558   4879 2014  1 11   9702   9724   9667 0 0 0
54406 4027 11558   4879 2014  1 12   9748   9778   9700 0 0 0
54406 4027 11558   4879 2014  1 13   9711   9737   9678 0 0 0
54406 4027 11558   4879 2014  1 14   9728   9751   9701 0 0 0
54406 4027 11558   4879 2014  1 15   9706   9736   9675 0 0 0
54406 4027 11558   4879 2014  1 16   9674   9689   9656 0 0 0
54406 4027 11558   4879 2014  1 17   9706   9720   9687 0 0 0
54406 4027 11558   4879 2014  1 18   9722   9754   9698 0 0 0
54406 4027 11558   4879 2014  1 19   9648   9705   9598 0 0 0
54406 4027 11558   4879 2014  1 20   9694   9727   9658 0 0 0
54406 4027 11558   4879 2014  1 21   9713   9749   9674 0 0 0
54406 4027 11558   4879 2014  1 22   9635   9675   9604 0 0 0
54406 4027 11558   4879 2014  1 23   9572   9617   9530 0 0 0
54406 4027 11558   4879 2014  1 24   9595   9631   9553 0 0 0
54406 4027 11558   4879 2014  1 25   9674   9705   9631 0 0 0
54406 4027 11558   4879 2014  1 26   9678   9722   9626 0 0 0
54406 4027 11558   4879 2014  1 27   9603   9654   9577 0 0 0
54406 4027 11558   4879 2014  1 28   9672   9702   9638 0 0 0
54406 4027 11558   4879 2014  1 29   9552   9638   9511 0 0 0
54406 4027 11558   4879 2014  1 30   9582   9612   9538 0 0 0
54406 4027 11558   4879 2014  1 31   9590   9600   9567 0 0 0
54406 4027 11558   4879 2014  2  1   9565   9599   9533 0 0 0
54406 4027 11558   4879 2014  2  2   9568   9611   9520 0 0 0
54406 4027 11558   4879 2014  2  3   9664   9683   9607 0 0 0
54406 4027 11558   4879 2014  2  4   9682   9706   9658 0 0 0
54406 4027 11558   4879 2014  2  5   9668   9687   9645 0 0 0
54406 4027 11558   4879 2014  2  6   9683   9701   9671 0 0 0
54406 4027 11558   4879 2014  2  7   9654   9697   9623 0 0 0
54406 4027 11558   4879 2014  2  8   9675   9727   9629 0 0 0
54406 4027 11558   4879 2014  2  9   9750   9765   9725 0 0 0
54406 4027 11558   4879 2014  2 10   9732   9765   9691 0 0 0
54406 4027 11558   4879 2014  2 11   9668   9702   9633 0 0 0
54406 4027 11558   4879 2014  2 12   9710   9736   9660 0 0 0
54406 4027 11558   4879 2014  2 13   9726   9751   9698 0 0 0
54406 4027 11558   4879 2014  2 14   9654   9702   9620 0 0 0
54406 4027 11558   4879 2014  2 15   9639   9660   9623 0 0 0
54406 4027 11558   4879 2014  2 16   9685   9706   9637 0 0 0
54406 4027 11558   4879 2014  2 17   9734   9755   9699 0 0 0
54406 4027 11558   4879 2014  2 18   9707   9742   9670 0 0 0
54406 4027 11558   4879 2014  2 19   9684   9706   9663 0 0 0
54406 4027 11558   4879 2014  2 20   9687   9706   9669 0 0 0
54406 4027 11558   4879 2014  2 21   9675   9689   9651 0 0 0
54406 4027 11558   4879 2014  2 22   9697   9708   9675 0 0 0
54406 4027 11558   4879 2014  2 23   9701   9714   9683 0 0 0
54406 4027 11558   4879 2014  2 24   9675   9698   9648 0 0 0
54406 4027 11558   4879 2014  2 25   9661   9676   9633 0 0 0
54406 4027 11558   4879 2014  2 26   9643   9662   9620 0 0 0
54406 4027 11558   4879 2014  2 27   9695   9722   9652 0 0 0
54406 4027 11558   4879 2014  2 28   9661   9688   9625 0 0 0
54406 4027 11558   4879 2014  3  1   9643   9670   9611 0 0 0
54406 4027 11558   4879 2014  3  2   9626   9642   9606 0 0 0
54406 4027 11558   4879 2014  3  3   9622   9641   9592 0 0 0
54406 4027 11558   4879 2014  3  4   9671   9692   9624 0 0 0
54406 4027 11558   4879 2014  3  5   9684   9705   9645 0 0 0
54406 4027 11558   4879 2014  3  6   9697   9723   9666 0 0 0
54406 4027 11558   4879 2014  3  7   9692   9725   9663 0 0 0
54406 4027 11558   4879 2014  3  8   9638   9679   9600 0 0 0
54406 4027 11558   4879 2014  3  9   9660   9681   9636 0 0 0
54406 4027 11558   4879 2014  3 10   9634   9670   9591 0 0 0
54406 4027 11558   4879 2014  3 11   9598   9632   9573 0 0 0
54406 4027 11558   4879 2014  3 12   9668   9695   9632 0 0 0
54406 4027 11558   4879 2014  3 13   9633   9672   9580 0 0 0
54406 4027 11558   4879 2014  3 14   9599   9638   9549 0 0 0
54406 4027 11558   4879 2014  3 15   9535   9554   9508 0 0 0
54406 4027 11558   4879 2014  3 16   9571   9605   9538 0 0 0
54406 4027 11558   4879 2014  3 17   9555   9603   9529 0 0 0
54406 4027 11558   4879 2014  3 18   9636   9666   9602 0 0 0
54406 4027 11558   4879 2014  3 19   9640   9679   9616 0 0 0
54406 4027 11558   4879 2014  3 20   9689   9712   9656 0 0 0
54406 4027 11558   4879 2014  3 21   9632   9672   9585 0 0 0
54406 4027 11558   4879 2014  3 22   9610   9639   9587 0 0 0
54406 4027 11558   4879 2014  3 23   9651   9678   9613 0 0 0
54406 4027 11558   4879 2014  3 24   9566   9619   9517 0 0 0
54406 4027 11558   4879 2014  3 25   9539   9563   9505 0 0 0
54406 4027 11558   4879 2014  3 26   9538   9564   9503 0 0 0
54406 4027 11558   4879 2014  3 27   9545   9574   9519 0 0 0
54406 4027 11558   4879 2014  3 28   9515   9536   9491 0 0 0
54406 4027 11558   4879 2014  3 29   9567   9590   9519 0 0 0
54406 4027 11558   4879 2014  3 30   9591   9610   9565 0 0 0
54406 4027 11558   4879 2014  3 31   9586   9603   9569 0 0 0
54406 4027 11558   4879 2014  4  1   9559   9589   9515 0 0 0
54406 4027 11558   4879 2014  4  2   9579   9623   9530 0 0 0
54406 4027 11558   4879 2014  4  3   9662   9683   9624 0 0 0
54406 4027 11558   4879 2014  4  4   9582   9650   9537 0 0 0
54406 4027 11558   4879 2014  4  5   9647   9674   9606 0 0 0
54406 4027 11558   4879 2014  4  6   9610   9649   9557 0 0 0
54406 4027 11558   4879 2014  4  7   9564   9582   9537 0 0 0
54406 4027 11558   4879 2014  4  8   9563   9589   9532 0 0 0
54406 4027 11558   4879 2014  4  9   9551   9584   9526 0 0 0
54406 4027 11558   4879 2014  4 10   9638   9657   9584 0 0 0
54406 4027 11558   4879 2014  4 11   9611   9635   9582 0 0 0
54406 4027 11558   4879 2014  4 12   9585   9602   9554 0 0 0
54406 4027 11558   4879 2014  4 13   9596   9615   9571 0 0 0
54406 4027 11558   4879 2014  4 14   9594   9617   9560 0 0 0
54406 4027 11558   4879 2014  4 15   9615   9641   9580 0 0 0
54406 4027 11558   4879 2014  4 16   9570   9617   9540 0 0 0
54406 4027 11558   4879 2014  4 17   9553   9572   9533 0 0 0
54406 4027 11558   4879 2014  4 18   9614   9638   9572 0 0 0
54406 4027 11558   4879 2014  4 19   9626   9645   9598 0 0 0
54406 4027 11558   4879 2014  4 20   9597   9619   9565 0 0 0
54406 4027 11558   4879 2014  4 21   9596   9618   9568 0 0 0
54406 4027 11558   4879 2014  4 22   9573   9603   9524 0 0 0
54406 4027 11558   4879 2014  4 23   9536   9550   9503 0 0 0
54406 4027 11558   4879 2014  4 24   9572   9587   9534 0 0 0
54406 4027 11558   4879 2014  4 25   9609   9627   9587 0 0 0
54406 4027 11558   4879 2014  4 26   9634   9648   9620 0 0 0
54406 4027 11558   4879 2014  4 27   9637   9657   9605 0 0 0
54406 4027 11558   4879 2014  4 28   9623   9650   9581 0 0 0
54406 4027 11558   4879 2014  4 29   9569   9597   9527 0 0 0
54406 4027 11558   4879 2014  4 30   9529   9548   9500 0 0 0
54406 4027 11558   4879 2014  5  1   9525   9562   9486 0 0 0
54406 4027 11558   4879 2014  5  2   9596   9617   9560 0 0 0
54406 4027 11558   4879 2014  5  3   9569   9616   9507 0 0 0
54406 4027 11558   4879 2014  5  4   9605   9613   9584 0 0 0
54406 4027 11558   4879 2014  5  5   9599   9630   9557 0 0 0
54406 4027 11558   4879 2014  5  6   9516   9580   9471 0 0 0
54406 4027 11558   4879 2014  5  7   9506   9539   9467 0 0 0
54406 4027 11558   4879 2014  5  8   9567   9590   9539 0 0 0
54406 4027 11558   4879 2014  5  9   9582   9586   9552 0 0 0
54406 4027 11558   4879 2014  5 10   9592   9605   9577 0 0 0
54406 4027 11558   4879 2014  5 11   9506   9595   9447 0 0 0
54406 4027 11558   4879 2014  5 12   9452   9471   9436 0 0 0
54406 4027 11558   4879 2014  5 13   9462   9475   9444 0 0 0
54406 4027 11558   4879 2014  5 14   9501   9523   9464 0 0 0
54406 4027 11558   4879 2014  5 15   9448   9482   9418 0 0 0
54406 4027 11558   4879 2014  5 16   9513   9537   9440 0 0 0
54406 4027 11558   4879 2014  5 17   9567   9584   9533 0 0 0
54406 4027 11558   4879 2014  5 18   9533   9575   9486 0 0 0
54406 4027 11558   4879 2014  5 19   9494   9534   9462 0 0 0
54406 4027 11558   4879 2014  5 20   9492   9514   9473 0 0 0
54406 4027 11558   4879 2014  5 21   9500   9522   9474 0 0 0
54406 4027 11558   4879 2014  5 22   9509   9519   9492 0 0 0
54406 4027 11558   4879 2014  5 23   9545   9556   9515 0 0 0
54406 4027 11558   4879 2014  5 24   9524   9548   9504 0 0 0
54406 4027 11558   4879 2014  5 25   9518   9533   9493 0 0 0
54406 4027 11558   4879 2014  5 26   9457   9514   9401 0 0 0
54406 4027 11558   4879 2014  5 27   9425   9451   9405 0 0 0
54406 4027 11558   4879 2014  5 28   9465   9494   9416 0 0 0
54406 4027 11558   4879 2014  5 29   9448   9465   9431 0 0 0
54406 4027 11558   4879 2014  5 30   9510   9528   9465 0 0 0
54406 4027 11558   4879 2014  5 31   9523   9537   9501 0 0 0
54406 4027 11558   4879 2014  6  1   9546   9567   9510 0 0 0
54406 4027 11558   4879 2014  6  2   9561   9574   9536 0 0 0
54406 4027 11558   4879 2014  6  3   9531   9556   9508 0 0 0
54406 4027 11558   4879 2014  6  4   9513   9534   9495 0 0 0
54406 4027 11558   4879 2014  6  5   9501   9524   9477 0 0 0
54406 4027 11558   4879 2014  6  6   9500   9520   9483 0 0 0
54406 4027 11558   4879 2014  6  7   9493   9512   9466 0 0 0
54406 4027 11558   4879 2014  6  8   9475   9488   9448 0 0 0
54406 4027 11558   4879 2014  6  9   9495   9504   9471 0 0 0
54406 4027 11558   4879 2014  6 10   9530   9538   9504 0 0 0
54406 4027 11558   4879 2014  6 11   9546   9569   9523 0 0 0
54406 4027 11558   4879 2014  6 12   9523   9542   9489 0 0 0
54406 4027 11558   4879 2014  6 13   9524   9537   9501 0 0 0
54406 4027 11558   4879 2014  6 14   9518   9536   9493 0 0 0
54406 4027 11558   4879 2014  6 15   9500   9514   9483 0 0 0
54406 4027 11558   4879 2014  6 16   9478   9504   9447 0 0 0
54406 4027 11558   4879 2014  6 17   9471   9485   9455 0 0 0
54406 4027 11558   4879 2014  6 18   9480   9500   9459 0 0 0
54406 4027 11558   4879 2014  6 19   9497   9507   9467 0 0 0
54406 4027 11558   4879 2014  6 20   9518   9530   9498 0 0 0
54406 4027 11558   4879 2014  6 21   9530   9540   9515 0 0 0
54406 4027 11558   4879 2014  6 22   9537   9551   9526 0 0 0
54406 4027 11558   4879 2014  6 23   9533   9555   9503 0 0 0
54406 4027 11558   4879 2014  6 24   9498   9518   9475 0 0 0
54406 4027 11558   4879 2014  6 25   9485   9496   9476 0 0 0
54406 4027 11558   4879 2014  6 26   9489   9496   9470 0 0 0
54406 4027 11558   4879 2014  6 27   9528   9546   9495 0 0 0
54406 4027 11558   4879 2014  6 28   9520   9540   9493 0 0 0
54406 4027 11558   4879 2014  6 29   9517   9530   9502 0 0 0
54406 4027 11558   4879 2014  6 30   9516   9531   9500 0 0 0
54406 4027 11558   4879 2014  7  1   9502   9519   9476 0 0 0
54406 4027 11558   4879 2014  7  2   9481   9500   9460 0 0 0
54406 4027 11558   4879 2014  7  3   9467   9488   9454 0 0 0
54406 4027 11558   4879 2014  7  4   9501   9514   9466 0 0 0
54406 4027 11558   4879 2014  7  5   9520   9533   9502 0 0 0
54406 4027 11558   4879 2014  7  6   9504   9514   9487 0 0 0
54406 4027 11558   4879 2014  7  7   9482   9508   9454 0 0 0
54406 4027 11558   4879 2014  7  8   9484   9499   9459 0 0 0
54406 4027 11558   4879 2014  7  9   9506   9529   9484 0 0 0
54406 4027 11558   4879 2014  7 10   9468   9493   9440 0 0 0
54406 4027 11558   4879 2014  7 11   9466   9482   9443 0 0 0
54406 4027 11558   4879 2014  7 12   9486   9506   9461 0 0 0
54406 4027 11558   4879 2014  7 13   9487   9505   9463 0 0 0
54406 4027 11558   4879 2014  7 14   9489   9499   9468 0 0 0
54406 4027 11558   4879 2014  7 15   9495   9504   9471 0 0 0
54406 4027 11558   4879 2014  7 16   9489   9503   9459 0 0 0
54406 4027 11558   4879 2014  7 17   9509   9521   9493 0 0 0
54406 4027 11558   4879 2014  7 18   9526   9538   9514 0 0 0
54406 4027 11558   4879 2014  7 19   9538   9555   9519 0 0 0
54406 4027 11558   4879 2014  7 20   9508   9540   9476 0 0 0
54406 4027 11558   4879 2014  7 21   9488   9509   9463 0 0 0
54406 4027 11558   4879 2014  7 22   9529   9543   9509 0 0 0
54406 4027 11558   4879 2014  7 23   9506   9533   9482 0 0 0
54406 4027 11558   4879 2014  7 24   9513   9525   9493 0 0 0
54406 4027 11558   4879 2014  7 25   9514   9530   9495 0 0 0
54406 4027 11558   4879 2014  7 26   9534   9549   9507 0 0 0
54406 4027 11558   4879 2014  7 27   9534   9559   9501 0 0 0
54406 4027 11558   4879 2014  7 28   9495   9514   9465 0 0 0
54406 4027 11558   4879 2014  7 29   9483   9499   9463 0 0 0
54406 4027 11558   4879 2014  7 30   9504   9519   9468 0 0 0
54406 4027 11558   4879 2014  7 31   9522   9535   9497 0 0 0
54406 4027 11558   4879 2014  8  1   9517   9528   9505 0 0 0
54406 4027 11558   4879 2014  8  2   9494   9519   9468 0 0 0
54406 4027 11558   4879 2014  8  3   9477   9487   9463 0 0 0
54406 4027 11558   4879 2014  8  4   9504   9523   9479 0 0 0
54406 4027 11558   4879 2014  8  5   9525   9544   9503 0 0 0
54406 4027 11558   4879 2014  8  6   9534   9549   9517 0 0 0
54406 4027 11558   4879 2014  8  7   9543   9561   9522 0 0 0
54406 4027 11558   4879 2014  8  8   9534   9551   9514 0 0 0
54406 4027 11558   4879 2014  8  9   9514   9528   9474 0 0 0
54406 4027 11558   4879 2014  8 10   9490   9523   9462 0 0 0
54406 4027 11558   4879 2014  8 11   9506   9526   9483 0 0 0
54406 4027 11558   4879 2014  8 12   9519   9528   9496 0 0 0
54406 4027 11558   4879 2014  8 13   9531   9540   9523 0 0 0
54406 4027 11558   4879 2014  8 14   9530   9545   9497 0 0 0
54406 4027 11558   4879 2014  8 15   9523   9539   9505 0 0 0
54406 4027 11558   4879 2014  8 16   9535   9554   9511 0 0 0
54406 4027 11558   4879 2014  8 17   9548   9565   9524 0 0 0
54406 4027 11558   4879 2014  8 18   9568   9583   9545 0 0 0
54406 4027 11558   4879 2014  8 19   9563   9582   9542 0 0 0
54406 4027 11558   4879 2014  8 20   9538   9557   9510 0 0 0
54406 4027 11558   4879 2014  8 21   9526   9540   9500 0 0 0
54406 4027 11558   4879 2014  8 22   9528   9557   9509 0 0 0
54406 4027 11558   4879 2014  8 23   9510   9527   9483 0 0 0
54406 4027 11558   4879 2014  8 24   9530   9541   9509 0 0 0
54406 4027 11558   4879 2014  8 25   9564   9583   9535 0 0 0
54406 4027 11558   4879 2014  8 26   9586   9606   9561 0 0 0
54406 4027 11558   4879 2014  8 27   9583   9595   9565 0 0 0
54406 4027 11558   4879 2014  8 28   9591   9609   9580 0 0 0
54406 4027 11558   4879 2014  8 29   9598   9607   9586 0 0 0
54406 4027 11558   4879 2014  8 30   9593   9607   9570 0 0 0
54406 4027 11558   4879 2014  8 31   9575   9592   9558 0 0 0
54406 4027 11558   4879 2014  9  1   9572   9588   9553 0 0 0
54406 4027 11558   4879 2014  9  2   9554   9569   9541 0 0 0
54406 4027 11558   4879 2014  9  3   9550   9578   9515 0 0 0
54406 4027 11558   4879 2014  9  4   9511   9528   9488 0 0 0
54406 4027 11558   4879 2014  9  5   9542   9558   9503 0 0 0
54406 4027 11558   4879 2014  9  6   9555   9572   9540 0 0 0
54406 4027 11558   4879 2014  9  7   9529   9544   9502 0 0 0
54406 4027 11558   4879 2014  9  8   9554   9579   9529 0 0 0
54406 4027 11558   4879 2014  9  9   9549   9563   9532 0 0 0
54406 4027 11558   4879 2014  9 10   9578   9593   9552 0 0 0
54406 4027 11558   4879 2014  9 11   9585   9593   9568 0 0 0
54406 4027 11558   4879 2014  9 12   9588   9597   9579 0 0 0
54406 4027 11558   4879 2014  9 13   9584   9595   9563 0 0 0
54406 4027 11558   4879 2014  9 14   9612   9633   9577 0 0 0
54406 4027 11558   4879 2014  9 15   9628   9651   9597 0 0 0
54406 4027 11558   4879 2014  9 16   9620   9634   9607 0 0 0
54406 4027 11558   4879 2014  9 17   9639   9650   9616 0 0 0
54406 4027 11558   4879 2014  9 18   9636   9662   9604 0 0 0
54406 4027 11558   4879 2014  9 19   9562   9614   9519 0 0 0
54406 4027 11558   4879 2014  9 20   9546   9563   9526 0 0 0
54406 4027 11558   4879 2014  9 21   9605   9618   9555 0 0 0
54406 4027 11558   4879 2014  9 22   9622   9635   9603 0 0 0
54406 4027 11558   4879 2014  9 23   9615   9633   9595 0 0 0
54406 4027 11558   4879 2014  9 24   9602   9618   9582 0 0 0
54406 4027 11558   4879 2014  9 25   9599   9622   9575 0 0 0
54406 4027 11558   4879 2014  9 26   9551   9579   9516 0 0 0
54406 4027 11558   4879 2014  9 27   9601   9628   9561 0 0 0
54406 4027 11558   4879 2014  9 28   9596   9615   9577 0 0 0
54406 4027 11558   4879 2014  9 29   9626   9674   9575 0 0 0
54406 4027 11558   4879 2014  9 30   9675   9705   9639 0 0 0
54406 4027 11558   4879 2014 10  1   9591   9641   9568 0 0 0
54406 4027 11558   4879 2014 10  2   9570   9588   9557 0 0 0
54406 4027 11558   4879 2014 10  3   9602   9622   9586 0 0 0
54406 4027 11558   4879 2014 10  4   9611   9639   9585 0 0 0
54406 4027 11558   4879 2014 10  5   9676   9696   9639 0 0 0
54406 4027 11558   4879 2014 10  6   9673   9706   9630 0 0 0
54406 4027 11558   4879 2014 10  7   9626   9643   9603 0 0 0
54406 4027 11558   4879 2014 10  8   9620   9635   9596 0 0 0
54406 4027 11558   4879 2014 10  9   9629   9646   9613 0 0 0
54406 4027 11558   4879 2014 10 10   9650   9669   9631 0 0 0
54406 4027 11558   4879 2014 10 11   9653   9698   9630 0 0 0
54406 4027 11558   4879 2014 10 12   9735   9757   9698 0 0 0
54406 4027 11558   4879 2014 10 13   9698   9740   9649 0 0 0
54406 4027 11558   4879 2014 10 14   9621   9662   9582 0 0 0
54406 4027 11558   4879 2014 10 15   9591   9629   9565 0 0 0
54406 4027 11558   4879 2014 10 16   9635   9674   9595 0 0 0
54406 4027 11558   4879 2014 10 17   9597   9617   9573 0 0 0
54406 4027 11558   4879 2014 10 18   9604   9632   9578 0 0 0
54406 4027 11558   4879 2014 10 19   9577   9596   9562 0 0 0
54406 4027 11558   4879 2014 10 20   9613   9640   9580 0 0 0
54406 4027 11558   4879 2014 10 21   9659   9674   9640 0 0 0
54406 4027 11558   4879 2014 10 22   9640   9663   9609 0 0 0
54406 4027 11558   4879 2014 10 23   9578   9624   9543 0 0 0
54406 4027 11558   4879 2014 10 24   9546   9565   9518 0 0 0
54406 4027 11558   4879 2014 10 25   9549   9567   9528 0 0 0
54406 4027 11558   4879 2014 10 26   9672   9710   9549 0 0 0
54406 4027 11558   4879 2014 10 27   9725   9744   9705 0 0 0
54406 4027 11558   4879 2014 10 28   9681   9709   9656 0 0 0
54406 4027 11558   4879 2014 10 29   9657   9673   9641 0 0 0
54406 4027 11558   4879 2014 10 30   9647   9659   9633 0 0 0
54406 4027 11558   4879 2014 10 31   9630   9655   9605 0 0 0
54406 4027 11558   4879 2014 11  1   9622   9634   9608 0 0 0
54406 4027 11558   4879 2014 11  2   9653   9671   9622 0 0 0
54406 4027 11558   4879 2014 11  3   9625   9651   9592 0 0 0
54406 4027 11558   4879 2014 11  4   9579   9605   9546 0 0 0
54406 4027 11558   4879 2014 11  5   9611   9652   9570 0 0 0
54406 4027 11558   4879 2014 11  6   9706   9729   9652 0 0 0
54406 4027 11558   4879 2014 11  7   9717   9733   9699 0 0 0
54406 4027 11558   4879 2014 11  8   9692   9712   9661 0 0 0
54406 4027 11558   4879 2014 11  9   9679   9704   9648 0 0 0
54406 4027 11558   4879 2014 11 10   9646   9670   9616 0 0 0
54406 4027 11558   4879 2014 11 11   9615   9627   9599 0 0 0
54406 4027 11558   4879 2014 11 12   9665   9681   9626 0 0 0
54406 4027 11558   4879 2014 11 13   9662   9692   9634 0 0 0
54406 4027 11558   4879 2014 11 14   9678   9694   9648 0 0 0
54406 4027 11558   4879 2014 11 15   9684   9702   9662 0 0 0
54406 4027 11558   4879 2014 11 16   9678   9704   9661 0 0 0
54406 4027 11558   4879 2014 11 17   9716   9736   9696 0 0 0
54406 4027 11558   4879 2014 11 18   9705   9727   9680 0 0 0
54406 4027 11558   4879 2014 11 19   9639   9690   9600 0 0 0
54406 4027 11558   4879 2014 11 20   9593   9616   9574 0 0 0
54406 4027 11558   4879 2014 11 21   9627   9654   9600 0 0 0
54406 4027 11558   4879 2014 11 22   9677   9700   9654 0 0 0
54406 4027 11558   4879 2014 11 23   9667   9679   9645 0 0 0
54406 4027 11558   4879 2014 11 24   9679   9703   9658 0 0 0
54406 4027 11558   4879 2014 11 25   9610   9663   9575 0 0 0
54406 4027 11558   4879 2014 11 26   9575   9606   9554 0 0 0
54406 4027 11558   4879 2014 11 27   9651   9667   9606 0 0 0
54406 4027 11558   4879 2014 11 28   9619   9650   9597 0 0 0
54406 4027 11558   4879 2014 11 29   9610   9621   9591 0 0 0
54406 4027 11558   4879 2014 11 30   9646   9688   9609 0 0 0
54406 4027 11558   4879 2014 12  1   9709   9735   9687 0 0 0
54406 4027 11558   4879 2014 12  2   9669   9724   9628 0 0 0
54406 4027 11558   4879 2014 12  3   9663   9679   9641 0 0 0
54406 4027 11558   4879 2014 12  4   9667   9685   9652 0 0 0
54406 4027 11558   4879 2014 12  5   9666   9686   9644 0 0 0
54406 4027 11558   4879 2014 12  6   9657   9681   9638 0 0 0
54406 4027 11558   4879 2014 12  7   9664   9695   9642 0 0 0
54406 4027 11558   4879 2014 12  8   9730   9747   9695 0 0 0
54406 4027 11558   4879 2014 12  9   9720   9756   9687 0 0 0
54406 4027 11558   4879 2014 12 10   9678   9709   9657 0 0 0
54406 4027 11558   4879 2014 12 11   9709   9739   9672 0 0 0
54406 4027 11558   4879 2014 12 12   9670   9701   9650 0 0 0
54406 4027 11558   4879 2014 12 13   9674   9688   9658 0 0 0
54406 4027 11558   4879 2014 12 14   9664   9688   9635 0 0 0
54406 4027 11558   4879 2014 12 15   9687   9733   9647 0 0 0
54406 4027 11558   4879 2014 12 16   9701   9736   9688 0 0 0
54406 4027 11558   4879 2014 12 17   9673   9700   9658 0 0 0
54406 4027 11558   4879 2014 12 18   9671   9701   9640 0 0 0
54406 4027 11558   4879 2014 12 19   9657   9696   9629 0 0 0
54406 4027 11558   4879 2014 12 20   9695   9705   9672 0 0 0
54406 4027 11558   4879 2014 12 21   9668   9718   9632 0 0 0
54406 4027 11558   4879 2014 12 22   9642   9669   9627 0 0 0
54406 4027 11558   4879 2014 12 23   9626   9641   9600 0 0 0
54406 4027 11558   4879 2014 12 24   9718   9744   9639 0 0 0
54406 4027 11558   4879 2014 12 25   9732   9754   9710 0 0 0
54406 4027 11558   4879 2014 12 26   9707   9728   9684 0 0 0
54406 4027 11558   4879 2014 12 27   9680   9706   9655 0 0 0
54406 4027 11558   4879 2014 12 28   9614   9664   9586 0 0 0
54406 4027 11558   4879 2014 12 29   9553   9590   9524 0 0 0
54406 4027 11558   4879 2014 12 30   9601   9638   9562 0 0 0
54406 4027 11558   4879 2014 12 31   9717   9739   9637 0 0 0
54406 4027 11558   4879 2015  1  1   9697   9738   9650 0 0 0
54406 4027 11558   4879 2015  1  2   9687   9729   9655 0 0 0
54406 4027 11558   4879 2015  1  3   9578   9662   9541 0 0 0
54406 4027 11558   4879 2015  1  4   9577   9605   9557 0 0 0
54406 4027 11558   4879 2015  1  5   9614   9685   9565 0 0 0
54406 4027 11558   4879 2015  1  6   9676   9698   9648 0 0 0
54406 4027 11558   4879 2015  1  7   9690   9707   9661 0 0 0
54406 4027 11558   4879 2015  1  8   9694   9716   9668 0 0 0
54406 4027 11558   4879 2015  1  9   9694   9723   9677 0 0 0
54406 4027 11558   4879 2015  1 10   9636   9679   9602 0 0 0
54406 4027 11558   4879 2015  1 11   9718   9746   9640 0 0 0
54406 4027 11558   4879 2015  1 12   9750   9773   9734 0 0 0
54406 4027 11558   4879 2015  1 13   9710   9744   9684 0 0 0
54406 4027 11558   4879 2015  1 14   9700   9715   9689 0 0 0
54406 4027 11558   4879 2015  1 15   9675   9703   9649 0 0 0
54406 4027 11558   4879 2015  1 16   9694   9746   9645 0 0 0
54406 4027 11558   4879 2015  1 17   9714   9754   9670 0 0 0
54406 4027 11558   4879 2015  1 18   9610   9670   9578 0 0 0
54406 4027 11558   4879 2015  1 19   9648   9677   9626 0 0 0
54406 4027 11558   4879 2015  1 20   9628   9643   9603 0 0 0
54406 4027 11558   4879 2015  1 21   9687   9713   9640 0 0 0
54406 4027 11558   4879 2015  1 22   9645   9685   9608 0 0 0
54406 4027 11558   4879 2015  1 23   9599   9613   9576 0 0 0
54406 4027 11558   4879 2015  1 24   9658   9676   9613 0 0 0
54406 4027 11558   4879 2015  1 25   9646   9668   9617 0 0 0
54406 4027 11558   4879 2015  1 26   9692   9758   9629 0 0 0
54406 4027 11558   4879 2015  1 27   9758   9779   9731 0 0 0
54406 4027 11558   4879 2015  1 28   9726   9757   9697 0 0 0
54406 4027 11558   4879 2015  1 29   9689   9711   9669 0 0 0
54406 4027 11558   4879 2015  1 30   9750   9771   9711 0 0 0
54406 4027 11558   4879 2015  1 31   9774   9805   9744 0 0 0
54406 4027 11558   4879 2015  2  1   9741   9764   9711 0 0 0
54406 4027 11558   4879 2015  2  2   9720   9733   9699 0 0 0
54406 4027 11558   4879 2015  2  3   9720   9737   9703 0 0 0
54406 4027 11558   4879 2015  2  4   9723   9742   9688 0 0 0
54406 4027 11558   4879 2015  2  5   9720   9752   9685 0 0 0
54406 4027 11558   4879 2015  2  6   9645   9689   9609 0 0 0
54406 4027 11558   4879 2015  2  7   9703   9754   9625 0 0 0
54406 4027 11558   4879 2015  2  8   9744   9775   9706 0 0 0
54406 4027 11558   4879 2015  2  9   9679   9717   9631 0 0 0
54406 4027 11558   4879 2015  2 10   9582   9632   9541 0 0 0
54406 4027 11558   4879 2015  2 11   9582   9598   9561 0 0 0
54406 4027 11558   4879 2015  2 12   9602   9622   9577 0 0 0
54406 4027 11558   4879 2015  2 13   9577   9605   9541 0 0 0
54406 4027 11558   4879 2015  2 14   9539   9554   9520 0 0 0
54406 4027 11558   4879 2015  2 15   9592   9616   9549 0 0 0
54406 4027 11558   4879 2015  2 16   9597   9608   9578 0 0 0
54406 4027 11558   4879 2015  2 17   9651   9672   9607 0 0 0
54406 4027 11558   4879 2015  2 18   9711   9739   9672 0 0 0
54406 4027 11558   4879 2015  2 19   9678   9706   9653 0 0 0
54406 4027 11558   4879 2015  2 20   9611   9658   9585 0 0 0
54406 4027 11558   4879 2015  2 21   9579   9622   9526 0 0 0
54406 4027 11558   4879 2015  2 22   9636   9661   9613 0 0 0
54406 4027 11558   4879 2015  2 23   9608   9637   9570 0 0 0
54406 4027 11558   4879 2015  2 24   9554   9582   9519 0 0 0
54406 4027 11558   4879 2015  2 25   9600   9624   9552 0 0 0
54406 4027 11558   4879 2015  2 26   9658   9678   9623 0 0 0
54406 4027 11558   4879 2015  2 27   9718   9737   9678 0 0 0
54406 4027 11558   4879 2015  2 28   9654   9709   9612 0 0 0
54406 4027 11558   4879 2015  3  1   9610   9660   9572 0 0 0
54406 4027 11558   4879 2015  3  2   9544   9582   9506 0 0 0
54406 4027 11558   4879 2015  3  3   9642   9671   9560 0 0 0
54406 4027 11558   4879 2015  3  4   9676   9703   9649 0 0 0
54406 4027 11558   4879 2015  3  5   9654   9682   9618 0 0 0
54406 4027 11558   4879 2015  3  6   9593   9632   9546 0 0 0
54406 4027 11558   4879 2015  3  7   9598   9623   9571 0 0 0
54406 4027 11558   4879 2015  3  8   9637   9683   9595 0 0 0
54406 4027 11558   4879 2015  3  9   9749   9770   9683 0 0 0
54406 4027 11558   4879 2015  3 10   9703   9768   9638 0 0 0
54406 4027 11558   4879 2015  3 11   9638   9672   9601 0 0 0
54406 4027 11558   4879 2015  3 12   9578   9612   9543 0 0 0
54406 4027 11558   4879 2015  3 13   9628   9648   9576 0 0 0
54406 4027 11558   4879 2015  3 14   9607   9660   9555 0 0 0
54406 4027 11558   4879 2015  3 15   9584   9614   9551 0 0 0
54406 4027 11558   4879 2015  3 16   9536   9567   9501 0 0 0
54406 4027 11558   4879 2015  3 17   9607   9641   9544 0 0 0
54406 4027 11558   4879 2015  3 18   9576   9616   9532 0 0 0
54406 4027 11558   4879 2015  3 19   9592   9621   9553 0 0 0
54406 4027 11558   4879 2015  3 20   9604   9637   9562 0 0 0
54406 4027 11558   4879 2015  3 21   9611   9627   9575 0 0 0
54406 4027 11558   4879 2015  3 22   9687   9711   9618 0 0 0
54406 4027 11558   4879 2015  3 23   9704   9727   9669 0 0 0
54406 4027 11558   4879 2015  3 24   9718   9744   9690 0 0 0
54406 4027 11558   4879 2015  3 25   9712   9729   9693 0 0 0
54406 4027 11558   4879 2015  3 26   9701   9724   9671 0 0 0
54406 4027 11558   4879 2015  3 27   9625   9681   9573 0 0 0
54406 4027 11558   4879 2015  3 28   9573   9591   9551 0 0 0
54406 4027 11558   4879 2015  3 29   9572   9604   9534 0 0 0
54406 4027 11558   4879 2015  3 30   9520   9539   9499 0 0 0
54406 4027 11558   4879 2015  3 31   9570   9617   9522 0 0 0
54406 4027 11558   4879 2015  4  1   9622   9651   9574 0 0 0
54406 4027 11558   4879 2015  4  2   9461   9581   9404 0 0 0
54406 4027 11558   4879 2015  4  3   9538   9560   9447 0 0 0
54406 4027 11558   4879 2015  4  4   9543   9561   9519 0 0 0
54406 4027 11558   4879 2015  4  5   9611   9670   9553 0 0 0
54406 4027 11558   4879 2015  4  6   9706   9733   9670 0 0 0
54406 4027 11558   4879 2015  4  7   9714   9747   9668 0 0 0
54406 4027 11558   4879 2015  4  8   9649   9685   9607 0 0 0
54406 4027 11558   4879 2015  4  9   9615   9632   9588 0 0 0
54406 4027 11558   4879 2015  4 10   9615   9642   9582 0 0 0
54406 4027 11558   4879 2015  4 11   9617   9634   9597 0 0 0
54406 4027 11558   4879 2015  4 12   9676   9709   9631 0 0 0
54406 4027 11558   4879 2015  4 13   9672   9721   9601 0 0 0
54406 4027 11558   4879 2015  4 14   9523   9604   9464 0 0 0
54406 4027 11558   4879 2015  4 15   9444   9490   9383 0 0 0
54406 4027 11558   4879 2015  4 16   9545   9576   9486 0 0 0
54406 4027 11558   4879 2015  4 17   9519   9535   9494 0 0 0
54406 4027 11558   4879 2015  4 18   9545   9562   9521 0 0 0
54406 4027 11558   4879 2015  4 19   9580   9601   9560 0 0 0
54406 4027 11558   4879 2015  4 20   9575   9605   9526 0 0 0
54406 4027 11558   4879 2015  4 21   9542   9575   9503 0 0 0
54406 4027 11558   4879 2015  4 22   9599   9634   9557 0 0 0
54406 4027 11558   4879 2015  4 23   9589   9629   9554 0 0 0
54406 4027 11558   4879 2015  4 24   9638   9670   9587 0 0 0
54406 4027 11558   4879 2015  4 25   9589   9621   9543 0 0 0
54406 4027 11558   4879 2015  4 26   9542   9572   9503 0 0 0
54406 4027 11558   4879 2015  4 27   9492   9522   9455 0 0 0
54406 4027 11558   4879 2015  4 28   9542   9566   9487 0 0 0
54406 4027 11558   4879 2015  4 29   9564   9587   9533 0 0 0
54406 4027 11558   4879 2015  4 30   9547   9565   9520 0 0 0
54406 4027 11558   4879 2015  5  1   9542   9560   9519 0 0 0
54406 4027 11558   4879 2015  5  2   9539   9559   9507 0 0 0
54406 4027 11558   4879 2015  5  3   9581   9593   9525 0 0 0
54406 4027 11558   4879 2015  5  4   9578   9620   9514 0 0 0
54406 4027 11558   4879 2015  5  5   9496   9521   9481 0 0 0
54406 4027 11558   4879 2015  5  6   9546   9556   9508 0 0 0
54406 4027 11558   4879 2015  5  7   9544   9555   9519 0 0 0
54406 4027 11558   4879 2015  5  8   9532   9563   9502 0 0 0
54406 4027 11558   4879 2015  5  9   9600   9610   9544 0 0 0
54406 4027 11558   4879 2015  5 10   9579   9602   9557 0 0 0
54406 4027 11558   4879 2015  5 11   9505   9580   9460 0 0 0
54406 4027 11558   4879 2015  5 12   9400   9464   9374 0 0 0
54406 4027 11558   4879 2015  5 13   9399   9429   9370 0 0 0
54406 4027 11558   4879 2015  5 14   9516   9532   9430 0 0 0
54406 4027 11558   4879 2015  5 15   9582   9616   9532 0 0 0
54406 4027 11558   4879 2015  5 16   9539   9580   9483 0 0 0
54406 4027 11558   4879 2015  5 17   9439   9491   9398 0 0 0
54406 4027 11558   4879 2015  5 18   9470   9486   9425 0 0 0
54406 4027 11558   4879 2015  5 19   9529   9556   9477 0 0 0
54406 4027 11558   4879 2015  5 20   9596   9628   9556 0 0 0
54406 4027 11558   4879 2015  5 21   9560   9590   9517 0 0 0
54406 4027 11558   4879 2015  5 22   9534   9555   9505 0 0 0
54406 4027 11558   4879 2015  5 23   9524   9544   9502 0 0 0
54406 4027 11558   4879 2015  5 24   9513   9531   9486 0 0 0
54406 4027 11558   4879 2015  5 25   9504   9523   9484 0 0 0
54406 4027 11558   4879 2015  5 26   9504   9522   9476 0 0 0
54406 4027 11558   4879 2015  5 27   9495   9509   9476 0 0 0
54406 4027 11558   4879 2015  5 28   9487   9494   9473 0 0 0
54406 4027 11558   4879 2015  5 29   9506   9519   9486 0 0 0
54406 4027 11558   4879 2015  5 30   9517   9551   9482 0 0 0
54406 4027 11558   4879 2015  5 31   9458   9499   9416 0 0 0
54406 4027 11558   4879 2015  6  1   9459   9468   9440 0 0 0
54406 4027 11558   4879 2015  6  2   9539   9559   9467 0 0 0
54406 4027 11558   4879 2015  6  3   9575   9604   9540 0 0 0
54406 4027 11558   4879 2015  6  4   9492   9553   9445 0 0 0
54406 4027 11558   4879 2015  6  5   9437   9455   9406 0 0 0
54406 4027 11558   4879 2015  6  6   9472   9498   9441 0 0 0
54406 4027 11558   4879 2015  6  7   9533   9551   9498 0 0 0
54406 4027 11558   4879 2015  6  8   9501   9536   9468 0 0 0
54406 4027 11558   4879 2015  6  9   9472   9489   9445 0 0 0
54406 4027 11558   4879 2015  6 10   9448   9493   9423 0 0 0
54406 4027 11558   4879 2015  6 11   9431   9447   9423 0 0 0
54406 4027 11558   4879 2015  6 12   9433   9443   9423 0 0 0
54406 4027 11558   4879 2015  6 13   9497   9525   9433 0 0 0
54406 4027 11558   4879 2015  6 14   9535   9552   9511 0 0 0
54406 4027 11558   4879 2015  6 15   9515   9535   9491 0 0 0
54406 4027 11558   4879 2015  6 16   9495   9506   9467 0 0 0
54406 4027 11558   4879 2015  6 17   9489   9502   9466 0 0 0
54406 4027 11558   4879 2015  6 18   9520   9540   9493 0 0 0
54406 4027 11558   4879 2015  6 19   9540   9563   9504 0 0 0
54406 4027 11558   4879 2015  6 20   9563   9584   9543 0 0 0
54406 4027 11558   4879 2015  6 21   9532   9551   9503 0 0 0
54406 4027 11558   4879 2015  6 22   9506   9518   9489 0 0 0
54406 4027 11558   4879 2015  6 23   9518   9533   9503 0 0 0
54406 4027 11558   4879 2015  6 24   9505   9517   9489 0 0 0
54406 4027 11558   4879 2015  6 25   9468   9498   9445 0 0 0
54406 4027 11558   4879 2015  6 26   9458   9479   9439 0 0 0
54406 4027 11558   4879 2015  6 27   9498   9512   9474 0 0 0
54406 4027 11558   4879 2015  6 28   9512   9532   9490 0 0 0
54406 4027 11558   4879 2015  6 29   9503   9529   9482 0 0 0
54406 4027 11558   4879 2015  6 30   9481   9536   9418 0 0 0
54406 4027 11558   4879 2015  7  1   9436   9459   9421 0 0 0
54406 4027 11558   4879 2015  7  2   9484   9495   9458 0 0 0
54406 4027 11558   4879 2015  7  3   9526   9545   9488 0 0 0
54406 4027 11558   4879 2015  7  4   9538   9559   9520 0 0 0
54406 4027 11558   4879 2015  7  5   9544   9555   9522 0 0 0
54406 4027 11558   4879 2015  7  6   9551   9563   9533 0 0 0
54406 4027 11558   4879 2015  7  7   9536   9553   9515 0 0 0
54406 4027 11558   4879 2015  7  8   9549   9561   9527 0 0 0
54406 4027 11558   4879 2015  7  9   9572   9589   9553 0 0 0
54406 4027 11558   4879 2015  7 10   9554   9574   9529 0 0 0
54406 4027 11558   4879 2015  7 11   9528   9555   9496 0 0 0
54406 4027 11558   4879 2015  7 12   9465   9513   9423 0 0 0
54406 4027 11558   4879 2015  7 13   9444   9462   9425 0 0 0
54406 4027 11558   4879 2015  7 14   9497   9508   9442 0 0 0
54406 4027 11558   4879 2015  7 15   9526   9532   9504 0 0 0
54406 4027 11558   4879 2015  7 16   9535   9548   9522 0 0 0
54406 4027 11558   4879 2015  7 17   9525   9539   9507 0 0 0
54406 4027 11558   4879 2015  7 18   9513   9521   9505 0 0 0
54406 4027 11558   4879 2015  7 19   9524   9536   9510 0 0 0
54406 4027 11558   4879 2015  7 20   9523   9540   9506 0 0 0
54406 4027 11558   4879 2015  7 21   9504   9520   9479 0 0 0
54406 4027 11558   4879 2015  7 22   9497   9520   9473 0 0 0
54406 4027 11558   4879 2015  7 23   9493   9512   9470 0 0 0
54406 4027 11558   4879 2015  7 24   9474   9489   9459 0 0 0
54406 4027 11558   4879 2015  7 25   9466   9476   9448 0 0 0
54406 4027 11558   4879 2015  7 26   9493   9507   9461 0 0 0
54406 4027 11558   4879 2015  7 27   9501   9514   9474 0 0 0
54406 4027 11558   4879 2015  7 28   9488   9515   9463 0 0 0
54406 4027 11558   4879 2015  7 29   9475   9508   9456 0 0 0
54406 4027 11558   4879 2015  7 30   9498   9513   9466 0 0 0
54406 4027 11558   4879 2015  7 31   9526   9537   9512 0 0 0
54406 4027 11558   4879 2015  8  1   9520   9535   9492 0 0 0
54406 4027 11558   4879 2015  8  2   9483   9523   9455 0 0 0
54406 4027 11558   4879 2015  8  3   9491   9506   9472 0 0 0
54406 4027 11558   4879 2015  8  4   9477   9497   9449 0 0 0
54406 4027 11558   4879 2015  8  5   9487   9497   9467 0 0 0
54406 4027 11558   4879 2015  8  6   9521   9535   9497 0 0 0
54406 4027 11558   4879 2015  8  7   9569   9587   9535 0 0 0
54406 4027 11558   4879 2015  8  8   9581   9602   9559 0 0 0
54406 4027 11558   4879 2015  8  9   9565   9578   9543 0 0 0
54406 4027 11558   4879 2015  8 10   9556   9575   9533 0 0 0
54406 4027 11558   4879 2015  8 11   9544   9562   9522 0 0 0
54406 4027 11558   4879 2015  8 12   9524   9544   9494 0 0 0
54406 4027 11558   4879 2015  8 13   9496   9518   9470 0 0 0
54406 4027 11558   4879 2015  8 14   9495   9505   9475 0 0 0
54406 4027 11558   4879 2015  8 15   9514   9534   9490 0 0 0
54406 4027 11558   4879 2015  8 16   9514   9529   9495 0 0 0
54406 4027 11558   4879 2015  8 17   9517   9532   9499 0 0 0
54406 4027 11558   4879 2015  8 18   9551   9565   9523 0 0 0
54406 4027 11558   4879 2015  8 19   9559   9575   9543 0 0 0
54406 4027 11558   4879 2015  8 20   9537   9562   9508 0 0 0
54406 4027 11558   4879 2015  8 21   9517   9539   9493 0 0 0
54406 4027 11558   4879 2015  8 22   9514   9526   9497 0 0 0
54406 4027 11558   4879 2015  8 23   9545   9561   9518 0 0 0
54406 4027 11558   4879 2015  8 24   9565   9580   9545 0 0 0
54406 4027 11558   4879 2015  8 25   9556   9574   9534 0 0 0
54406 4027 11558   4879 2015  8 26   9550   9568   9525 0 0 0
54406 4027 11558   4879 2015  8 27   9551   9567   9528 0 0 0
54406 4027 11558   4879 2015  8 28   9533   9550   9509 0 0 0
54406 4027 11558   4879 2015  8 29   9539   9552   9520 0 0 0
54406 4027 11558   4879 2015  8 30   9557   9565   9537 0 0 0
54406 4027 11558   4879 2015  8 31   9573   9581   9563 0 0 0
54406 4027 11558   4879 2015  9  1   9581   9589   9572 0 0 0
54406 4027 11558   4879 2015  9  2   9588   9603   9567 0 0 0
54406 4027 11558   4879 2015  9  3   9592   9611   9572 0 0 0
54406 4027 11558   4879 2015  9  4   9570   9587   9550 0 0 0
54406 4027 11558   4879 2015  9  5   9552   9572   9530 0 0 0
54406 4027 11558   4879 2015  9  6   9579   9595   9567 0 0 0
54406 4027 11558   4879 2015  9  7   9580   9596   9564 0 0 0
54406 4027 11558   4879 2015  9  8   9592   9602   9577 0 0 0
54406 4027 11558   4879 2015  9  9   9640   9660   9602 0 0 0
54406 4027 11558   4879 2015  9 10   9655   9675   9634 0 0 0
54406 4027 11558   4879 2015  9 11   9600   9641   9570 0 0 0
54406 4027 11558   4879 2015  9 12   9612   9633   9586 0 0 0
54406 4027 11558   4879 2015  9 13   9610   9628   9586 0 0 0
54406 4027 11558   4879 2015  9 14   9620   9631   9597 0 0 0
54406 4027 11558   4879 2015  9 15   9634   9649   9617 0 0 0
54406 4027 11558   4879 2015  9 16   9622   9635   9603 0 0 0
54406 4027 11558   4879 2015  9 17   9612   9626   9592 0 0 0
54406 4027 11558   4879 2015  9 18   9616   9631   9599 0 0 0
54406 4027 11558   4879 2015  9 19   9617   9644   9586 0 0 0
54406 4027 11558   4879 2015  9 20   9571   9597   9545 0 0 0
54406 4027 11558   4879 2015  9 21   9556   9566   9537 0 0 0
54406 4027 11558   4879 2015  9 22   9540   9563   9522 0 0 0
54406 4027 11558   4879 2015  9 23   9539   9558   9518 0 0 0
54406 4027 11558   4879 2015  9 24   9539   9564   9514 0 0 0
54406 4027 11558   4879 2015  9 25   9557   9568   9534 0 0 0
54406 4027 11558   4879 2015  9 26   9576   9598   9552 0 0 0
54406 4027 11558   4879 2015  9 27   9589   9603   9566 0 0 0
54406 4027 11558   4879 2015  9 28   9656   9685   9598 0 0 0
54406 4027 11558   4879 2015  9 29   9713   9733   9685 0 0 0
54406 4027 11558   4879 2015  9 30   9621   9714   9560 0 0 0
54406 4027 11558   4879 2015 10  1   9569   9589   9543 0 0 0
54406 4027 11558   4879 2015 10  2   9554   9572   9528 0 0 0
54406 4027 11558   4879 2015 10  3   9631   9650   9560 0 0 0
54406 4027 11558   4879 2015 10  4   9657   9680   9633 0 0 0
54406 4027 11558   4879 2015 10  5   9622   9651   9588 0 0 0
54406 4027 11558   4879 2015 10  6   9606   9635   9580 0 0 0
54406 4027 11558   4879 2015 10  7   9585   9605   9558 0 0 0
54406 4027 11558   4879 2015 10  8   9627   9656   9596 0 0 0
54406 4027 11558   4879 2015 10  9   9552   9596   9535 0 0 0
54406 4027 11558   4879 2015 10 10   9599   9621   9571 0 0 0
54406 4027 11558   4879 2015 10 11   9615   9642   9592 0 0 0
54406 4027 11558   4879 2015 10 12   9647   9667   9622 0 0 0
54406 4027 11558   4879 2015 10 13   9644   9672   9613 0 0 0
54406 4027 11558   4879 2015 10 14   9614   9628   9594 0 0 0
54406 4027 11558   4879 2015 10 15   9611   9630   9587 0 0 0
54406 4027 11558   4879 2015 10 16   9615   9635   9589 0 0 0
54406 4027 11558   4879 2015 10 17   9612   9626   9598 0 0 0
54406 4027 11558   4879 2015 10 18   9668   9698   9627 0 0 0
54406 4027 11558   4879 2015 10 19   9594   9653   9551 0 0 0
54406 4027 11558   4879 2015 10 20   9603   9627   9578 0 0 0
54406 4027 11558   4879 2015 10 21   9654   9680   9608 0 0 0
54406 4027 11558   4879 2015 10 22   9663   9682   9641 0 0 0
54406 4027 11558   4879 2015 10 23   9611   9645   9581 0 0 0
54406 4027 11558   4879 2015 10 24   9671   9700   9603 0 0 0
54406 4027 11558   4879 2015 10 25   9687   9712   9655 0 0 0
54406 4027 11558   4879 2015 10 26   9604   9661   9577 0 0 0
54406 4027 11558   4879 2015 10 27   9589   9614   9566 0 0 0
54406 4027 11558   4879 2015 10 28   9648   9665   9601 0 0 0
54406 4027 11558   4879 2015 10 29   9686   9704   9653 0 0 0
54406 4027 11558   4879 2015 10 30   9719   9732   9698 0 0 0
54406 4027 11558   4879 2015 10 31   9726   9753   9697 0 0 0
54406 4027 11558   4879 2015 11  1   9663   9701   9629 0 0 0
54406 4027 11558   4879 2015 11  2   9641   9659   9620 0 0 0
54406 4027 11558   4879 2015 11  3   9641   9651   9628 0 0 0
54406 4027 11558   4879 2015 11  4   9649   9664   9636 0 0 0
54406 4027 11558   4879 2015 11  5   9706   9730   9664 0 0 0
54406 4027 11558   4879 2015 11  6   9712   9733   9689 0 0 0
54406 4027 11558   4879 2015 11  7   9686   9706   9664 0 0 0
54406 4027 11558   4879 2015 11  8   9658   9681   9642 0 0 0
54406 4027 11558   4879 2015 11  9   9674   9685   9659 0 0 0
54406 4027 11558   4879 2015 11 10   9695   9707   9684 0 0 0
54406 4027 11558   4879 2015 11 11   9713   9724   9699 0 0 0
54406 4027 11558   4879 2015 11 12   9705   9726   9687 0 0 0
54406 4027 11558   4879 2015 11 13   9636   9687   9608 0 0 0
54406 4027 11558   4879 2015 11 14   9579   9611   9563 0 0 0
54406 4027 11558   4879 2015 11 15   9625   9647   9584 0 0 0
54406 4027 11558   4879 2015 11 16   9618   9651   9593 0 0 0
54406 4027 11558   4879 2015 11 17   9668   9691   9619 0 0 0
54406 4027 11558   4879 2015 11 18   9668   9688   9645 0 0 0
54406 4027 11558   4879 2015 11 19   9656   9670   9644 0 0 0
54406 4027 11558   4879 2015 11 20   9666   9684   9647 0 0 0
54406 4027 11558   4879 2015 11 21   9706   9733   9684 0 0 0
54406 4027 11558   4879 2015 11 22   9741   9756   9731 0 0 0
54406 4027 11558   4879 2015 11 23   9769   9805   9739 0 0 0
54406 4027 11558   4879 2015 11 24   9770   9816   9739 0 0 0
54406 4027 11558   4879 2015 11 25   9707   9739   9687 0 0 0
54406 4027 11558   4879 2015 11 26   9710   9747   9681 0 0 0
54406 4027 11558   4879 2015 11 27   9647   9686   9626 0 0 0
54406 4027 11558   4879 2015 11 28   9677   9692   9651 0 0 0
54406 4027 11558   4879 2015 11 29   9668   9683   9656 0 0 0
54406 4027 11558   4879 2015 11 30   9648   9685   9620 0 0 0
54406 4027 11558   4879 2015 12  1   9597   9629   9572 0 0 0
54406 4027 11558   4879 2015 12  2   9610   9625   9594 0 0 0
54406 4027 11558   4879 2015 12  3   9645   9688   9597 0 0 0
54406 4027 11558   4879 2015 12  4   9675   9697   9655 0 0 0
54406 4027 11558   4879 2015 12  5   9696   9722   9662 0 0 0
54406 4027 11558   4879 2015 12  6   9697   9714   9676 0 0 0
54406 4027 11558   4879 2015 12  7   9720   9734   9703 0 0 0
54406 4027 11558   4879 2015 12  8   9701   9726   9678 0 0 0
54406 4027 11558   4879 2015 12  9   9658   9685   9639 0 0 0
54406 4027 11558   4879 2015 12 10   9674   9702   9643 0 0 0
54406 4027 11558   4879 2015 12 11   9691   9714   9670 0 0 0
54406 4027 11558   4879 2015 12 12   9663   9679   9645 0 0 0
54406 4027 11558   4879 2015 12 13   9669   9690   9656 0 0 0
54406 4027 11558   4879 2015 12 14   9635   9660   9616 0 0 0
54406 4027 11558   4879 2015 12 15   9662   9690   9636 0 0 0
54406 4027 11558   4879 2015 12 16   9715   9738   9689 0 0 0
54406 4027 11558   4879 2015 12 17   9722   9744   9699 0 0 0
54406 4027 11558   4879 2015 12 18   9740   9765   9708 0 0 0
54406 4027 11558   4879 2015 12 19   9746   9773   9715 0 0 0
54406 4027 11558   4879 2015 12 20   9664   9718   9634 0 0 0
54406 4027 11558   4879 2015 12 21   9676   9698   9650 0 0 0
54406 4027 11558   4879 2015 12 22   9679   9701   9655 0 0 0
54406 4027 11558   4879 2015 12 23   9674   9692   9657 0 0 0
54406 4027 11558   4879 2015 12 24   9672   9691   9664 0 0 0
54406 4027 11558   4879 2015 12 25   9589   9665   9553 0 0 0
54406 4027 11558   4879 2015 12 26   9632   9710   9567 0 0 0
54406 4027 11558   4879 2015 12 27   9755   9772   9711 0 0 0
54406 4027 11558   4879 2015 12 28   9740   9765   9719 0 0 0
54406 4027 11558   4879 2015 12 29   9684   9720   9656 0 0 0
54406 4027 11558   4879 2015 12 30   9708   9737   9673 0 0 0
54406 4027 11558   4879 2015 12 31   9722   9745   9696 0 0 0
54406 4027 11558   4879 2016  1  1   9645   9696   9610 0 0 0
54406 4027 11558   4879 2016  1  2   9614   9628   9596 0 0 0
54406 4027 11558   4879 2016  1  3   9623   9649   9604 0 0 0
54406 4027 11558   4879 2016  1  4   9696   9718   9649 0 0 0
54406 4027 11558   4879 2016  1  5   9695   9715   9669 0 0 0
54406 4027 11558   4879 2016  1  6   9710   9735   9692 0 0 0
54406 4027 11558   4879 2016  1  7   9716   9752   9683 0 0 0
54406 4027 11558   4879 2016  1  8   9678   9704   9660 0 0 0
54406 4027 11558   4879 2016  1  9   9649   9666   9627 0 0 0
54406 4027 11558   4879 2016  1 10   9696   9735   9652 0 0 0
54406 4027 11558   4879 2016  1 11   9752   9771   9730 0 0 0
54406 4027 11558   4879 2016  1 12   9721   9759   9687 0 0 0
54406 4027 11558   4879 2016  1 13   9639   9688   9612 0 0 0
54406 4027 11558   4879 2016  1 14   9601   9628   9582 0 0 0
54406 4027 11558   4879 2016  1 15   9581   9597   9556 0 0 0
54406 4027 11558   4879 2016  1 16   9612   9631   9582 0 0 0
54406 4027 11558   4879 2016  1 17   9654   9685   9625 0 0 0
54406 4027 11558   4879 2016  1 18   9656   9670   9639 0 0 0
54406 4027 11558   4879 2016  1 19   9687   9709   9669 0 0 0
54406 4027 11558   4879 2016  1 20   9720   9743   9697 0 0 0
54406 4027 11558   4879 2016  1 21   9715   9733   9694 0 0 0
54406 4027 11558   4879 2016  1 22   9797   9823   9733 0 0 0
54406 4027 11558   4879 2016  1 23   9806   9824   9788 0 0 0
54406 4027 11558   4879 2016  1 24   9790   9826   9752 0 0 0
54406 4027 11558   4879 2016  1 25   9710   9759   9668 0 0 0
54406 4027 11558   4879 2016  1 26   9674   9693   9660 0 0 0
54406 4027 11558   4879 2016  1 27   9667   9685   9648 0 0 0
54406 4027 11558   4879 2016  1 28   9695   9710   9663 0 0 0
54406 4027 11558   4879 2016  1 29   9727   9744   9705 0 0 0
54406 4027 11558   4879 2016  1 30   9739   9752   9721 0 0 0
54406 4027 11558   4879 2016  1 31   9762   9779   9739 0 0 0
54406 4027 11558   4879 2016  2  1   9752   9769   9736 0 0 0
54406 4027 11558   4879 2016  2  2   9711   9750   9675 0 0 0
54406 4027 11558   4879 2016  2  3   9682   9697   9657 0 0 0
54406 4027 11558   4879 2016  2  4   9708   9728   9680 0 0 0
54406 4027 11558   4879 2016  2  5   9710   9715   9694 0 0 0
54406 4027 11558   4879 2016  2  6   9691   9722   9661 0 0 0
54406 4027 11558   4879 2016  2  7   9610   9667   9579 0 0 0
54406 4027 11558   4879 2016  2  8   9567   9594   9536 0 0 0
54406 4027 11558   4879 2016  2  9   9619   9648   9594 0 0 0
54406 4027 11558   4879 2016  2 10   9587   9607   9561 0 0 0
54406 4027 11558   4879 2016  2 11   9576   9590   9559 0 0 0
54406 4027 11558   4879 2016  2 12   9582   9594   9560 0 0 0
54406 4027 11558   4879 2016  2 13   9670   9710   9593 0 0 0
54406 4027 11558   4879 2016  2 14   9712   9732   9697 0 0 0
54406 4027 11558   4879 2016  2 15   9663   9711   9638 0 0 0
54406 4027 11558   4879 2016  2 16   9636   9658   9617 0 0 0
54406 4027 11558   4879 2016  2 17   9629   9672   9589 0 0 0
54406 4027 11558   4879 2016  2 18   9615   9641   9584 0 0 0
54406 4027 11558   4879 2016  2 19   9688   9731   9642 0 0 0
54406 4027 11558   4879 2016  2 20   9696   9736   9656 0 0 0
54406 4027 11558   4879 2016  2 21   9656   9675   9630 0 0 0
54406 4027 11558   4879 2016  2 22   9679   9731   9641 0 0 0
54406 4027 11558   4879 2016  2 23   9771   9792   9731 0 0 0
54406 4027 11558   4879 2016  2 24   9741   9776   9705 0 0 0
54406 4027 11558   4879 2016  2 25   9721   9743   9686 0 0 0
54406 4027 11558   4879 2016  2 26   9658   9723   9596 0 0 0
54406 4027 11558   4879 2016  2 27   9649   9662   9629 0 0 0
54406 4027 11558   4879 2016  2 28   9702   9747   9653 0 0 0
54406 4027 11558   4879 2016  2 29   9717   9751   9677 0 0 0
54406 4027 11558   4879 2016  3  1   9639   9683   9595 0 0 0
54406 4027 11558   4879 2016  3  2   9580   9610   9556 0 0 0
54406 4027 11558   4879 2016  3  3   9544   9573   9523 0 0 0
54406 4027 11558   4879 2016  3  4   9593   9618   9555 0 0 0
54406 4027 11558   4879 2016  3  5   9617   9631   9598 0 0 0
54406 4027 11558   4879 2016  3  6   9585   9619   9550 0 0 0
54406 4027 11558   4879 2016  3  7   9632   9669   9572 0 0 0
54406 4027 11558   4879 2016  3  8   9704   9723   9669 0 0 0
54406 4027 11558   4879 2016  3  9   9728   9748   9701 0 0 0
54406 4027 11558   4879 2016  3 10   9705   9739   9670 0 0 0
54406 4027 11558   4879 2016  3 11   9643   9688   9599 0 0 0
54406 4027 11558   4879 2016  3 12   9582   9610   9549 0 0 0
54406 4027 11558   4879 2016  3 13   9652   9681   9591 0 0 0
54406 4027 11558   4879 2016  3 14   9637   9667   9600 0 0 0
54406 4027 11558   4879 2016  3 15   9586   9618   9557 0 0 0
54406 4027 11558   4879 2016  3 16   9580   9605   9554 0 0 0
54406 4027 11558   4879 2016  3 17   9541   9576   9506 0 0 0
54406 4027 11558   4879 2016  3 18   9557   9578   9525 0 0 0
54406 4027 11558   4879 2016  3 19   9633   9652   9578 0 0 0
54406 4027 11558   4879 2016  3 20   9671   9699   9643 0 0 0
54406 4027 11558   4879 2016  3 21   9642   9674   9605 0 0 0
54406 4027 11558   4879 2016  3 22   9640   9660   9610 0 0 0
54406 4027 11558   4879 2016  3 23   9727   9744   9660 0 0 0
54406 4027 11558   4879 2016  3 24   9733   9755   9694 0 0 0
54406 4027 11558   4879 2016  3 25   9700   9724   9668 0 0 0
54406 4027 11558   4879 2016  3 26   9673   9697   9641 0 0 0
54406 4027 11558   4879 2016  3 27   9620   9656   9575 0 0 0
54406 4027 11558   4879 2016  3 28   9551   9584   9510 0 0 0
54406 4027 11558   4879 2016  3 29   9590   9607   9558 0 0 0
54406 4027 11558   4879 2016  3 30   9590   9624   9551 0 0 0
54406 4027 11558   4879 2016  3 31   9503   9559   9463 0 0 0
54406 4027 11558   4879 2016  4  1   9523   9569   9457 0 0 0
54406 4027 11558   4879 2016  4  2   9625   9648   9568 0 0 0
54406 4027 11558   4879 2016  4  3   9636   9672   9586 0 0 0
54406 4027 11558   4879 2016  4  4   9551   9595   9512 0 0 0
54406 4027 11558   4879 2016  4  5   9551   9576   9525 0 0 0
54406 4027 11558   4879 2016  4  6   9524   9565   9472 0 0 0
54406 4027 11558   4879 2016  4  7   9554   9581   9509 0 0 0
54406 4027 11558   4879 2016  4  8   9571   9614   9512 0 0 0
54406 4027 11558   4879 2016  4  9   9527   9543   9496 0 0 0
54406 4027 11558   4879 2016  4 10   9587   9600   9533 0 0 0
54406 4027 11558   4879 2016  4 11   9593   9640   9529 0 0 0
54406 4027 11558   4879 2016  4 12   9503   9555   9471 0 0 0
54406 4027 11558   4879 2016  4 13   9484   9511   9459 0 0 0
54406 4027 11558   4879 2016  4 14   9573   9601   9511 0 0 0
54406 4027 11558   4879 2016  4 15   9553   9580   9512 0 0 0
54406 4027 11558   4879 2016  4 16   9539   9567   9524 0 0 0
54406 4027 11558   4879 2016  4 17   9543   9564   9520 0 0 0
54406 4027 11558   4879 2016  4 18   9557   9571   9537 0 0 0
54406 4027 11558   4879 2016  4 19   9587   9601   9560 0 0 0
54406 4027 11558   4879 2016  4 20   9562   9598   9512 0 0 0
54406 4027 11558   4879 2016  4 21   9487   9523   9453 0 0 0
54406 4027 11558   4879 2016  4 22   9532   9543   9505 0 0 0
54406 4027 11558   4879 2016  4 23   9571   9594   9542 0 0 0
54406 4027 11558   4879 2016  4 24   9536   9571   9499 0 0 0
54406 4027 11558   4879 2016  4 25   9547   9560   9517 0 0 0
54406 4027 11558   4879 2016  4 26   9589   9605   9560 0 0 0
54406 4027 11558   4879 2016  4 27   9571   9590   9553 0 0 0
54406 4027 11558   4879 2016  4 28   9576   9601   9545 0 0 0
54406 4027 11558   4879 2016  4 29   9510   9568   9463 0 0 0
54406 4027 11558   4879 2016  4 30   9472   9498   9440 0 0 0
54406 4027 11558   4879 2016  5  1   9456   9474   9427 0 0 0
54406 4027 11558   4879 2016  5  2   9530   9557   9471 0 0 0
54406 4027 11558   4879 2016  5  3   9467   9528   9437 0 0 0
54406 4027 11558   4879 2016  5  4   9499   9520   9469 0 0 0
54406 4027 11558   4879 2016  5  5   9497   9518   9460 0 0 0
54406 4027 11558   4879 2016  5  6   9555   9574   9504 0 0 0
54406 4027 11558   4879 2016  5  7   9606   9635   9574 0 0 0
54406 4027 11558   4879 2016  5  8   9557   9592   9520 0 0 0
54406 4027 11558   4879 2016  5  9   9562   9585   9528 0 0 0
54406 4027 11558   4879 2016  5 10   9536   9568   9498 0 0 0
54406 4027 11558   4879 2016  5 11   9461   9509   9429 0 0 0
54406 4027 11558   4879 2016  5 12   9541   9603   9432 0 0 0
54406 4027 11558   4879 2016  5 13   9628   9657   9597 0 0 0
54406 4027 11558   4879 2016  5 14   9590   9622   9565 0 0 0
54406 4027 11558   4879 2016  5 15   9571   9590   9541 0 0 0
54406 4027 11558   4879 2016  5 16   9527   9559   9490 0 0 0
54406 4027 11558   4879 2016  5 17   9530   9548   9496 0 0 0
54406 4027 11558   4879 2016  5 18   9559   9569   9531 0 0 0
54406 4027 11558   4879 2016  5 19   9575   9585   9564 0 0 0
54406 4027 11558   4879 2016  5 20   9593   9602   9576 0 0 0
54406 4027 11558   4879 2016  5 21   9624   9635   9593 0 0 0
54406 4027 11558   4879 2016  5 22   9617   9643   9577 0 0 0
54406 4027 11558   4879 2016  5 23   9542   9589   9517 0 0 0
54406 4027 11558   4879 2016  5 24   9481   9531   9440 0 0 0
54406 4027 11558   4879 2016  5 25   9508   9524   9474 0 0 0
54406 4027 11558   4879 2016  5 26   9540   9554   9515 0 0 0
54406 4027 11558   4879 2016  5 27   9540   9562   9508 0 0 0
54406 4027 11558   4879 2016  5 28   9501   9526   9470 0 0 0
54406 4027 11558   4879 2016  5 29   9515   9546   9485 0 0 0
54406 4027 11558   4879 2016  5 30   9480   9501   9449 0 0 0
54406 4027 11558   4879 2016  5 31   9532   9558   9465 0 0 0
54406 4027 11558   4879 2016  6  1   9565   9583   9541 0 0 0
54406 4027 11558   4879 2016  6  2   9539   9566   9506 0 0 0
54406 4027 11558   4879 2016  6  3   9509   9526   9492 0 0 0
54406 4027 11558   4879 2016  6  4   9507   9521   9494 0 0 0
54406 4027 11558   4879 2016  6  5   9539   9554   9520 0 0 0
54406 4027 11558   4879 2016  6  6   9538   9554   9514 0 0 0
54406 4027 11558   4879 2016  6  7   9550   9568   9525 0 0 0
54406 4027 11558   4879 2016  6  8   9528   9547   9502 0 0 0
54406 4027 11558   4879 2016  6  9   9506   9526   9455 0 0 0
54406 4027 11558   4879 2016  6 10   9489   9513   9463 0 0 0
54406 4027 11558   4879 2016  6 11   9528   9544   9507 0 0 0
54406 4027 11558   4879 2016  6 12   9514   9537   9480 0 0 0
54406 4027 11558   4879 2016  6 13   9482   9500   9455 0 0 0
54406 4027 11558   4879 2016  6 14   9443   9468   9429 0 0 0
54406 4027 11558   4879 2016  6 15   9474   9488   9457 0 0 0
54406 4027 11558   4879 2016  6 16   9446   9477   9412 0 0 0
54406 4027 11558   4879 2016  6 17   9442   9466   9407 0 0 0
54406 4027 11558   4879 2016  6 18   9499   9513   9463 0 0 0
54406 4027 11558   4879 2016  6 19   9506   9527   9481 0 0 0
54406 4027 11558   4879 2016  6 20   9478   9491   9459 0 0 0
54406 4027 11558   4879 2016  6 21   9474   9491   9447 0 0 0
54406 4027 11558   4879 2016  6 22   9475   9492   9445 0 0 0
54406 4027 11558   4879 2016  6 23   9489   9506   9462 0 0 0
54406 4027 11558   4879 2016  6 24   9518   9536   9490 0 0 0
54406 4027 11558   4879 2016  6 25   9532   9558   9507 0 0 0
54406 4027 11558   4879 2016  6 26   9510   9536   9478 0 0 0
54406 4027 11558   4879 2016  6 27   9486   9503   9464 0 0 0
54406 4027 11558   4879 2016  6 28   9498   9506   9477 0 0 0
54406 4027 11558   4879 2016  6 29   9491   9506   9472 0 0 0
54406 4027 11558   4879 2016  6 30   9493   9507   9472 0 0 0
54406 4027 11558   4879 2016  7  1   9497   9515   9475 0 0 0
54406 4027 11558   4879 2016  7  2   9503   9518   9485 0 0 0
54406 4027 11558   4879 2016  7  3   9514   9523   9496 0 0 0
54406 4027 11558   4879 2016  7  4   9526   9536   9512 0 0 0
54406 4027 11558   4879 2016  7  5   9551   9565   9532 0 0 0
54406 4027 11558   4879 2016  7  6   9566   9581   9546 0 0 0
54406 4027 11558   4879 2016  7  7   9558   9575   9539 0 0 0
54406 4027 11558   4879 2016  7  8   9535   9555   9508 0 0 0
54406 4027 11558   4879 2016  7  9   9505   9524   9478 0 0 0
54406 4027 11558   4879 2016  7 10   9484   9502   9458 0 0 0
54406 4027 11558   4879 2016  7 11   9456   9480   9431 0 0 0
54406 4027 11558   4879 2016  7 12   9465   9483   9443 0 0 0
54406 4027 11558   4879 2016  7 13   9502   9516   9476 0 0 0
54406 4027 11558   4879 2016  7 14   9517   9532   9498 0 0 0
54406 4027 11558   4879 2016  7 15   9494   9524   9479 0 0 0
54406 4027 11558   4879 2016  7 16   9484   9495   9471 0 0 0
54406 4027 11558   4879 2016  7 17   9518   9531   9495 0 0 0
54406 4027 11558   4879 2016  7 18   9524   9534   9511 0 0 0
54406 4027 11558   4879 2016  7 19   9528   9536   9518 0 0 0
54406 4027 11558   4879 2016  7 20   9487   9534   9453 0 0 0
54406 4027 11558   4879 2016  7 21   9466   9471   9456 0 0 0
54406 4027 11558   4879 2016  7 22   9467   9477   9453 0 0 0
54406 4027 11558   4879 2016  7 23   9472   9491   9455 0 0 0
54406 4027 11558   4879 2016  7 24   9501   9513   9479 0 0 0
54406 4027 11558   4879 2016  7 25   9482   9515   9470 0 0 0
54406 4027 11558   4879 2016  7 26   9498   9513   9485 0 0 0
54406 4027 11558   4879 2016  7 27   9489   9506   9455 0 0 0
54406 4027 11558   4879 2016  7 28   9478   9506   9462 0 0 0
54406 4027 11558   4879 2016  7 29   9503   9517   9473 0 0 0
54406 4027 11558   4879 2016  7 30   9531   9547   9513 0 0 0
54406 4027 11558   4879 2016  7 31   9541   9560   9527 0 0 0
54406 4027 11558   4879 2016  8  1   9547   9557   9529 0 0 0
54406 4027 11558   4879 2016  8  2   9554   9568   9537 0 0 0
54406 4027 11558   4879 2016  8  3   9555   9568   9540 0 0 0
54406 4027 11558   4879 2016  8  4   9553   9567   9537 0 0 0
54406 4027 11558   4879 2016  8  5   9550   9563   9533 0 0 0
54406 4027 11558   4879 2016  8  6   9518   9544   9487 0 0 0
54406 4027 11558   4879 2016  8  7   9536   9551   9509 0 0 0
54406 4027 11558   4879 2016  8  8   9552   9566   9533 0 0 0
54406 4027 11558   4879 2016  8  9   9536   9552   9515 0 0 0
54406 4027 11558   4879 2016  8 10   9522   9533   9504 0 0 0
54406 4027 11558   4879 2016  8 11   9521   9534   9509 0 0 0
54406 4027 11558   4879 2016  8 12   9519   9528   9507 0 0 0
54406 4027 11558   4879 2016  8 13   9526   9536   9513 0 0 0
54406 4027 11558   4879 2016  8 14   9529   9543   9512 0 0 0
54406 4027 11558   4879 2016  8 15   9531   9555   9515 0 0 0
54406 4027 11558   4879 2016  8 16   9508   9529   9486 0 0 0
54406 4027 11558   4879 2016  8 17   9495   9505   9482 0 0 0
54406 4027 11558   4879 2016  8 18   9473   9499   9461 0 0 0
54406 4027 11558   4879 2016  8 19   9517   9534   9483 0 0 0
54406 4027 11558   4879 2016  8 20   9540   9554   9521 0 0 0
54406 4027 11558   4879 2016  8 21   9549   9562   9532 0 0 0
54406 4027 11558   4879 2016  8 22   9565   9581   9549 0 0 0
54406 4027 11558   4879 2016  8 23   9525   9557   9503 0 0 0
54406 4027 11558   4879 2016  8 24   9505   9521   9483 0 0 0
54406 4027 11558   4879 2016  8 25   9568   9605   9498 0 0 0
54406 4027 11558   4879 2016  8 26   9616   9640   9588 0 0 0
54406 4027 11558   4879 2016  8 27   9585   9607   9556 0 0 0
54406 4027 11558   4879 2016  8 28   9578   9604   9551 0 0 0
54406 4027 11558   4879 2016  8 29   9575   9594   9560 0 0 0
54406 4027 11558   4879 2016  8 30   9520   9568   9472 0 0 0
54406 4027 11558   4879 2016  8 31   9445   9482   9411 0 0 0
54406 4027 11558   4879 2016  9  1   9423   9448   9405 0 0 0
54406 4027 11558   4879 2016  9  2   9477   9500   9447 0 0 0
54406 4027 11558   4879 2016  9  3   9522   9536   9500 0 0 0
54406 4027 11558   4879 2016  9  4   9545   9555   9525 0 0 0
54406 4027 11558   4879 2016  9  5   9557   9567   9539 0 0 0
54406 4027 11558   4879 2016  9  6   9545   9567   9517 0 0 0
54406 4027 11558   4879 2016  9  7   9513   9526   9492 0 0 0
54406 4027 11558   4879 2016  9  8   9522   9536   9505 0 0 0
54406 4027 11558   4879 2016  9  9   9543   9558   9521 0 0 0
54406 4027 11558   4879 2016  9 10   9555   9571   9533 0 0 0
54406 4027 11558   4879 2016  9 11   9579   9596   9551 0 0 0
54406 4027 11558   4879 2016  9 12   9613   9626   9593 0 0 0
54406 4027 11558   4879 2016  9 13   9616   9633   9597 0 0 0
54406 4027 11558   4879 2016  9 14   9607   9626   9579 0 0 0
54406 4027 11558   4879 2016  9 15   9596   9614   9570 0 0 0
54406 4027 11558   4879 2016  9 16   9576   9585   9551 0 0 0
54406 4027 11558   4879 2016  9 17   9618   9633   9578 0 0 0
54406 4027 11558   4879 2016  9 18   9635   9649   9618 0 0 0
54406 4027 11558   4879 2016  9 19   9657   9681   9634 0 0 0
54406 4027 11558   4879 2016  9 20   9642   9663   9618 0 0 0
54406 4027 11558   4879 2016  9 21   9626   9645   9609 0 0 0
54406 4027 11558   4879 2016  9 22   9593   9624   9565 0 0 0
54406 4027 11558   4879 2016  9 23   9560   9581   9536 0 0 0
54406 4027 11558   4879 2016  9 24   9548   9578   9522 0 0 0
54406 4027 11558   4879 2016  9 25   9586   9603   9546 0 0 0
54406 4027 11558   4879 2016  9 26   9580   9595   9556 0 0 0
54406 4027 11558   4879 2016  9 27   9655   9692   9574 0 0 0
54406 4027 11558   4879 2016  9 28   9688   9718   9650 0 0 0
54406 4027 11558   4879 2016  9 29   9622   9661   9591 0 0 0
54406 4027 11558   4879 2016  9 30   9589   9611   9559 0 0 0
54406 4027 11558   4879 2016 10  1   9583   9592   9566 0 0 0
54406 4027 11558   4879 2016 10  2   9565   9599   9538 0 0 0
54406 4027 11558   4879 2016 10  3   9554   9577   9531 0 0 0
54406 4027 11558   4879 2016 10  4   9588   9600   9564 0 0 0
54406 4027 11558   4879 2016 10  5   9612   9629   9596 0 0 0
54406 4027 11558   4879 2016 10  6   9672   9692   9629 0 0 0
54406 4027 11558   4879 2016 10  7   9617   9670   9579 0 0 0
54406 4027 11558   4879 2016 10  8   9644   9662   9606 0 0 0
54406 4027 11558   4879 2016 10  9   9647   9671   9621 0 0 0
54406 4027 11558   4879 2016 10 10   9603   9630   9567 0 0 0
54406 4027 11558   4879 2016 10 11   9643   9664   9591 0 0 0
54406 4027 11558   4879 2016 10 12   9662   9691   9634 0 0 0
54406 4027 11558   4879 2016 10 13   9626   9656   9599 0 0 0
54406 4027 11558   4879 2016 10 14   9636   9654   9614 0 0 0
54406 4027 11558   4879 2016 10 15   9649   9660   9636 0 0 0
54406 4027 11558   4879 2016 10 16   9608   9646   9576 0 0 0
54406 4027 11558   4879 2016 10 17   9635   9659   9600 0 0 0
54406 4027 11558   4879 2016 10 18   9626   9647   9599 0 0 0
54406 4027 11558   4879 2016 10 19   9597   9613   9574 0 0 0
54406 4027 11558   4879 2016 10 20   9643   9659   9602 0 0 0
54406 4027 11558   4879 2016 10 21   9613   9655   9581 0 0 0
54406 4027 11558   4879 2016 10 22   9653   9669   9608 0 0 0
54406 4027 11558   4879 2016 10 23   9648   9670   9625 0 0 0
54406 4027 11558   4879 2016 10 24   9593   9634   9560 0 0 0
54406 4027 11558   4879 2016 10 25   9570   9589   9544 0 0 0
54406 4027 11558   4879 2016 10 26   9655   9680   9581 0 0 0
54406 4027 11558   4879 2016 10 27   9683   9693   9663 0 0 0
54406 4027 11558   4879 2016 10 28   9716   9734   9686 0 0 0
54406 4027 11558   4879 2016 10 29   9715   9747   9675 0 0 0
54406 4027 11558   4879 2016 10 30   9679   9729   9642 0 0 0
54406 4027 11558   4879 2016 10 31   9773   9796   9729 0 0 0
54406 4027 11558   4879 2016 11  1   9738   9771   9700 0 0 0
54406 4027 11558   4879 2016 11  2   9670   9710   9646 0 0 0
54406 4027 11558   4879 2016 11  3   9598   9654   9557 0 0 0
54406 4027 11558   4879 2016 11  4   9514   9564   9474 0 0 0
54406 4027 11558   4879 2016 11  5   9566   9635   9488 0 0 0
54406 4027 11558   4879 2016 11  6   9673   9691   9635 0 0 0
54406 4027 11558   4879 2016 11  7   9711   9749   9665 0 0 0
54406 4027 11558   4879 2016 11  8   9742   9762   9714 0 0 0
54406 4027 11558   4879 2016 11  9   9694   9746   9648 0 0 0
54406 4027 11558   4879 2016 11 10   9565   9649   9525 0 0 0
54406 4027 11558   4879 2016 11 11   9559   9575   9539 0 0 0
54406 4027 11558   4879 2016 11 12   9612   9629   9575 0 0 0
54406 4027 11558   4879 2016 11 13   9589   9619   9554 0 0 0
54406 4027 11558   4879 2016 11 14   9642   9673   9570 0 0 0
54406 4027 11558   4879 2016 11 15   9664   9689   9635 0 0 0
54406 4027 11558   4879 2016 11 16   9627   9641   9609 0 0 0
54406 4027 11558   4879 2016 11 17   9640   9663   9613 0 0 0
54406 4027 11558   4879 2016 11 18   9566   9617   9538 0 0 0
54406 4027 11558   4879 2016 11 19   9602   9639   9544 0 0 0
54406 4027 11558   4879 2016 11 20   9655   9664   9636 0 0 0
54406 4027 11558   4879 2016 11 21   9714   9768   9656 0 0 0
54406 4027 11558   4879 2016 11 22   9781   9803   9757 0 0 0
54406 4027 11558   4879 2016 11 23   9746   9787   9712 0 0 0
54406 4027 11558   4879 2016 11 24   9689   9735   9644 0 0 0
54406 4027 11558   4879 2016 11 25   9651   9671   9627 0 0 0
54406 4027 11558   4879 2016 11 26   9614   9644   9591 0 0 0
54406 4027 11558   4879 2016 11 27   9680   9722   9604 0 0 0
54406 4027 11558   4879 2016 11 28   9724   9738   9700 0 0 0
54406 4027 11558   4879 2016 11 29   9734   9752   9710 0 0 0
54406 4027 11558   4879 2016 11 30   9655   9710   9623 0 0 0
54406 4027 11558   4879 2016 12  1   9722   9747   9676 0 0 0
54406 4027 11558   4879 2016 12  2   9706   9734   9671 0 0 0
54406 4027 11558   4879 2016 12  3   9624   9679   9587 0 0 0
54406 4027 11558   4879 2016 12  4   9589   9601   9571 0 0 0
54406 4027 11558   4879 2016 12  5   9681   9717   9601 0 0 0
54406 4027 11558   4879 2016 12  6   9628   9709   9577 0 0 0
54406 4027 11558   4879 2016 12  7   9639   9670   9607 0 0 0
54406 4027 11558   4879 2016 12  8   9598   9645   9556 0 0 0
54406 4027 11558   4879 2016 12  9   9681   9700   9644 0 0 0
54406 4027 11558   4879 2016 12 10   9693   9714   9670 0 0 0
54406 4027 11558   4879 2016 12 11   9645   9688   9610 0 0 0
54406 4027 11558   4879 2016 12 12   9649   9688   9620 0 0 0
54406 4027 11558   4879 2016 12 13   9709   9725   9687 0 0 0
54406 4027 11558   4879 2016 12 14   9726   9757   9690 0 0 0
54406 4027 11558   4879 2016 12 15   9728   9750   9691 0 0 0
54406 4027 11558   4879 2016 12 16   9667   9738   9621 0 0 0
54406 4027 11558   4879 2016 12 17   9634   9649   9617 0 0 0
54406 4027 11558   4879 2016 12 18   9650   9669   9632 0 0 0
54406 4027 11558   4879 2016 12 19   9663   9681   9648 0 0 0
54406 4027 11558   4879 2016 12 20   9690   9706   9670 0 0 0
54406 4027 11558   4879 2016 12 21   9662   9692   9637 0 0 0
54406 4027 11558   4879 2016 12 22   9649   9667   9625 0 0 0
54406 4027 11558   4879 2016 12 23   9693   9720   9667 0 0 0
54406 4027 11558   4879 2016 12 24   9691   9704   9675 0 0 0
54406 4027 11558   4879 2016 12 25   9686   9703   9664 0 0 0
54406 4027 11558   4879 2016 12 26   9712   9732   9684 0 0 0
54406 4027 11558   4879 2016 12 27   9733   9772   9710 0 0 0
54406 4027 11558   4879 2016 12 28   9721   9755   9693 0 0 0
54406 4027 11558   4879 2016 12 29   9742   9771   9708 0 0 0
54406 4027 11558   4879 2016 12 30   9688   9717   9663 0 0 0
54406 4027 11558   4879 2016 12 31   9666   9689   9650 0 0 0
54406 4027 11558   4879 2017  1  1   9653   9675   9628 0 0 0
54406 4027 11558   4879 2017  1  2   9658   9683   9637 0 0 0
54406 4027 11558   4879 2017  1  3   9634   9647   9611 0 0 0
54406 4027 11558   4879 2017  1  4   9660   9679   9641 0 0 0
54406 4027 11558   4879 2017  1  5   9695   9718   9667 0 0 0
54406 4027 11558   4879 2017  1  6   9671   9700   9648 0 0 0
54406 4027 11558   4879 2017  1  7   9647   9660   9639 0 0 0
54406 4027 11558   4879 2017  1  8   9639   9659   9612 0 0 0
54406 4027 11558   4879 2017  1  9   9656   9691   9622 0 0 0
54406 4027 11558   4879 2017  1 10   9685   9705   9626 0 0 0
54406 4027 11558   4879 2017  1 11   9651   9689   9624 0 0 0
54406 4027 11558   4879 2017  1 12   9614   9642   9583 0 0 0
54406 4027 11558   4879 2017  1 13   9655   9683   9599 0 0 0
54406 4027 11558   4879 2017  1 14   9717   9738   9683 0 0 0
54406 4027 11558   4879 2017  1 15   9713   9745   9681 0 0 0
54406 4027 11558   4879 2017  1 16   9702   9719   9689 0 0 0
54406 4027 11558   4879 2017  1 17   9695   9710   9675 0 0 0
54406 4027 11558   4879 2017  1 18   9719   9746   9692 0 0 0
54406 4027 11558   4879 2017  1 19   9698   9745   9662 0 0 0
54406 4027 11558   4879 2017  1 20   9717   9749   9680 0 0 0
54406 4027 11558   4879 2017  1 21   9695   9736   9659 0 0 0
54406 4027 11558   4879 2017  1 22   9732   9750   9708 0 0 0
54406 4027 11558   4879 2017  1 23   9734   9751   9708 0 0 0
54406 4027 11558   4879 2017  1 24   9748   9775   9731 0 0 0
54406 4027 11558   4879 2017  1 25   9705   9742   9666 0 0 0
54406 4027 11558   4879 2017  1 26   9650   9718   9607 0 0 0
54406 4027 11558   4879 2017  1 27   9693   9731   9645 0 0 0
54406 4027 11558   4879 2017  1 28   9609   9657   9584 0 0 0
54406 4027 11558   4879 2017  1 29   9698   9751   9608 0 0 0
54406 4027 11558   4879 2017  1 30   9758   9800   9718 0 0 0
54406 4027 11558   4879 2017  1 31   9688   9718   9655 0 0 0
54406 4027 11558   4879 2017  2  1   9761   9795   9701 0 0 0
54406 4027 11558   4879 2017  2  2   9705   9746   9665 0 0 0
54406 4027 11558   4879 2017  2  3   9634   9668   9595 0 0 0
54406 4027 11558   4879 2017  2  4   9598   9612   9568 0 0 0
54406 4027 11558   4879 2017  2  5   9634   9658   9609 0 0 0
54406 4027 11558   4879 2017  2  6   9707   9733   9657 0 0 0
54406 4027 11558   4879 2017  2  7   9700   9720   9684 0 0 0
54406 4027 11558   4879 2017  2  8   9714   9726   9694 0 0 0
54406 4027 11558   4879 2017  2  9   9690   9724   9665 0 0 0
54406 4027 11558   4879 2017  2 10   9696   9715   9680 0 0 0
54406 4027 11558   4879 2017  2 11   9684   9704   9656 0 0 0
54406 4027 11558   4879 2017  2 12   9672   9691   9647 0 0 0
54406 4027 11558   4879 2017  2 13   9719   9742   9663 0 0 0
54406 4027 11558   4879 2017  2 14   9721   9748   9684 0 0 0
54406 4027 11558   4879 2017  2 15   9615   9695   9558 0 0 0
54406 4027 11558   4879 2017  2 16   9606   9684   9550 0 0 0
54406 4027 11558   4879 2017  2 17   9701   9735   9668 0 0 0
54406 4027 11558   4879 2017  2 18   9626   9671   9574 0 0 0
54406 4027 11558   4879 2017  2 19   9526   9601   9481 0 0 0
54406 4027 11558   4879 2017  2 20   9705   9737   9601 0 0 0
54406 4027 11558   4879 2017  2 21   9691   9736   9650 0 0 0
54406 4027 11558   4879 2017  2 22   9637   9668   9620 0 0 0
54406 4027 11558   4879 2017  2 23   9686   9713   9659 0 0 0
54406 4027 11558   4879 2017  2 24   9662   9678   9638 0 0 0
54406 4027 11558   4879 2017  2 25   9644   9665   9617 0 0 0
54406 4027 11558   4879 2017  2 26   9656   9679   9631 0 0 0
54406 4027 11558   4879 2017  2 27   9630   9658   9598 0 0 0
54406 4027 11558   4879 2017  2 28   9615   9635   9587 0 0 0
54406 4027 11558   4879 2017  3  1   9656   9684   9606 0 0 0
54406 4027 11558   4879 2017  3  2   9594   9683   9542 0 0 0
54406 4027 11558   4879 2017  3  3   9558   9569   9535 0 0 0
54406 4027 11558   4879 2017  3  4   9585   9599   9548 0 0 0
54406 4027 11558   4879 2017  3  5   9643   9663   9591 0 0 0
54406 4027 11558   4879 2017  3  6   9615   9648   9589 0 0 0
54406 4027 11558   4879 2017  3  7   9654   9669   9631 0 0 0
54406 4027 11558   4879 2017  3  8   9607   9648   9568 0 0 0
54406 4027 11558   4879 2017  3  9   9567   9587   9540 0 0 0
54406 4027 11558   4879 2017  3 10   9587   9614   9559 0 0 0
54406 4027 11558   4879 2017  3 11   9610   9631   9578 0 0 0
54406 4027 11558   4879 2017  3 12   9686   9709   9632 0 0 0
54406 4027 11558   4879 2017  3 13   9688   9716   9649 0 0 0
54406 4027 11558   4879 2017  3 14   9675   9700   9646 0 0 0
54406 4027 11558   4879 2017  3 15   9648   9678   9609 0 0 0
54406 4027 11558   4879 2017  3 16   9606   9624   9584 0 0 0
54406 4027 11558   4879 2017  3 17   9604   9620   9586 0 0 0
54406 4027 11558   4879 2017  3 18   9656   9681   9614 0 0 0
54406 4027 11558   4879 2017  3 19   9656   9679   9631 0 0 0
54406 4027 11558   4879 2017  3 20   9640   9657   9619 0 0 0
54406 4027 11558   4879 2017  3 21   9655   9688   9616 0 0 0
54406 4027 11558   4879 2017  3 22   9610   9632   9593 0 0 0
54406 4027 11558   4879 2017  3 23   9653   9671   9610 0 0 0
54406 4027 11558   4879 2017  3 24   9635   9664   9617 0 0 0
54406 4027 11558   4879 2017  3 25   9628   9639   9614 0 0 0
54406 4027 11558   4879 2017  3 26   9628   9642   9609 0 0 0
54406 4027 11558   4879 2017  3 27   9636   9660   9609 0 0 0
54406 4027 11558   4879 2017  3 28   9620   9636   9593 0 0 0
54406 4027 11558   4879 2017  3 29   9612   9628   9582 0 0 0
54406 4027 11558   4879 2017  3 30   9650   9678   9607 0 0 0
54406 4027 11558   4879 2017  3 31   9674   9705   9634 0 0 0
54406 4027 11558   4879 2017  4  1   9594   9638   9549 0 0 0
54406 4027 11558   4879 2017  4  2   9606   9634   9575 0 0 0
54406 4027 11558   4879 2017  4  3   9600   9624   9573 0 0 0
54406 4027 11558   4879 2017  4  4   9574   9592   9555 0 0 0
54406 4027 11558   4879 2017  4  5   9549   9574   9519 0 0 0
54406 4027 11558   4879 2017  4  6   9540   9558   9519 0 0 0
54406 4027 11558   4879 2017  4  7   9564   9582   9536 0 0 0
54406 4027 11558   4879 2017  4  8   9601   9622   9555 0 0 0
54406 4027 11558   4879 2017  4  9   9628   9659   9590 0 0 0
54406 4027 11558   4879 2017  4 10   9544   9594   9494 0 0 0
54406 4027 11558   4879 2017  4 11   9588   9623   9508 0 0 0
54406 4027 11558   4879 2017  4 12   9568   9599   9538 0 0 0
54406 4027 11558   4879 2017  4 13   9528   9578   9470 0 0 0
54406 4027 11558   4879 2017  4 14   9486   9498   9466 0 0 0
54406 4027 11558   4879 2017  4 15   9529   9550   9488 0 0 0
54406 4027 11558   4879 2017  4 16   9531   9554   9497 0 0 0
54406 4027 11558   4879 2017  4 17   9453   9517   9400 0 0 0
54406 4027 11558   4879 2017  4 18   9477   9500   9433 0 0 0
54406 4027 11558   4879 2017  4 19   9508   9525   9484 0 0 0
54406 4027 11558   4879 2017  4 20   9537   9550   9519 0 0 0
54406 4027 11558   4879 2017  4 21   9584   9609   9550 0 0 0
54406 4027 11558   4879 2017  4 22   9519   9570   9464 0 0 0
54406 4027 11558   4879 2017  4 23   9525   9553   9475 0 0 0
54406 4027 11558   4879 2017  4 24   9562   9597   9511 0 0 0
54406 4027 11558   4879 2017  4 25   9638   9654   9597 0 0 0
54406 4027 11558   4879 2017  4 26   9653   9676   9624 0 0 0
54406 4027 11558   4879 2017  4 27   9584   9646   9527 0 0 0
54406 4027 11558   4879 2017  4 28   9511   9541   9477 0 0 0
54406 4027 11558   4879 2017  4 29   9485   9515   9435 0 0 0
54406 4027 11558   4879 2017  4 30   9526   9551   9454 0 0 0
54406 4027 11558   4879 2017  5  1   9594   9616   9552 0 0 0
54406 4027 11558   4879 2017  5  2   9587   9606   9563 0 0 0
54406 4027 11558   4879 2017  5  3   9583   9594   9569 0 0 0
54406 4027 11558   4879 2017  5  4   9583   9612   9559 0 0 0
54406 4027 11558   4879 2017  5  5   9573   9610   9514 0 0 0
54406 4027 11558   4879 2017  5  6   9567   9589   9547 0 0 0
54406 4027 11558   4879 2017  5  7   9570   9605   9521 0 0 0
54406 4027 11558   4879 2017  5  8   9524   9545   9496 0 0 0
54406 4027 11558   4879 2017  5  9   9508   9526   9485 0 0 0
54406 4027 11558   4879 2017  5 10   9507   9533   9483 0 0 0
54406 4027 11558   4879 2017  5 11   9529   9554   9502 0 0 0
54406 4027 11558   4879 2017  5 12   9488   9563   9427 0 0 0
54406 4027 11558   4879 2017  5 13   9525   9557   9456 0 0 0
54406 4027 11558   4879 2017  5 14   9582   9604   9537 0 0 0
54406 4027 11558   4879 2017  5 15   9581   9610   9541 0 0 0
54406 4027 11558   4879 2017  5 16   9510   9559   9462 0 0 0
54406 4027 11558   4879 2017  5 17   9495   9511   9468 0 0 0
54406 4027 11558   4879 2017  5 18   9517   9537   9497 0 0 0
54406 4027 11558   4879 2017  5 19   9519   9534   9502 0 0 0
54406 4027 11558   4879 2017  5 20   9540   9559   9517 0 0 0
54406 4027 11558   4879 2017  5 21   9543   9558   9515 0 0 0
54406 4027 11558   4879 2017  5 22   9568   9588   9538 0 0 0
54406 4027 11558   4879 2017  5 23   9586   9608   9554 0 0 0
54406 4027 11558   4879 2017  5 24   9544   9578   9493 0 0 0
54406 4027 11558   4879 2017  5 25   9557   9579   9510 0 0 0
54406 4027 11558   4879 2017  5 26   9533   9566   9498 0 0 0
54406 4027 11558   4879 2017  5 27   9494   9516   9466 0 0 0
54406 4027 11558   4879 2017  5 28   9509   9546   9478 0 0 0
54406 4027 11558   4879 2017  5 29   9560   9575   9524 0 0 0
54406 4027 11558   4879 2017  5 30   9515   9554   9480 0 0 0
54406 4027 11558   4879 2017  5 31   9449   9491   9398 0 0 0
54406 4027 11558   4879 2017  6  1   9486   9511   9431 0 0 0
54406 4027 11558   4879 2017  6  2   9505   9535   9467 0 0 0
54406 4027 11558   4879 2017  6  3   9556   9579   9523 0 0 0
54406 4027 11558   4879 2017  6  4   9545   9559   9522 0 0 0
54406 4027 11558   4879 2017  6  5   9562   9575   9544 0 0 0
54406 4027 11558   4879 2017  6  6   9540   9576   9516 0 0 0
54406 4027 11558   4879 2017  6  7   9523   9537   9507 0 0 0
54406 4027 11558   4879 2017  6  8   9514   9546   9486 0 0 0
54406 4027 11558   4879 2017  6  9   9480   9506   9447 0 0 0
54406 4027 11558   4879 2017  6 10   9531   9545   9459 0 0 0
54406 4027 11558   4879 2017  6 11   9538   9550   9523 0 0 0
54406 4027 11558   4879 2017  6 12   9567   9585   9534 0 0 0
54406 4027 11558   4879 2017  6 13   9591   9605   9574 0 0 0
54406 4027 11558   4879 2017  6 14   9566   9597   9529 0 0 0
54406 4027 11558   4879 2017  6 15   9524   9546   9491 0 0 0
54406 4027 11558   4879 2017  6 16   9502   9523   9475 0 0 0
54406 4027 11558   4879 2017  6 17   9486   9506   9470 0 0 0
54406 4027 11558   4879 2017  6 18   9479   9494   9451 0 0 0
54406 4027 11558   4879 2017  6 19   9477   9501   9446 0 0 0
54406 4027 11558   4879 2017  6 20   9478   9496   9452 0 0 0
54406 4027 11558   4879 2017  6 21   9493   9506   9469 0 0 0
54406 4027 11558   4879 2017  6 22   9514   9524   9495 0 0 0
54406 4027 11558   4879 2017  6 23   9504   9518   9495 0 0 0
54406 4027 11558   4879 2017  6 24   9497   9507   9482 0 0 0
54406 4027 11558   4879 2017  6 25   9497   9510   9479 0 0 0
54406 4027 11558   4879 2017  6 26   9520   9540   9497 0 0 0
54406 4027 11558   4879 2017  6 27   9518   9537   9492 0 0 0
54406 4027 11558   4879 2017  6 28   9515   9539   9495 0 0 0
54406 4027 11558   4879 2017  6 29   9515   9530   9488 0 0 0
54406 4027 11558   4879 2017  6 30   9491   9513   9466 0 0 0
