54416 4023 11652    718 2013 12  1  10148  10176  10118 9 9 9
54416 4023 11652    718 2013 12  2  10104  10125  10079 9 9 9
54416 4023 11652    718 2013 12  3  10130  10154  10106 9 9 9
54416 4023 11652    718 2013 12  4  10113  10131  10093 9 9 9
54416 4023 11652    718 2013 12  5  10152  10188  10107 9 9 9
54416 4023 11652    718 2013 12  6  10111  10144  10083 9 9 9
54416 4023 11652    718 2013 12  7  10113  10130  10097 9 9 9
54416 4023 11652    718 2013 12  8  10119  10145  10098 9 9 9
54416 4023 11652    718 2013 12  9  10153  10175  10130 9 9 9
54416 4023 11652    718 2013 12 10  10108  10141  10073 9 9 9
54416 4023 11652    718 2013 12 11  10109  10141  10075 9 9 9
54416 4023 11652    718 2013 12 12  10127  10166  10077 9 9 9
54416 4023 11652    718 2013 12 13  10170  10194  10151 9 9 9
54416 4023 11652    718 2013 12 14  10200  10221  10163 9 9 9
54416 4023 11652    718 2013 12 15  10244  10273  10216 9 9 9
54416 4023 11652    718 2013 12 16  10223  10255  10200 9 9 9
54416 4023 11652    718 2013 12 17  10245  10272  10215 9 9 9
54416 4023 11652    718 2013 12 18  10239  10287  10200 9 9 9
54416 4023 11652    718 2013 12 19  10221  10238  10205 9 9 9
54416 4023 11652    718 2013 12 20  10258  10275  10228 9 9 9
54416 4023 11652    718 2013 12 21  10265  10288  10242 9 9 9
54416 4023 11652    718 2013 12 22  10234  10254  10212 9 9 9
54416 4023 11652    718 2013 12 23  10232  10253  10217 9 9 9
54416 4023 11652    718 2013 12 24  10253  10280  10224 9 9 9
54416 4023 11652    718 2013 12 25  10196  10230  10155 9 9 9
54416 4023 11652    718 2013 12 26  10252  10273  10219 9 9 9
54416 4023 11652    718 2013 12 27  10215  10258  10181 9 9 9
54416 4023 11652    718 2013 12 28  10175  10198  10150 9 9 9
54416 4023 11652    718 2013 12 29  10103  10159  10064 9 9 9
54416 4023 11652    718 2013 12 30  10071  10087  10050 9 9 9
54416 4023 11652    718 2013 12 31  10036  10063  10016 9 9 9
54416 4023 11652    718 2014  1  1  10056  10086  10033 0 0 0
54416 4023 11652    718 2014  1  2  10097  10126  10067 0 0 0
54416 4023 11652    718 2014  1  3  10134  10159  10083 0 0 0
54416 4023 11652    718 2014  1  4  10140  10169  10109 0 0 0
54416 4023 11652    718 2014  1  5  10157  10174  10122 0 0 0
54416 4023 11652    718 2014  1  6  10172  10191  10149 0 0 0
54416 4023 11652    718 2014  1  7  10180  10216  10151 0 0 0
54416 4023 11652    718 2014  1  8  10248  10273  10216 0 0 0
54416 4023 11652    718 2014  1  9  10230  10261  10199 0 0 0
54416 4023 11652    718 2014  1 10  10219  10238  10198 0 0 0
54416 4023 11652    718 2014  1 11  10217  10237  10181 0 0 0
54416 4023 11652    718 2014  1 12  10271  10305  10210 0 0 0
54416 4023 11652    718 2014  1 13  10232  10263  10200 0 0 0
54416 4023 11652    718 2014  1 14  10250  10273  10222 0 0 0
54416 4023 11652    718 2014  1 15  10224  10252  10194 0 0 0
54416 4023 11652    718 2014  1 16  10191  10209  10174 0 0 0
54416 4023 11652    718 2014  1 17  10223  10240  10207 0 0 0
54416 4023 11652    718 2014  1 18  10239  10272  10221 0 0 0
54416 4023 11652    718 2014  1 19  10161  10232  10112 0 0 0
54416 4023 11652    718 2014  1 20  10203  10241  10155 0 0 0
54416 4023 11652    718 2014  1 21  10235  10269  10198 0 0 0
54416 4023 11652    718 2014  1 22  10150  10198  10120 0 0 0
54416 4023 11652    718 2014  1 23  10085  10138  10043 0 0 0
54416 4023 11652    718 2014  1 24  10087  10126  10060 0 0 0
54416 4023 11652    718 2014  1 25  10183  10224  10126 0 0 0
54416 4023 11652    718 2014  1 26  10207  10252  10145 0 0 0
54416 4023 11652    718 2014  1 27  10106  10154  10074 0 0 0
54416 4023 11652    718 2014  1 28  10193  10228  10154 0 0 0
54416 4023 11652    718 2014  1 29  10065  10160  10017 0 0 0
54416 4023 11652    718 2014  1 30  10092  10121  10041 0 0 0
54416 4023 11652    718 2014  1 31  10108  10124  10083 0 0 0
54416 4023 11652    718 2014  2  1  10074  10110  10045 0 0 0
54416 4023 11652    718 2014  2  2  10066  10123  10025 0 0 0
54416 4023 11652    718 2014  2  3  10182  10204  10121 0 0 0
54416 4023 11652    718 2014  2  4  10208  10235  10183 0 0 0
54416 4023 11652    718 2014  2  5  10198  10218  10176 0 0 0
54416 4023 11652    718 2014  2  6  10209  10231  10195 0 0 0
54416 4023 11652    718 2014  2  7  10185  10223  10155 0 0 0
54416 4023 11652    718 2014  2  8  10190  10247  10155 0 0 0
54416 4023 11652    718 2014  2  9  10277  10297  10247 0 0 0
54416 4023 11652    718 2014  2 10  10264  10294  10227 0 0 0
54416 4023 11652    718 2014  2 11  10196  10234  10165 0 0 0
54416 4023 11652    718 2014  2 12  10233  10257  10187 0 0 0
54416 4023 11652    718 2014  2 13  10261  10287  10228 0 0 0
54416 4023 11652    718 2014  2 14  10178  10231  10144 0 0 0
54416 4023 11652    718 2014  2 15  10156  10172  10142 0 0 0
54416 4023 11652    718 2014  2 16  10200  10219  10158 0 0 0
54416 4023 11652    718 2014  2 17  10259  10279  10219 0 0 0
54416 4023 11652    718 2014  2 18  10236  10276  10195 0 0 0
54416 4023 11652    718 2014  2 19  10200  10218  10178 0 0 0
54416 4023 11652    718 2014  2 20  10216  10232  10199 0 0 0
54416 4023 11652    718 2014  2 21  10196  10213  10174 0 0 0
54416 4023 11652    718 2014  2 22  10212  10223  10195 0 0 0
54416 4023 11652    718 2014  2 23  10220  10235  10203 0 0 0
54416 4023 11652    718 2014  2 24  10189  10215  10161 0 0 0
54416 4023 11652    718 2014  2 25  10176  10191  10149 0 0 0
54416 4023 11652    718 2014  2 26  10144  10173  10111 0 0 0
54416 4023 11652    718 2014  2 27  10201  10236  10149 0 0 0
54416 4023 11652    718 2014  2 28  10180  10211  10138 0 0 0
54416 4023 11652    718 2014  3  1  10148  10175  10112 0 0 0
54416 4023 11652    718 2014  3  2  10137  10159  10108 0 0 0
54416 4023 11652    718 2014  3  3  10135  10153  10107 0 0 0
54416 4023 11652    718 2014  3  4  10172  10195  10129 0 0 0
54416 4023 11652    718 2014  3  5  10195  10222  10150 0 0 0
54416 4023 11652    718 2014  3  6  10213  10241  10176 0 0 0
54416 4023 11652    718 2014  3  7  10209  10240  10182 0 0 0
54416 4023 11652    718 2014  3  8  10148  10195  10105 0 0 0
54416 4023 11652    718 2014  3  9  10173  10198  10135 0 0 0
54416 4023 11652    718 2014  3 10  10155  10196  10106 0 0 0
54416 4023 11652    718 2014  3 11  10093  10125  10060 0 0 0
54416 4023 11652    718 2014  3 12  10169  10202  10125 0 0 0
54416 4023 11652    718 2014  3 13  10134  10172  10080 0 0 0
54416 4023 11652    718 2014  3 14  10096  10139  10053 0 0 0
54416 4023 11652    718 2014  3 15  10024  10054   9996 0 0 0
54416 4023 11652    718 2014  3 16  10065  10101  10028 0 0 0
54416 4023 11652    718 2014  3 17  10033  10074  10007 0 0 0
54416 4023 11652    718 2014  3 18  10134  10161  10074 0 0 0
54416 4023 11652    718 2014  3 19  10141  10165  10126 0 0 0
54416 4023 11652    718 2014  3 20  10177  10205  10138 0 0 0
54416 4023 11652    718 2014  3 21  10118  10157  10070 0 0 0
54416 4023 11652    718 2014  3 22  10092  10122  10067 0 0 0
54416 4023 11652    718 2014  3 23  10150  10186  10109 0 0 0
54416 4023 11652    718 2014  3 24  10057  10114  10011 0 0 0
54416 4023 11652    718 2014  3 25  10021  10042   9988 0 0 0
54416 4023 11652    718 2014  3 26  10019  10043   9994 0 0 0
54416 4023 11652    718 2014  3 27  10030  10060  10006 0 0 0
54416 4023 11652    718 2014  3 28   9995  10015   9967 0 0 0
54416 4023 11652    718 2014  3 29  10043  10068   9998 0 0 0
54416 4023 11652    718 2014  3 30  10069  10088  10043 0 0 0
54416 4023 11652    718 2014  3 31  10069  10087  10046 0 0 0
54416 4023 11652    718 2014  4  1  10040  10071   9999 0 0 0
54416 4023 11652    718 2014  4  2  10062  10113  10010 0 0 0
54416 4023 11652    718 2014  4  3  10151  10170  10114 0 0 0
54416 4023 11652    718 2014  4  4  10067  10138  10005 0 0 0
54416 4023 11652    718 2014  4  5  10136  10167  10084 0 0 0
54416 4023 11652    718 2014  4  6  10091  10128  10041 0 0 0
54416 4023 11652    718 2014  4  7  10046  10063  10021 0 0 0
54416 4023 11652    718 2014  4  8  10050  10075  10015 0 0 0
54416 4023 11652    718 2014  4  9  10027  10065   9999 0 0 0
54416 4023 11652    718 2014  4 10  10131  10155  10065 0 0 0
54416 4023 11652    718 2014  4 11  10105  10129  10075 0 0 0
54416 4023 11652    718 2014  4 12  10075  10093  10050 0 0 0
54416 4023 11652    718 2014  4 13  10086  10105  10062 0 0 0
54416 4023 11652    718 2014  4 14  10078  10103  10045 0 0 0
54416 4023 11652    718 2014  4 15  10102  10129  10058 0 0 0
54416 4023 11652    718 2014  4 16  10059  10107  10021 0 0 0
54416 4023 11652    718 2014  4 17  10040  10059  10012 0 0 0
54416 4023 11652    718 2014  4 18  10104  10121  10059 0 0 0
54416 4023 11652    718 2014  4 19  10125  10147  10098 0 0 0
54416 4023 11652    718 2014  4 20  10083  10108  10046 0 0 0
54416 4023 11652    718 2014  4 21  10075  10098  10043 0 0 0
54416 4023 11652    718 2014  4 22  10049  10078  10002 0 0 0
54416 4023 11652    718 2014  4 23  10024  10036   9985 0 0 0
54416 4023 11652    718 2014  4 24  10058  10075  10004 0 0 0
54416 4023 11652    718 2014  4 25  10080  10094  10058 0 0 0
54416 4023 11652    718 2014  4 26  10118  10134  10080 0 0 0
54416 4023 11652    718 2014  4 27  10120  10139  10089 0 0 0
54416 4023 11652    718 2014  4 28  10107  10139  10060 0 0 0
54416 4023 11652    718 2014  4 29  10049  10082  10005 0 0 0
54416 4023 11652    718 2014  4 30  10007  10027   9976 0 0 0
54416 4023 11652    718 2014  5  1   9997  10012   9956 0 0 0
54416 4023 11652    718 2014  5  2  10067  10093  10012 0 0 0
54416 4023 11652    718 2014  5  3  10046  10096   9982 0 0 0
54416 4023 11652    718 2014  5  4  10084  10096  10051 0 0 0
54416 4023 11652    718 2014  5  5  10091  10119  10053 0 0 0
54416 4023 11652    718 2014  5  6  10006  10073   9949 0 0 0
54416 4023 11652    718 2014  5  7   9980  10015   9941 0 0 0
54416 4023 11652    718 2014  5  8  10056  10083  10016 0 0 0
54416 4023 11652    718 2014  5  9  10064  10075  10039 0 0 0
54416 4023 11652    718 2014  5 10  10075  10087  10059 0 0 0
54416 4023 11652    718 2014  5 11   9988  10085   9927 0 0 0
54416 4023 11652    718 2014  5 12   9921   9943   9895 0 0 0
54416 4023 11652    718 2014  5 13   9922   9935   9885 0 0 0
54416 4023 11652    718 2014  5 14   9972   9993   9922 0 0 0
54416 4023 11652    718 2014  5 15   9922   9958   9893 0 0 0
54416 4023 11652    718 2014  5 16   9980  10012   9906 0 0 0
54416 4023 11652    718 2014  5 17  10045  10066  10011 0 0 0
54416 4023 11652    718 2014  5 18  10005  10043   9960 0 0 0
54416 4023 11652    718 2014  5 19   9964  10013   9934 0 0 0
54416 4023 11652    718 2014  5 20   9959   9981   9937 0 0 0
54416 4023 11652    718 2014  5 21   9971  10003   9944 0 0 0
54416 4023 11652    718 2014  5 22   9978   9993   9955 0 0 0
54416 4023 11652    718 2014  5 23  10015  10032   9978 0 0 0
54416 4023 11652    718 2014  5 24   9998  10017   9986 0 0 0
54416 4023 11652    718 2014  5 25   9980  10010   9958 0 0 0
54416 4023 11652    718 2014  5 26   9910   9978   9842 0 0 0
54416 4023 11652    718 2014  5 27   9882   9902   9851 0 0 0
54416 4023 11652    718 2014  5 28   9926   9958   9883 0 0 0
54416 4023 11652    718 2014  5 29   9900   9915   9885 0 0 0
54416 4023 11652    718 2014  5 30   9973   9989   9915 0 0 0
54416 4023 11652    718 2014  5 31   9987  10006   9964 0 0 0
54416 4023 11652    718 2014  6  1  10004  10026   9967 0 0 0
54416 4023 11652    718 2014  6  2  10032  10049  10003 0 0 0
54416 4023 11652    718 2014  6  3   9993  10016   9969 0 0 0
54416 4023 11652    718 2014  6  4   9979  10002   9956 0 0 0
54416 4023 11652    718 2014  6  5   9960   9983   9934 0 0 0
54416 4023 11652    718 2014  6  6   9963   9974   9940 0 0 0
54416 4023 11652    718 2014  6  7   9958   9976   9934 0 0 0
54416 4023 11652    718 2014  6  8   9940   9954   9911 0 0 0
54416 4023 11652    718 2014  6  9   9963   9980   9937 0 0 0
54416 4023 11652    718 2014  6 10  10004  10011   9980 0 0 0
54416 4023 11652    718 2014  6 11  10014  10039   9982 0 0 0
54416 4023 11652    718 2014  6 12   9980  10005   9946 0 0 0
54416 4023 11652    718 2014  6 13   9990  10004   9967 0 0 0
54416 4023 11652    718 2014  6 14   9983  10006   9953 0 0 0
54416 4023 11652    718 2014  6 15   9961   9978   9939 0 0 0
54416 4023 11652    718 2014  6 16   9943   9965   9914 0 0 0
54416 4023 11652    718 2014  6 17   9944   9955   9924 0 0 0
54416 4023 11652    718 2014  6 18   9945   9965   9919 0 0 0
54416 4023 11652    718 2014  6 19   9961   9971   9930 0 0 0
54416 4023 11652    718 2014  6 20   9991  10002   9968 0 0 0
54416 4023 11652    718 2014  6 21  10002  10015   9984 0 0 0
54416 4023 11652    718 2014  6 22  10003  10016   9983 0 0 0
54416 4023 11652    718 2014  6 23   9996  10019   9964 0 0 0
54416 4023 11652    718 2014  6 24   9963   9982   9937 0 0 0
54416 4023 11652    718 2014  6 25   9951   9956   9937 0 0 0
54416 4023 11652    718 2014  6 26   9947   9960   9924 0 0 0
54416 4023 11652    718 2014  6 27   9981  10000   9950 0 0 0
54416 4023 11652    718 2014  6 28   9973   9990   9950 0 0 0
54416 4023 11652    718 2014  6 29   9977   9990   9959 0 0 0
54416 4023 11652    718 2014  6 30   9977   9990   9954 0 0 0
54416 4023 11652    718 2014  7  1   9967   9986   9934 0 0 0
54416 4023 11652    718 2014  7  2   9952   9972   9930 0 0 0
54416 4023 11652    718 2014  7  3   9928   9953   9912 0 0 0
54416 4023 11652    718 2014  7  4   9961   9977   9923 0 0 0
54416 4023 11652    718 2014  7  5   9985  10001   9968 0 0 0
54416 4023 11652    718 2014  7  6   9968   9978   9951 0 0 0
54416 4023 11652    718 2014  7  7   9948   9970   9917 0 0 0
54416 4023 11652    718 2014  7  8   9939   9952   9917 0 0 0
54416 4023 11652    718 2014  7  9   9962   9985   9940 0 0 0
54416 4023 11652    718 2014  7 10   9919   9944   9892 0 0 0
54416 4023 11652    718 2014  7 11   9917   9930   9895 0 0 0
54416 4023 11652    718 2014  7 12   9943   9963   9915 0 0 0
54416 4023 11652    718 2014  7 13   9942   9958   9920 0 0 0
54416 4023 11652    718 2014  7 14   9942   9954   9927 0 0 0
54416 4023 11652    718 2014  7 15   9956   9968   9936 0 0 0
54416 4023 11652    718 2014  7 16   9951   9966   9931 0 0 0
54416 4023 11652    718 2014  7 17   9976   9984   9955 0 0 0
54416 4023 11652    718 2014  7 18   9988  10002   9974 0 0 0
54416 4023 11652    718 2014  7 19  10000  10017   9979 0 0 0
54416 4023 11652    718 2014  7 20   9970  10002   9935 0 0 0
54416 4023 11652    718 2014  7 21   9938   9958   9914 0 0 0
54416 4023 11652    718 2014  7 22   9979   9991   9958 0 0 0
54416 4023 11652    718 2014  7 23   9958   9984   9931 0 0 0
54416 4023 11652    718 2014  7 24   9971   9987   9942 0 0 0
54416 4023 11652    718 2014  7 25   9975   9996   9952 0 0 0
54416 4023 11652    718 2014  7 26   9998  10012   9970 0 0 0
54416 4023 11652    718 2014  7 27  10000  10025   9963 0 0 0
54416 4023 11652    718 2014  7 28   9960   9978   9927 0 0 0
54416 4023 11652    718 2014  7 29   9949   9966   9926 0 0 0
54416 4023 11652    718 2014  7 30   9973   9980   9931 0 0 0
54416 4023 11652    718 2014  7 31   9986  10001   9962 0 0 0
54416 4023 11652    718 2014  8  1   9981   9994   9966 0 0 0
54416 4023 11652    718 2014  8  2   9952   9977   9925 0 0 0
54416 4023 11652    718 2014  8  3   9928   9941   9912 0 0 0
54416 4023 11652    718 2014  8  4   9964   9985   9930 0 0 0
54416 4023 11652    718 2014  8  5   9984   9998   9967 0 0 0
54416 4023 11652    718 2014  8  6   9991  10002   9976 0 0 0
54416 4023 11652    718 2014  8  7  10008  10025   9987 0 0 0
54416 4023 11652    718 2014  8  8  10003  10020   9982 0 0 0
54416 4023 11652    718 2014  8  9   9977   9996   9943 0 0 0
54416 4023 11652    718 2014  8 10   9949   9978   9920 0 0 0
54416 4023 11652    718 2014  8 11   9961   9977   9935 0 0 0
54416 4023 11652    718 2014  8 12   9978   9991   9956 0 0 0
54416 4023 11652    718 2014  8 13  10001  10010   9976 0 0 0
54416 4023 11652    718 2014  8 14   9994  10012   9966 0 0 0
54416 4023 11652    718 2014  8 15   9983   9999   9963 0 0 0
54416 4023 11652    718 2014  8 16   9994  10013   9971 0 0 0
54416 4023 11652    718 2014  8 17  10016  10033   9988 0 0 0
54416 4023 11652    718 2014  8 18  10034  10049  10015 0 0 0
54416 4023 11652    718 2014  8 19  10028  10046  10005 0 0 0
54416 4023 11652    718 2014  8 20  10004  10024   9976 0 0 0
54416 4023 11652    718 2014  8 21   9993  10023   9961 0 0 0
54416 4023 11652    718 2014  8 22   9994  10021   9967 0 0 0
54416 4023 11652    718 2014  8 23   9967   9986   9942 0 0 0
54416 4023 11652    718 2014  8 24   9987  10002   9965 0 0 0
54416 4023 11652    718 2014  8 25  10027  10044  10003 0 0 0
54416 4023 11652    718 2014  8 26  10045  10062  10027 0 0 0
54416 4023 11652    718 2014  8 27  10048  10062  10034 0 0 0
54416 4023 11652    718 2014  8 28  10064  10083  10045 0 0 0
54416 4023 11652    718 2014  8 29  10071  10084  10061 0 0 0
54416 4023 11652    718 2014  8 30  10066  10080  10040 0 0 0
54416 4023 11652    718 2014  8 31  10048  10056  10038 0 0 0
54416 4023 11652    718 2014  9  1  10044  10062  10024 0 0 0
54416 4023 11652    718 2014  9  2  10023  10044  10013 0 0 0
54416 4023 11652    718 2014  9  3  10013  10040   9977 0 0 0
54416 4023 11652    718 2014  9  4   9968   9987   9944 0 0 0
54416 4023 11652    718 2014  9  5  10012  10033   9965 0 0 0
54416 4023 11652    718 2014  9  6  10028  10046  10008 0 0 0
54416 4023 11652    718 2014  9  7   9996  10014   9972 0 0 0
54416 4023 11652    718 2014  9  8  10018  10043   9992 0 0 0
54416 4023 11652    718 2014  9  9  10018  10032  10005 0 0 0
54416 4023 11652    718 2014  9 10  10054  10073  10021 0 0 0
54416 4023 11652    718 2014  9 11  10060  10072  10039 0 0 0
54416 4023 11652    718 2014  9 12  10064  10075  10054 0 0 0
54416 4023 11652    718 2014  9 13  10060  10074  10038 0 0 0
54416 4023 11652    718 2014  9 14  10087  10108  10051 0 0 0
54416 4023 11652    718 2014  9 15  10101  10124  10069 0 0 0
54416 4023 11652    718 2014  9 16  10101  10110  10083 0 0 0
54416 4023 11652    718 2014  9 17  10122  10133  10103 0 0 0
54416 4023 11652    718 2014  9 18  10111  10133  10080 0 0 0
54416 4023 11652    718 2014  9 19  10045  10091  10007 0 0 0
54416 4023 11652    718 2014  9 20  10017  10031   9998 0 0 0
54416 4023 11652    718 2014  9 21  10083  10102  10028 0 0 0
54416 4023 11652    718 2014  9 22  10101  10114  10082 0 0 0
54416 4023 11652    718 2014  9 23  10092  10113  10078 0 0 0
54416 4023 11652    718 2014  9 24  10079  10095  10056 0 0 0
54416 4023 11652    718 2014  9 25  10081  10104  10059 0 0 0
54416 4023 11652    718 2014  9 26  10031  10061  10000 0 0 0
54416 4023 11652    718 2014  9 27  10076  10103  10030 0 0 0
54416 4023 11652    718 2014  9 28  10080  10101  10059 0 0 0
54416 4023 11652    718 2014  9 29  10105  10167  10048 0 0 0
54416 4023 11652    718 2014  9 30  10176  10209  10136 0 0 0
54416 4023 11652    718 2014 10  1  10085  10139  10057 0 0 0
54416 4023 11652    718 2014 10  2  10047  10066  10030 0 0 0
54416 4023 11652    718 2014 10  3  10092  10109  10065 0 0 0
54416 4023 11652    718 2014 10  4  10106  10128  10082 0 0 0
54416 4023 11652    718 2014 10  5  10158  10177  10129 0 0 0
54416 4023 11652    718 2014 10  6  10161  10191  10121 0 0 0
54416 4023 11652    718 2014 10  7  10114  10131  10092 0 0 0
54416 4023 11652    718 2014 10  8  10108  10129  10084 0 0 0
54416 4023 11652    718 2014 10  9  10111  10127  10097 0 0 0
54416 4023 11652    718 2014 10 10  10135  10160  10116 0 0 0
54416 4023 11652    718 2014 10 11  10135  10169  10112 0 0 0
54416 4023 11652    718 2014 10 12  10219  10247  10169 0 0 0
54416 4023 11652    718 2014 10 13  10189  10227  10143 0 0 0
54416 4023 11652    718 2014 10 14  10110  10155  10069 0 0 0
54416 4023 11652    718 2014 10 15  10068  10114  10044 0 0 0
54416 4023 11652    718 2014 10 16  10126  10164  10090 0 0 0
54416 4023 11652    718 2014 10 17  10076  10100  10050 0 0 0
54416 4023 11652    718 2014 10 18  10081  10106  10057 0 0 0
54416 4023 11652    718 2014 10 19  10061  10077  10048 0 0 0
54416 4023 11652    718 2014 10 20  10095  10131  10061 0 0 0
54416 4023 11652    718 2014 10 21  10161  10177  10131 0 0 0
54416 4023 11652    718 2014 10 22  10143  10163  10113 0 0 0
54416 4023 11652    718 2014 10 23  10069  10121  10035 0 0 0
54416 4023 11652    718 2014 10 24  10030  10048  10007 0 0 0
54416 4023 11652    718 2014 10 25  10029  10042  10011 0 0 0
54416 4023 11652    718 2014 10 26  10159  10205  10033 0 0 0
54416 4023 11652    718 2014 10 27  10234  10256  10205 0 0 0
54416 4023 11652    718 2014 10 28  10188  10219  10160 0 0 0
54416 4023 11652    718 2014 10 29  10155  10172  10140 0 0 0
54416 4023 11652    718 2014 10 30  10142  10154  10127 0 0 0
54416 4023 11652    718 2014 10 31  10121  10147  10095 0 0 0
54416 4023 11652    718 2014 11  1  10106  10122  10087 0 0 0
54416 4023 11652    718 2014 11  2  10141  10164  10105 0 0 0
54416 4023 11652    718 2014 11  3  10116  10144  10082 0 0 0
54416 4023 11652    718 2014 11  4  10073  10095  10046 0 0 0
54416 4023 11652    718 2014 11  5  10092  10125  10067 0 0 0
54416 4023 11652    718 2014 11  6  10211  10238  10125 0 0 0
54416 4023 11652    718 2014 11  7  10232  10253  10210 0 0 0
54416 4023 11652    718 2014 11  8  10194  10222  10163 0 0 0
54416 4023 11652    718 2014 11  9  10171  10192  10141 0 0 0
54416 4023 11652    718 2014 11 10  10132  10159  10104 0 0 0
54416 4023 11652    718 2014 11 11  10101  10112  10088 0 0 0
54416 4023 11652    718 2014 11 12  10165  10186  10110 0 0 0
54416 4023 11652    718 2014 11 13  10165  10197  10132 0 0 0
54416 4023 11652    718 2014 11 14  10179  10196  10144 0 0 0
54416 4023 11652    718 2014 11 15  10193  10211  10171 0 0 0
54416 4023 11652    718 2014 11 16  10173  10193  10153 0 0 0
54416 4023 11652    718 2014 11 17  10220  10245  10193 0 0 0
54416 4023 11652    718 2014 11 18  10206  10226  10182 0 0 0
54416 4023 11652    718 2014 11 19  10146  10195  10110 0 0 0
54416 4023 11652    718 2014 11 20  10090  10123  10068 0 0 0
54416 4023 11652    718 2014 11 21  10121  10145  10101 0 0 0
54416 4023 11652    718 2014 11 22  10181  10205  10145 0 0 0
54416 4023 11652    718 2014 11 23  10171  10182  10148 0 0 0
54416 4023 11652    718 2014 11 24  10182  10201  10161 0 0 0
54416 4023 11652    718 2014 11 25  10123  10175  10085 0 0 0
54416 4023 11652    718 2014 11 26  10075  10106  10059 0 0 0
54416 4023 11652    718 2014 11 27  10154  10177  10106 0 0 0
54416 4023 11652    718 2014 11 28  10122  10158  10098 0 0 0
54416 4023 11652    718 2014 11 29  10123  10136  10107 0 0 0
54416 4023 11652    718 2014 11 30  10144  10190  10110 0 0 0
54416 4023 11652    718 2014 12  1  10223  10244  10191 0 0 0
54416 4023 11652    718 2014 12  2  10193  10249  10150 0 0 0
54416 4023 11652    718 2014 12  3  10176  10197  10157 0 0 0
54416 4023 11652    718 2014 12  4  10184  10196  10166 0 0 0
54416 4023 11652    718 2014 12  5  10186  10208  10159 0 0 0
54416 4023 11652    718 2014 12  6  10176  10200  10154 0 0 0
54416 4023 11652    718 2014 12  7  10179  10209  10158 0 0 0
54416 4023 11652    718 2014 12  8  10251  10270  10209 0 0 0
54416 4023 11652    718 2014 12  9  10249  10284  10214 0 0 0
54416 4023 11652    718 2014 12 10  10190  10220  10164 0 0 0
54416 4023 11652    718 2014 12 11  10225  10261  10186 0 0 0
54416 4023 11652    718 2014 12 12  10189  10212  10164 0 0 0
54416 4023 11652    718 2014 12 13  10195  10213  10174 0 0 0
54416 4023 11652    718 2014 12 14  10177  10202  10146 0 0 0
54416 4023 11652    718 2014 12 15  10190  10246  10156 0 0 0
54416 4023 11652    718 2014 12 16  10223  10250  10207 0 0 0
54416 4023 11652    718 2014 12 17  10201  10223  10185 0 0 0
54416 4023 11652    718 2014 12 18  10196  10229  10162 0 0 0
54416 4023 11652    718 2014 12 19  10159  10200  10134 0 0 0
54416 4023 11652    718 2014 12 20  10213  10226  10188 0 0 0
54416 4023 11652    718 2014 12 21  10185  10230  10144 0 0 0
54416 4023 11652    718 2014 12 22  10148  10173  10132 0 0 0
54416 4023 11652    718 2014 12 23  10122  10145  10095 0 0 0
54416 4023 11652    718 2014 12 24  10225  10259  10134 0 0 0
54416 4023 11652    718 2014 12 25  10244  10266  10221 0 0 0
54416 4023 11652    718 2014 12 26  10231  10252  10207 0 0 0
54416 4023 11652    718 2014 12 27  10191  10226  10164 0 0 0
54416 4023 11652    718 2014 12 28  10118  10173  10086 0 0 0
54416 4023 11652    718 2014 12 29  10049  10092  10019 0 0 0
54416 4023 11652    718 2014 12 30  10101  10129  10055 0 0 0
54416 4023 11652    718 2014 12 31  10231  10254  10128 0 0 0
54416 4023 11652    718 2015  1  1  10223  10262  10175 0 0 0
54416 4023 11652    718 2015  1  2  10206  10246  10173 0 0 0
54416 4023 11652    718 2015  1  3  10089  10186  10048 0 0 0
54416 4023 11652    718 2015  1  4  10078  10098  10066 0 0 0
54416 4023 11652    718 2015  1  5  10110  10189  10067 0 0 0
54416 4023 11652    718 2015  1  6  10192  10221  10160 0 0 0
54416 4023 11652    718 2015  1  7  10209  10229  10175 0 0 0
54416 4023 11652    718 2015  1  8  10211  10239  10183 0 0 0
54416 4023 11652    718 2015  1  9  10202  10228  10187 0 0 0
54416 4023 11652    718 2015  1 10  10139  10188  10100 0 0 0
54416 4023 11652    718 2015  1 11  10238  10264  10138 0 0 0
54416 4023 11652    718 2015  1 12  10281  10310  10263 0 0 0
54416 4023 11652    718 2015  1 13  10236  10271  10209 0 0 0
54416 4023 11652    718 2015  1 14  10218  10233  10202 0 0 0
54416 4023 11652    718 2015  1 15  10190  10216  10169 0 0 0
54416 4023 11652    718 2015  1 16  10204  10261  10158 0 0 0
54416 4023 11652    718 2015  1 17  10234  10273  10193 0 0 0
54416 4023 11652    718 2015  1 18  10114  10195  10071 0 0 0
54416 4023 11652    718 2015  1 19  10167  10197  10132 0 0 0
54416 4023 11652    718 2015  1 20  10139  10163  10109 0 0 0
54416 4023 11652    718 2015  1 21  10191  10216  10142 0 0 0
54416 4023 11652    718 2015  1 22  10161  10199  10128 0 0 0
54416 4023 11652    718 2015  1 23  10103  10132  10075 0 0 0
54416 4023 11652    718 2015  1 24  10174  10203  10116 0 0 0
54416 4023 11652    718 2015  1 25  10163  10191  10133 0 0 0
54416 4023 11652    718 2015  1 26  10204  10274  10135 0 0 0
54416 4023 11652    718 2015  1 27  10280  10306  10248 0 0 0
54416 4023 11652    718 2015  1 28  10258  10288  10227 0 0 0
54416 4023 11652    718 2015  1 29  10206  10233  10177 0 0 0
54416 4023 11652    718 2015  1 30  10269  10290  10228 0 0 0
54416 4023 11652    718 2015  1 31  10294  10325  10262 0 0 0
54416 4023 11652    718 2015  2  1  10262  10282  10236 9 9 9
54416 4023 11652    718 2015  2  2  10243  10257  10222 9 9 9
54416 4023 11652    718 2015  2  3  10226  10245  10198 9 9 9
54416 4023 11652    718 2015  2  4  10235  10248  10191 9 9 9
54416 4023 11652    718 2015  2  5  10231  10262  10189 9 9 9
54416 4023 11652    718 2015  2  6  10143  10194  10106 9 9 9
54416 4023 11652    718 2015  2  7  10214  10271  10124 9 9 9
54416 4023 11652    718 2015  2  8  10276  10307  10237 9 9 9
54416 4023 11652    718 2015  2  9  10195  10245  10144 9 9 9
54416 4023 11652    718 2015  2 10  10082  10144  10037 9 9 9
54416 4023 11652    718 2015  2 11  10083  10102  10057 9 9 9
54416 4023 11652    718 2015  2 12  10113  10133  10094 9 9 9
54416 4023 11652    718 2015  2 13  10090  10119  10054 9 9 9
54416 4023 11652    718 2015  2 14  10041  10066  10018 9 9 9
54416 4023 11652    718 2015  2 15  10098  10117  10054 9 9 9
54416 4023 11652    718 2015  2 16  10097  10111  10071 9 9 9
54416 4023 11652    718 2015  2 17  10154  10171  10107 9 9 9
54416 4023 11652    718 2015  2 18  10220  10248  10171 9 9 9
54416 4023 11652    718 2015  2 19  10202  10226  10173 9 9 9
54416 4023 11652    718 2015  2 20  10131  10181  10103 9 9 9
54416 4023 11652    718 2015  2 21  10086  10127  10044 9 9 9
54416 4023 11652    718 2015  2 22  10139  10157  10110 9 9 9
54416 4023 11652    718 2015  2 23  10122  10152  10090 9 9 9
54416 4023 11652    718 2015  2 24  10068  10100  10033 9 9 9
54416 4023 11652    718 2015  2 25  10104  10135  10066 9 9 9
54416 4023 11652    718 2015  2 26  10173  10191  10135 9 9 9
54416 4023 11652    718 2015  2 27  10245  10268  10191 9 9 9
54416 4023 11652    718 2015  2 28  10177  10236  10132 9 9 9
54416 4023 11652    718 2015  3  1  10114  10165  10064 0 0 0
54416 4023 11652    718 2015  3  2  10034  10080   9988 0 0 0
54416 4023 11652    718 2015  3  3  10144  10181  10044 0 0 0
54416 4023 11652    718 2015  3  4  10195  10222  10170 0 0 0
54416 4023 11652    718 2015  3  5  10174  10203  10134 0 0 0
54416 4023 11652    718 2015  3  6  10107  10147  10067 0 0 0
54416 4023 11652    718 2015  3  7  10100  10119  10078 0 0 0
54416 4023 11652    718 2015  3  8  10133  10178  10096 0 0 0
54416 4023 11652    718 2015  3  9  10274  10307  10178 0 0 0
54416 4023 11652    718 2015  3 10  10219  10287  10147 0 0 0
54416 4023 11652    718 2015  3 11  10148  10184  10108 0 0 0
54416 4023 11652    718 2015  3 12  10081  10122  10045 0 0 0
54416 4023 11652    718 2015  3 13  10130  10154  10072 0 0 0
54416 4023 11652    718 2015  3 14  10124  10178  10066 0 0 0
54416 4023 11652    718 2015  3 15  10084  10114  10052 0 0 0
54416 4023 11652    718 2015  3 16  10033  10066  10007 0 0 0
54416 4023 11652    718 2015  3 17  10102  10134  10038 0 0 0
54416 4023 11652    718 2015  3 18  10080  10128  10034 0 0 0
54416 4023 11652    718 2015  3 19  10081  10106  10047 0 0 0
54416 4023 11652    718 2015  3 20  10088  10124  10044 0 0 0
54416 4023 11652    718 2015  3 21  10091  10115  10061 0 0 0
54416 4023 11652    718 2015  3 22  10188  10219  10101 0 0 0
54416 4023 11652    718 2015  3 23  10202  10223  10168 0 0 0
54416 4023 11652    718 2015  3 24  10225  10257  10187 0 0 0
54416 4023 11652    718 2015  3 25  10219  10237  10195 0 0 0
54416 4023 11652    718 2015  3 26  10199  10221  10167 0 0 0
54416 4023 11652    718 2015  3 27  10122  10179  10064 0 0 0
54416 4023 11652    718 2015  3 28  10046  10070  10025 0 0 0
54416 4023 11652    718 2015  3 29  10062  10097  10019 0 0 0
54416 4023 11652    718 2015  3 30  10006  10025   9979 0 0 0
54416 4023 11652    718 2015  3 31  10059  10116   9998 0 0 0
54416 4023 11652    718 2015  4  1  10118  10155  10065 0 0 0
54416 4023 11652    718 2015  4  2   9947  10068   9886 0 0 0
54416 4023 11652    718 2015  4  3  10029  10052   9923 0 0 0
54416 4023 11652    718 2015  4  4  10039  10058  10018 0 0 0
54416 4023 11652    718 2015  4  5  10089  10152  10040 0 0 0
54416 4023 11652    718 2015  4  6  10213  10249  10152 0 0 0
54416 4023 11652    718 2015  4  7  10225  10259  10174 0 0 0
54416 4023 11652    718 2015  4  8  10157  10196  10113 0 0 0
54416 4023 11652    718 2015  4  9  10114  10137  10083 0 0 0
54416 4023 11652    718 2015  4 10  10107  10132  10076 0 0 0
54416 4023 11652    718 2015  4 11  10110  10125  10091 0 0 0
54416 4023 11652    718 2015  4 12  10173  10218  10118 0 0 0
54416 4023 11652    718 2015  4 13  10165  10224  10091 0 0 0
54416 4023 11652    718 2015  4 14  10000  10093   9940 0 0 0
54416 4023 11652    718 2015  4 15   9920   9952   9857 0 0 0
54416 4023 11652    718 2015  4 16  10023  10057   9949 0 0 0
54416 4023 11652    718 2015  4 17  10003  10019   9975 0 0 0
54416 4023 11652    718 2015  4 18  10022  10033  10000 0 0 0
54416 4023 11652    718 2015  4 19  10058  10079  10028 0 0 0
54416 4023 11652    718 2015  4 20  10059  10088  10016 0 0 0
54416 4023 11652    718 2015  4 21  10020  10048   9983 0 0 0
54416 4023 11652    718 2015  4 22  10083  10117  10047 0 0 0
54416 4023 11652    718 2015  4 23  10061  10101  10035 0 0 0
54416 4023 11652    718 2015  4 24  10119  10154  10074 0 0 0
54416 4023 11652    718 2015  4 25  10059  10093  10011 0 0 0
54416 4023 11652    718 2015  4 26  10011  10038   9975 0 0 0
54416 4023 11652    718 2015  4 27   9968   9995   9924 0 0 0
54416 4023 11652    718 2015  4 28  10022  10045   9960 0 0 0
54416 4023 11652    718 2015  4 29  10046  10071  10011 0 0 0
54416 4023 11652    718 2015  4 30  10024  10043   9996 0 0 0
54416 4023 11652    718 2015  5  1  10012  10030   9990 0 0 0
54416 4023 11652    718 2015  5  2  10016  10035   9986 0 0 0
54416 4023 11652    718 2015  5  3  10050  10070  10002 0 0 0
54416 4023 11652    718 2015  5  4  10064  10112  10003 0 0 0
54416 4023 11652    718 2015  5  5   9966  10008   9943 0 0 0
54416 4023 11652    718 2015  5  6  10030  10041   9976 0 0 0
54416 4023 11652    718 2015  5  7  10024  10041   9992 0 0 0
54416 4023 11652    718 2015  5  8  10015  10046   9985 0 0 0
54416 4023 11652    718 2015  5  9  10088  10097  10029 0 0 0
54416 4023 11652    718 2015  5 10  10073  10095  10051 0 0 0
54416 4023 11652    718 2015  5 11   9989  10066   9932 0 0 0
54416 4023 11652    718 2015  5 12   9866   9933   9833 0 0 0
54416 4023 11652    718 2015  5 13   9860   9874   9838 0 0 0
54416 4023 11652    718 2015  5 14   9984  10007   9874 0 0 0
54416 4023 11652    718 2015  5 15  10057  10090  10001 0 0 0
54416 4023 11652    718 2015  5 16  10012  10054   9958 0 0 0
54416 4023 11652    718 2015  5 17   9906   9967   9857 0 0 0
54416 4023 11652    718 2015  5 18   9929   9952   9878 0 0 0
54416 4023 11652    718 2015  5 19   9988  10019   9938 0 0 0
54416 4023 11652    718 2015  5 20  10063  10095  10019 0 0 0
54416 4023 11652    718 2015  5 21  10033  10058   9997 0 0 0
54416 4023 11652    718 2015  5 22  10009  10032   9978 0 0 0
54416 4023 11652    718 2015  5 23   9997  10014   9971 0 0 0
54416 4023 11652    718 2015  5 24   9982  10000   9948 0 0 0
54416 4023 11652    718 2015  5 25   9971   9992   9951 0 0 0
54416 4023 11652    718 2015  5 26   9971   9992   9945 0 0 0
54416 4023 11652    718 2015  5 27   9965   9983   9942 0 0 0
54416 4023 11652    718 2015  5 28   9956   9965   9940 0 0 0
54416 4023 11652    718 2015  5 29   9969   9979   9946 0 0 0
54416 4023 11652    718 2015  5 30   9989  10019   9957 0 0 0
54416 4023 11652    718 2015  5 31   9928   9974   9884 0 0 0
54416 4023 11652    718 2015  6  1   9918   9926   9899 0 0 0
54416 4023 11652    718 2015  6  2   9996  10016   9926 0 0 0
54416 4023 11652    718 2015  6  3  10043  10071  10007 0 0 0
54416 4023 11652    718 2015  6  4   9962  10016   9921 0 0 0
54416 4023 11652    718 2015  6  5   9902   9930   9877 0 0 0
54416 4023 11652    718 2015  6  6   9938   9964   9905 0 0 0
54416 4023 11652    718 2015  6  7   9997  10015   9962 0 0 0
54416 4023 11652    718 2015  6  8   9963   9997   9927 0 0 0
54416 4023 11652    718 2015  6  9   9938   9951   9912 0 0 0
54416 4023 11652    718 2015  6 10   9923   9964   9879 0 0 0
54416 4023 11652    718 2015  6 11   9891   9923   9874 0 0 0
54416 4023 11652    718 2015  6 12   9887   9896   9880 0 0 0
54416 4023 11652    718 2015  6 13   9962   9993   9888 0 0 0
54416 4023 11652    718 2015  6 14   9996  10014   9972 0 0 0
54416 4023 11652    718 2015  6 15   9985  10006   9956 0 0 0
54416 4023 11652    718 2015  6 16   9957   9969   9931 0 0 0
54416 4023 11652    718 2015  6 17   9944   9955   9917 0 0 0
54416 4023 11652    718 2015  6 18   9975   9998   9945 0 0 0
54416 4023 11652    718 2015  6 19  10013  10032   9958 0 0 0
54416 4023 11652    718 2015  6 20  10029  10050  10005 0 0 0
54416 4023 11652    718 2015  6 21   9998  10019   9969 0 0 0
54416 4023 11652    718 2015  6 22   9973   9987   9954 0 0 0
54416 4023 11652    718 2015  6 23   9986  10000   9965 0 0 0
54416 4023 11652    718 2015  6 24   9971   9983   9955 0 0 0
54416 4023 11652    718 2015  6 25   9934   9967   9909 0 0 0
54416 4023 11652    718 2015  6 26   9923   9935   9904 0 0 0
54416 4023 11652    718 2015  6 27   9965   9975   9933 0 0 0
54416 4023 11652    718 2015  6 28   9978  10000   9949 0 0 0
54416 4023 11652    718 2015  6 29   9971  10001   9944 0 0 0
54416 4023 11652    718 2015  6 30   9945  10007   9885 0 0 0
54416 4023 11652    718 2015  7  1   9895   9914   9880 0 0 0
54416 4023 11652    718 2015  7  2   9939   9952   9913 0 0 0
54416 4023 11652    718 2015  7  3   9995  10016   9942 0 0 0
54416 4023 11652    718 2015  7  4  10015  10031   9989 0 0 0
54416 4023 11652    718 2015  7  5  10016  10031   9988 0 0 0
54416 4023 11652    718 2015  7  6  10019  10036   9996 0 0 0
54416 4023 11652    718 2015  7  7  10005  10024   9981 0 0 0
54416 4023 11652    718 2015  7  8  10018  10032   9990 0 0 0
54416 4023 11652    718 2015  7  9  10040  10061  10017 0 0 0
54416 4023 11652    718 2015  7 10  10023  10047   9993 0 0 0
54416 4023 11652    718 2015  7 11   9989  10015   9956 0 0 0
54416 4023 11652    718 2015  7 12   9917   9970   9869 0 0 0
54416 4023 11652    718 2015  7 13   9893   9911   9870 0 0 0
54416 4023 11652    718 2015  7 14   9948   9968   9895 0 0 0
54416 4023 11652    718 2015  7 15   9974   9983   9946 0 0 0
54416 4023 11652    718 2015  7 16   9994  10012   9976 0 0 0
54416 4023 11652    718 2015  7 17   9991  10015   9969 0 0 0
54416 4023 11652    718 2015  7 18   9980   9992   9966 0 0 0
54416 4023 11652    718 2015  7 19   9998  10008   9981 0 0 0
54416 4023 11652    718 2015  7 20   9991  10010   9970 0 0 0
54416 4023 11652    718 2015  7 21   9970   9988   9943 0 0 0
54416 4023 11652    718 2015  7 22   9957   9977   9936 0 0 0
54416 4023 11652    718 2015  7 23   9955   9973   9933 0 0 0
54416 4023 11652    718 2015  7 24   9932   9951   9910 0 0 0
54416 4023 11652    718 2015  7 25   9924   9939   9907 0 0 0
54416 4023 11652    718 2015  7 26   9947   9960   9913 0 0 0
54416 4023 11652    718 2015  7 27   9959   9977   9930 0 0 0
54416 4023 11652    718 2015  7 28   9950   9980   9926 0 0 0
54416 4023 11652    718 2015  7 29   9928   9953   9913 0 0 0
54416 4023 11652    718 2015  7 30   9960   9978   9925 0 0 0
54416 4023 11652    718 2015  7 31   9991  10006   9978 0 0 0
54416 4023 11652    718 2015  8  1   9986   9996   9958 0 0 0
54416 4023 11652    718 2015  8  2   9944   9975   9914 0 0 0
54416 4023 11652    718 2015  8  3   9936   9953   9920 0 0 0
54416 4023 11652    718 2015  8  4   9931   9940   9908 0 0 0
54416 4023 11652    718 2015  8  5   9944   9949   9928 0 0 0
54416 4023 11652    718 2015  8  6   9984  10015   9947 0 0 0
54416 4023 11652    718 2015  8  7  10039  10066   9995 0 0 0
54416 4023 11652    718 2015  8  8  10045  10069  10023 0 0 0
54416 4023 11652    718 2015  8  9  10022  10037  10001 0 0 0
54416 4023 11652    718 2015  8 10  10012  10032   9988 0 0 0
54416 4023 11652    718 2015  8 11  10003  10022   9979 0 0 0
54416 4023 11652    718 2015  8 12   9980   9997   9954 0 0 0
54416 4023 11652    718 2015  8 13   9957   9978   9927 0 0 0
54416 4023 11652    718 2015  8 14   9947   9952   9934 0 0 0
54416 4023 11652    718 2015  8 15   9967   9986   9949 0 0 0
54416 4023 11652    718 2015  8 16   9971   9984   9953 0 0 0
54416 4023 11652    718 2015  8 17   9976   9988   9964 0 0 0
54416 4023 11652    718 2015  8 18  10019  10039   9980 0 0 0
54416 4023 11652    718 2015  8 19  10027  10049  10011 0 0 0
54416 4023 11652    718 2015  8 20   9999  10035   9964 0 0 0
54416 4023 11652    718 2015  8 21   9975   9997   9946 0 0 0
54416 4023 11652    718 2015  8 22   9973   9984   9956 0 0 0
54416 4023 11652    718 2015  8 23  10013  10022   9981 0 0 0
54416 4023 11652    718 2015  8 24  10030  10044  10009 0 0 0
54416 4023 11652    718 2015  8 25  10020  10037   9994 0 0 0
54416 4023 11652    718 2015  8 26  10011  10028   9983 0 0 0
54416 4023 11652    718 2015  8 27  10011  10030   9984 0 0 0
54416 4023 11652    718 2015  8 28   9994  10011   9963 0 0 0
54416 4023 11652    718 2015  8 29  10007  10018   9985 0 0 0
54416 4023 11652    718 2015  8 30  10032  10047  10007 0 0 0
54416 4023 11652    718 2015  8 31  10046  10052  10034 0 0 0
54416 4023 11652    718 2015  9  1  10047  10058  10040 0 0 0
54416 4023 11652    718 2015  9  2  10047  10061  10024 0 0 0
54416 4023 11652    718 2015  9  3  10057  10074  10038 0 0 0
54416 4023 11652    718 2015  9  4  10045  10061  10028 0 0 0
54416 4023 11652    718 2015  9  5  10027  10040  10013 0 0 0
54416 4023 11652    718 2015  9  6  10047  10065  10032 0 0 0
54416 4023 11652    718 2015  9  7  10049  10063  10035 0 0 0
54416 4023 11652    718 2015  9  8  10066  10073  10047 0 0 0
54416 4023 11652    718 2015  9  9  10111  10138  10073 0 0 0
54416 4023 11652    718 2015  9 10  10134  10147  10112 0 0 0
54416 4023 11652    718 2015  9 11  10077  10123  10044 0 0 0
54416 4023 11652    718 2015  9 12  10082  10109  10053 0 0 0
54416 4023 11652    718 2015  9 13  10077  10093  10054 0 0 0
54416 4023 11652    718 2015  9 14  10099  10115  10068 0 0 0
54416 4023 11652    718 2015  9 15  10114  10133  10091 0 0 0
54416 4023 11652    718 2015  9 16  10100  10112  10079 0 0 0
54416 4023 11652    718 2015  9 17  10089  10101  10069 0 0 0
54416 4023 11652    718 2015  9 18  10081  10096  10063 0 0 0
54416 4023 11652    718 2015  9 19  10088  10115  10057 0 0 0
54416 4023 11652    718 2015  9 20  10050  10074  10018 0 0 0
54416 4023 11652    718 2015  9 21  10032  10043  10013 0 0 0
54416 4023 11652    718 2015  9 22  10013  10037   9989 0 0 0
54416 4023 11652    718 2015  9 23  10011  10027   9993 0 0 0
54416 4023 11652    718 2015  9 24  10013  10034   9984 0 0 0
54416 4023 11652    718 2015  9 25  10026  10037  10003 0 0 0
54416 4023 11652    718 2015  9 26  10052  10071  10030 0 0 0
54416 4023 11652    718 2015  9 27  10060  10072  10043 0 0 0
54416 4023 11652    718 2015  9 28  10140  10174  10068 0 0 0
54416 4023 11652    718 2015  9 29  10203  10227  10174 0 0 0
54416 4023 11652    718 2015  9 30  10112  10203  10051 0 0 0
54416 4023 11652    718 2015 10  1  10036  10061  10003 0 0 0
54416 4023 11652    718 2015 10  2  10023  10049   9990 0 0 0
54416 4023 11652    718 2015 10  3  10112  10132  10023 0 0 0
54416 4023 11652    718 2015 10  4  10141  10164  10119 0 0 0
54416 4023 11652    718 2015 10  5  10102  10133  10071 0 0 0
54416 4023 11652    718 2015 10  6  10083  10106  10060 0 0 0
54416 4023 11652    718 2015 10  7  10059  10073  10036 0 0 0
54416 4023 11652    718 2015 10  8  10106  10132  10065 0 0 0
54416 4023 11652    718 2015 10  9  10034  10081  10014 0 0 0
54416 4023 11652    718 2015 10 10  10074  10090  10052 0 0 0
54416 4023 11652    718 2015 10 11  10085  10108  10060 0 0 0
54416 4023 11652    718 2015 10 12  10124  10146  10096 0 0 0
54416 4023 11652    718 2015 10 13  10116  10140  10089 0 0 0
54416 4023 11652    718 2015 10 14  10094  10108  10071 0 0 0
54416 4023 11652    718 2015 10 15  10086  10101  10066 0 0 0
54416 4023 11652    718 2015 10 16  10094  10114  10074 0 0 0
54416 4023 11652    718 2015 10 17  10088  10100  10068 0 0 0
54416 4023 11652    718 2015 10 18  10156  10186  10100 0 0 0
54416 4023 11652    718 2015 10 19  10086  10155  10043 0 0 0
54416 4023 11652    718 2015 10 20  10095  10114  10070 0 0 0
54416 4023 11652    718 2015 10 21  10151  10175  10100 0 0 0
54416 4023 11652    718 2015 10 22  10157  10183  10133 0 0 0
54416 4023 11652    718 2015 10 23  10098  10138  10066 0 0 0
54416 4023 11652    718 2015 10 24  10158  10196  10089 0 0 0
54416 4023 11652    718 2015 10 25  10191  10219  10157 0 0 0
54416 4023 11652    718 2015 10 26  10098  10162  10060 0 0 0
54416 4023 11652    718 2015 10 27  10077  10098  10047 0 0 0
54416 4023 11652    718 2015 10 28  10142  10164  10089 0 0 0
54416 4023 11652    718 2015 10 29  10184  10203  10146 0 0 0
54416 4023 11652    718 2015 10 30  10225  10238  10202 0 0 0
54416 4023 11652    718 2015 10 31  10226  10253  10199 0 0 0
54416 4023 11652    718 2015 11  1  10153  10202  10116 0 0 0
54416 4023 11652    718 2015 11  2  10129  10144  10108 0 0 0
54416 4023 11652    718 2015 11  3  10142  10160  10126 0 0 0
54416 4023 11652    718 2015 11  4  10146  10157  10134 0 0 0
54416 4023 11652    718 2015 11  5  10212  10249  10155 0 0 0
54416 4023 11652    718 2015 11  6  10228  10253  10203 0 0 0
54416 4023 11652    718 2015 11  7  10198  10226  10174 0 0 0
54416 4023 11652    718 2015 11  8  10168  10195  10147 0 0 0
54416 4023 11652    718 2015 11  9  10189  10200  10170 0 0 0
54416 4023 11652    718 2015 11 10  10208  10220  10196 0 0 0
54416 4023 11652    718 2015 11 11  10223  10234  10209 0 0 0
54416 4023 11652    718 2015 11 12  10215  10237  10195 0 0 0
54416 4023 11652    718 2015 11 13  10141  10195  10111 0 0 0
54416 4023 11652    718 2015 11 14  10078  10113  10058 0 0 0
54416 4023 11652    718 2015 11 15  10118  10147  10081 0 0 0
54416 4023 11652    718 2015 11 16  10123  10153  10098 0 0 0
54416 4023 11652    718 2015 11 17  10175  10204  10122 0 0 0
54416 4023 11652    718 2015 11 18  10188  10209  10160 0 0 0
54416 4023 11652    718 2015 11 19  10171  10184  10153 0 0 0
54416 4023 11652    718 2015 11 20  10187  10204  10170 0 0 0
54416 4023 11652    718 2015 11 21  10229  10256  10203 0 0 0
54416 4023 11652    718 2015 11 22  10269  10289  10255 0 0 0
54416 4023 11652    718 2015 11 23  10296  10330  10270 0 0 0
54416 4023 11652    718 2015 11 24  10304  10345  10274 0 0 0
54416 4023 11652    718 2015 11 25  10224  10275  10193 0 0 0
54416 4023 11652    718 2015 11 26  10236  10266  10209 0 0 0
54416 4023 11652    718 2015 11 27  10174  10211  10146 0 0 0
54416 4023 11652    718 2015 11 28  10203  10223  10180 0 0 0
54416 4023 11652    718 2015 11 29  10178  10209  10158 0 0 0
54416 4023 11652    718 2015 11 30  10166  10190  10140 0 0 0
54416 4023 11652    718 2015 12  1  10109  10150  10080 0 0 0
54416 4023 11652    718 2015 12  2  10110  10123  10090 0 0 0
54416 4023 11652    718 2015 12  3  10143  10183  10105 0 0 0
54416 4023 11652    718 2015 12  4  10177  10197  10149 0 0 0
54416 4023 11652    718 2015 12  5  10205  10231  10166 0 0 0
54416 4023 11652    718 2015 12  6  10213  10230  10194 0 0 0
54416 4023 11652    718 2015 12  7  10240  10254  10220 0 0 0
54416 4023 11652    718 2015 12  8  10218  10246  10197 0 0 0
54416 4023 11652    718 2015 12  9  10168  10205  10143 0 0 0
54416 4023 11652    718 2015 12 10  10172  10203  10141 0 0 0
54416 4023 11652    718 2015 12 11  10203  10227  10185 0 0 0
54416 4023 11652    718 2015 12 12  10175  10191  10154 0 0 0
54416 4023 11652    718 2015 12 13  10182  10204  10171 0 0 0
54416 4023 11652    718 2015 12 14  10146  10175  10119 0 0 0
54416 4023 11652    718 2015 12 15  10166  10195  10143 0 0 0
54416 4023 11652    718 2015 12 16  10223  10257  10195 0 0 0
54416 4023 11652    718 2015 12 17  10237  10263  10211 0 0 0
54416 4023 11652    718 2015 12 18  10249  10279  10219 0 0 0
54416 4023 11652    718 2015 12 19  10266  10291  10236 0 0 0
54416 4023 11652    718 2015 12 20  10179  10239  10146 0 0 0
54416 4023 11652    718 2015 12 21  10184  10205  10163 0 0 0
54416 4023 11652    718 2015 12 22  10191  10214  10169 0 0 0
54416 4023 11652    718 2015 12 23  10177  10191  10160 0 0 0
54416 4023 11652    718 2015 12 24  10185  10202  10173 0 0 0
54416 4023 11652    718 2015 12 25  10106  10183  10067 0 0 0
54416 4023 11652    718 2015 12 26  10156  10249  10079 0 0 0
54416 4023 11652    718 2015 12 27  10298  10319  10250 0 0 0
54416 4023 11652    718 2015 12 28  10263  10293  10235 0 0 0
54416 4023 11652    718 2015 12 29  10202  10245  10167 0 0 0
54416 4023 11652    718 2015 12 30  10217  10246  10190 0 0 0
54416 4023 11652    718 2015 12 31  10239  10264  10215 0 0 0
54416 4023 11652    718 2016  1  1  10152  10218  10116 0 0 0
54416 4023 11652    718 2016  1  2  10113  10133  10093 0 0 0
54416 4023 11652    718 2016  1  3  10140  10164  10117 0 0 0
54416 4023 11652    718 2016  1  4  10210  10234  10163 0 0 0
54416 4023 11652    718 2016  1  5  10216  10238  10187 0 0 0
54416 4023 11652    718 2016  1  6  10222  10247  10201 0 0 0
54416 4023 11652    718 2016  1  7  10231  10269  10193 0 0 0
54416 4023 11652    718 2016  1  8  10193  10219  10177 0 0 0
54416 4023 11652    718 2016  1  9  10165  10181  10141 0 0 0
54416 4023 11652    718 2016  1 10  10216  10257  10164 0 0 0
54416 4023 11652    718 2016  1 11  10277  10299  10250 0 0 0
54416 4023 11652    718 2016  1 12  10238  10281  10194 0 0 0
54416 4023 11652    718 2016  1 13  10159  10198  10131 0 0 0
54416 4023 11652    718 2016  1 14  10117  10144  10092 0 0 0
54416 4023 11652    718 2016  1 15  10093  10109  10073 0 0 0
54416 4023 11652    718 2016  1 16  10135  10154  10096 0 0 0
54416 4023 11652    718 2016  1 17  10177  10212  10144 0 0 0
54416 4023 11652    718 2016  1 18  10186  10206  10167 0 0 0
54416 4023 11652    718 2016  1 19  10223  10243  10206 0 0 0
54416 4023 11652    718 2016  1 20  10258  10284  10236 0 0 0
54416 4023 11652    718 2016  1 21  10249  10262  10227 0 0 0
54416 4023 11652    718 2016  1 22  10336  10372  10263 0 0 0
54416 4023 11652    718 2016  1 23  10351  10375  10335 0 0 0
54416 4023 11652    718 2016  1 24  10303  10365  10261 0 0 0
54416 4023 11652    718 2016  1 25  10216  10271  10175 0 0 0
54416 4023 11652    718 2016  1 26  10193  10216  10177 0 0 0
54416 4023 11652    718 2016  1 27  10190  10207  10171 0 0 0
54416 4023 11652    718 2016  1 28  10211  10225  10187 0 0 0
54416 4023 11652    718 2016  1 29  10263  10289  10226 0 0 0
54416 4023 11652    718 2016  1 30  10268  10285  10251 0 0 0
54416 4023 11652    718 2016  1 31  10286  10304  10258 0 0 0
54416 4023 11652    718 2016  2  1  10271  10291  10242 0 0 0
54416 4023 11652    718 2016  2  2  10224  10264  10188 0 0 0
54416 4023 11652    718 2016  2  3  10194  10207  10171 0 0 0
54416 4023 11652    718 2016  2  4  10222  10246  10193 0 0 0
54416 4023 11652    718 2016  2  5  10220  10230  10200 0 0 0
54416 4023 11652    718 2016  2  6  10209  10236  10175 0 0 0
54416 4023 11652    718 2016  2  7  10116  10180  10073 0 0 0
54416 4023 11652    718 2016  2  8  10063  10095  10031 0 0 0
54416 4023 11652    718 2016  2  9  10129  10160  10095 0 0 0
54416 4023 11652    718 2016  2 10  10097  10122  10070 0 0 0
54416 4023 11652    718 2016  2 11  10082  10096  10061 0 0 0
54416 4023 11652    718 2016  2 12  10074  10088  10047 0 0 0
54416 4023 11652    718 2016  2 13  10164  10207  10077 0 0 0
54416 4023 11652    718 2016  2 14  10229  10252  10205 0 0 0
54416 4023 11652    718 2016  2 15  10172  10229  10134 0 0 0
54416 4023 11652    718 2016  2 16  10138  10162  10122 0 0 0
54416 4023 11652    718 2016  2 17  10134  10175  10084 0 0 0
54416 4023 11652    718 2016  2 18  10115  10150  10082 0 0 0
54416 4023 11652    718 2016  2 19  10197  10246  10149 0 0 0
54416 4023 11652    718 2016  2 20  10215  10258  10170 0 0 0
54416 4023 11652    718 2016  2 21  10180  10204  10151 0 0 0
54416 4023 11652    718 2016  2 22  10187  10238  10154 0 0 0
54416 4023 11652    718 2016  2 23  10293  10315  10238 0 0 0
54416 4023 11652    718 2016  2 24  10261  10304  10217 0 0 0
54416 4023 11652    718 2016  2 25  10240  10263  10198 0 0 0
54416 4023 11652    718 2016  2 26  10174  10239  10113 0 0 0
54416 4023 11652    718 2016  2 27  10159  10175  10137 0 0 0
54416 4023 11652    718 2016  2 28  10215  10266  10155 0 0 0
54416 4023 11652    718 2016  2 29  10249  10287  10206 0 0 0
54416 4023 11652    718 2016  3  1  10152  10209  10110 0 0 0
54416 4023 11652    718 2016  3  2  10078  10119  10047 0 0 0
54416 4023 11652    718 2016  3  3  10041  10065  10021 0 0 0
54416 4023 11652    718 2016  3  4  10089  10108  10056 0 0 0
54416 4023 11652    718 2016  3  5  10110  10123  10089 0 0 0
54416 4023 11652    718 2016  3  6  10092  10123  10054 0 0 0
54416 4023 11652    718 2016  3  7  10133  10179  10071 0 0 0
54416 4023 11652    718 2016  3  8  10221  10247  10179 0 0 0
54416 4023 11652    718 2016  3  9  10245  10271  10212 0 0 0
54416 4023 11652    718 2016  3 10  10220  10251  10173 0 0 0
54416 4023 11652    718 2016  3 11  10159  10201  10111 0 0 0
54416 4023 11652    718 2016  3 12  10095  10123  10063 0 0 0
54416 4023 11652    718 2016  3 13  10153  10183  10094 0 0 0
54416 4023 11652    718 2016  3 14  10140  10171  10100 0 0 0
54416 4023 11652    718 2016  3 15  10090  10116  10063 0 0 0
54416 4023 11652    718 2016  3 16  10076  10102  10057 0 0 0
54416 4023 11652    718 2016  3 17  10036  10073   9999 0 0 0
54416 4023 11652    718 2016  3 18  10038  10066  10013 0 0 0
54416 4023 11652    718 2016  3 19  10133  10159  10066 0 0 0
54416 4023 11652    718 2016  3 20  10168  10195  10139 0 0 0
54416 4023 11652    718 2016  3 21  10138  10169  10098 0 0 0
54416 4023 11652    718 2016  3 22  10132  10157  10100 0 0 0
54416 4023 11652    718 2016  3 23  10227  10247  10157 0 0 0
54416 4023 11652    718 2016  3 24  10232  10257  10187 0 0 0
54416 4023 11652    718 2016  3 25  10198  10223  10160 0 0 0
54416 4023 11652    718 2016  3 26  10157  10184  10117 0 0 0
54416 4023 11652    718 2016  3 27  10100  10135  10055 0 0 0
54416 4023 11652    718 2016  3 28  10028  10068   9989 0 0 0
54416 4023 11652    718 2016  3 29  10075  10102  10019 0 0 0
54416 4023 11652    718 2016  3 30  10081  10116  10040 0 0 0
54416 4023 11652    718 2016  3 31   9992  10049   9945 0 0 0
54416 4023 11652    718 2016  4  1  10003  10059   9942 0 0 0
54416 4023 11652    718 2016  4  2  10113  10133  10060 0 0 0
54416 4023 11652    718 2016  4  3  10128  10166  10078 0 0 0
54416 4023 11652    718 2016  4  4  10039  10088   9994 0 0 0
54416 4023 11652    718 2016  4  5  10037  10060  10011 0 0 0
54416 4023 11652    718 2016  4  6  10011  10053   9960 0 0 0
54416 4023 11652    718 2016  4  7  10025  10057   9985 0 0 0
54416 4023 11652    718 2016  4  8  10053  10098   9990 0 0 0
54416 4023 11652    718 2016  4  9  10009  10029   9987 0 0 0
54416 4023 11652    718 2016  4 10  10085  10106  10030 0 0 0
54416 4023 11652    718 2016  4 11  10099  10149  10026 0 0 0
54416 4023 11652    718 2016  4 12   9992  10054   9963 0 0 0
54416 4023 11652    718 2016  4 13   9961   9987   9924 0 0 0
54416 4023 11652    718 2016  4 14  10058  10089   9973 0 0 0
54416 4023 11652    718 2016  4 15  10038  10084   9997 0 0 0
54416 4023 11652    718 2016  4 16  10012  10032   9986 0 0 0
54416 4023 11652    718 2016  4 17  10016  10032  10002 0 0 0
54416 4023 11652    718 2016  4 18  10041  10055  10010 0 0 0
54416 4023 11652    718 2016  4 19  10083  10103  10050 0 0 0
54416 4023 11652    718 2016  4 20  10039  10090   9989 0 0 0
54416 4023 11652    718 2016  4 21   9952  10003   9895 0 0 0
54416 4023 11652    718 2016  4 22  10006  10020   9964 0 0 0
54416 4023 11652    718 2016  4 23  10057  10079  10014 0 0 0
54416 4023 11652    718 2016  4 24  10025  10062   9981 0 0 0
54416 4023 11652    718 2016  4 25  10034  10050   9993 0 0 0
54416 4023 11652    718 2016  4 26  10073  10093  10046 0 0 0
54416 4023 11652    718 2016  4 27  10057  10074  10039 0 0 0
54416 4023 11652    718 2016  4 28  10056  10082  10030 0 0 0
54416 4023 11652    718 2016  4 29   9997  10052   9915 0 0 0
54416 4023 11652    718 2016  4 30   9942   9962   9909 0 0 0
54416 4023 11652    718 2016  5  1   9924   9941   9895 0 0 0
54416 4023 11652    718 2016  5  2  10002  10034   9919 0 0 0
54416 4023 11652    718 2016  5  3   9926  10006   9889 0 0 0
54416 4023 11652    718 2016  5  4   9970   9994   9924 0 0 0
54416 4023 11652    718 2016  5  5   9970   9996   9929 0 0 0
54416 4023 11652    718 2016  5  6  10025  10039   9967 0 0 0
54416 4023 11652    718 2016  5  7  10086  10113  10039 0 0 0
54416 4023 11652    718 2016  5  8  10042  10081   9998 0 0 0
54416 4023 11652    718 2016  5  9  10038  10053  10012 0 0 0
54416 4023 11652    718 2016  5 10  10009  10039   9972 0 0 0
54416 4023 11652    718 2016  5 11   9936   9984   9894 0 0 0
54416 4023 11652    718 2016  5 12  10006  10082   9886 0 0 0
54416 4023 11652    718 2016  5 13  10119  10146  10082 0 0 0
54416 4023 11652    718 2016  5 14  10081  10108  10058 0 0 0
54416 4023 11652    718 2016  5 15  10046  10070  10014 0 0 0
54416 4023 11652    718 2016  5 16   9996  10032   9955 0 0 0
54416 4023 11652    718 2016  5 17  10003  10017   9967 0 0 0
54416 4023 11652    718 2016  5 18  10038  10053  10004 0 0 0
54416 4023 11652    718 2016  5 19  10054  10067  10037 0 0 0
54416 4023 11652    718 2016  5 20  10072  10084  10048 0 0 0
54416 4023 11652    718 2016  5 21  10101  10118  10067 0 0 0
54416 4023 11652    718 2016  5 22  10091  10123  10048 0 0 0
54416 4023 11652    718 2016  5 23  10016  10061   9982 0 0 0
54416 4023 11652    718 2016  5 24   9945  10001   9896 0 0 0
54416 4023 11652    718 2016  5 25   9976   9996   9910 0 0 0
54416 4023 11652    718 2016  5 26  10006  10021   9981 0 0 0
54416 4023 11652    718 2016  5 27  10012  10034   9986 0 0 0
54416 4023 11652    718 2016  5 28   9975  10002   9940 0 0 0
54416 4023 11652    718 2016  5 29   9984  10022   9950 0 0 0
54416 4023 11652    718 2016  5 30   9949   9975   9919 0 0 0
54416 4023 11652    718 2016  5 31  10001  10024   9926 0 0 0
54416 4023 11652    718 2016  6  1  10038  10057  10010 0 0 0
54416 4023 11652    718 2016  6  2  10011  10038   9972 0 0 0
54416 4023 11652    718 2016  6  3   9980   9994   9962 0 0 0
54416 4023 11652    718 2016  6  4   9975   9985   9963 0 0 0
54416 4023 11652    718 2016  6  5  10012  10030   9985 0 0 0
54416 4023 11652    718 2016  6  6  10013  10030   9982 0 0 0
54416 4023 11652    718 2016  6  7  10025  10045   9999 0 0 0
54416 4023 11652    718 2016  6  8   9998  10017   9969 0 0 0
54416 4023 11652    718 2016  6  9   9969   9997   9928 0 0 0
54416 4023 11652    718 2016  6 10   9950   9982   9915 0 0 0
54416 4023 11652    718 2016  6 11   9986  10000   9958 0 0 0
54416 4023 11652    718 2016  6 12   9983  10010   9945 0 0 0
54416 4023 11652    718 2016  6 13   9955   9971   9924 0 0 0
54416 4023 11652    718 2016  6 14   9913   9938   9894 0 0 0
54416 4023 11652    718 2016  6 15   9936   9952   9913 0 0 0
54416 4023 11652    718 2016  6 16   9900   9946   9861 0 0 0
54416 4023 11652    718 2016  6 17   9897   9921   9860 0 0 0
54416 4023 11652    718 2016  6 18   9959   9974   9920 0 0 0
54416 4023 11652    718 2016  6 19   9965   9988   9939 0 0 0
54416 4023 11652    718 2016  6 20   9939   9955   9917 0 0 0
54416 4023 11652    718 2016  6 21   9931   9951   9905 0 0 0
54416 4023 11652    718 2016  6 22   9938   9960   9908 0 0 0
54416 4023 11652    718 2016  6 23   9946   9966   9916 0 0 0
54416 4023 11652    718 2016  6 24   9972   9992   9946 0 0 0
54416 4023 11652    718 2016  6 25   9985  10008   9961 0 0 0
54416 4023 11652    718 2016  6 26   9969   9990   9944 0 0 0
54416 4023 11652    718 2016  6 27   9950   9968   9931 0 0 0
54416 4023 11652    718 2016  6 28   9977   9987   9951 0 0 0
54416 4023 11652    718 2016  6 29   9961   9981   9943 0 0 0
54416 4023 11652    718 2016  6 30   9953   9975   9927 0 0 0
54416 4023 11652    718 2016  7  1   9956   9974   9932 0 0 0
54416 4023 11652    718 2016  7  2   9964   9979   9944 0 0 0
54416 4023 11652    718 2016  7  3   9979   9991   9960 0 0 0
54416 4023 11652    718 2016  7  4   9991  10002   9977 0 0 0
54416 4023 11652    718 2016  7  5  10018  10035   9997 0 0 0
54416 4023 11652    718 2016  7  6  10032  10049  10009 0 0 0
54416 4023 11652    718 2016  7  7  10025  10044  10003 0 0 0
54416 4023 11652    718 2016  7  8  10000  10022   9970 0 0 0
54416 4023 11652    718 2016  7  9   9966   9988   9938 0 0 0
54416 4023 11652    718 2016  7 10   9941   9959   9916 0 0 0
54416 4023 11652    718 2016  7 11   9914   9938   9890 0 0 0
54416 4023 11652    718 2016  7 12   9918   9937   9893 0 0 0
54416 4023 11652    718 2016  7 13   9955   9970   9936 0 0 0
54416 4023 11652    718 2016  7 14   9980   9993   9953 0 0 0
54416 4023 11652    718 2016  7 15   9964   9987   9949 0 0 0
54416 4023 11652    718 2016  7 16   9950   9961   9938 0 0 0
54416 4023 11652    718 2016  7 17   9983   9998   9961 0 0 0
54416 4023 11652    718 2016  7 18   9990  10004   9977 0 0 0
54416 4023 11652    718 2016  7 19   9993   9998   9985 0 0 0
54416 4023 11652    718 2016  7 20   9953  10000   9915 0 0 0
54416 4023 11652    718 2016  7 21   9926   9934   9915 0 0 0
54416 4023 11652    718 2016  7 22   9927   9937   9911 0 0 0
54416 4023 11652    718 2016  7 23   9929   9938   9913 0 0 0
54416 4023 11652    718 2016  7 24   9958   9969   9929 0 0 0
54416 4023 11652    718 2016  7 25   9941   9979   9921 0 0 0
54416 4023 11652    718 2016  7 26   9955   9970   9935 0 0 0
54416 4023 11652    718 2016  7 27   9937   9952   9910 0 0 0
54416 4023 11652    718 2016  7 28   9933   9954   9922 0 0 0
54416 4023 11652    718 2016  7 29   9960   9975   9927 0 0 0
54416 4023 11652    718 2016  7 30   9995  10006   9971 0 0 0
54416 4023 11652    718 2016  7 31  10005  10029   9991 0 0 0
54416 4023 11652    718 2016  8  1  10007  10018   9988 0 0 0
54416 4023 11652    718 2016  8  2  10012  10026   9993 0 0 0
54416 4023 11652    718 2016  8  3  10012  10023   9995 0 0 0
54416 4023 11652    718 2016  8  4  10013  10026   9997 0 0 0
54416 4023 11652    718 2016  8  5  10013  10028   9993 0 0 0
54416 4023 11652    718 2016  8  6   9976  10003   9949 0 0 0
54416 4023 11652    718 2016  8  7   9994  10011   9961 0 0 0
54416 4023 11652    718 2016  8  8  10014  10029   9992 0 0 0
54416 4023 11652    718 2016  8  9  10002  10017   9978 0 0 0
54416 4023 11652    718 2016  8 10   9984   9997   9965 0 0 0
54416 4023 11652    718 2016  8 11   9980   9992   9968 0 0 0
54416 4023 11652    718 2016  8 12   9973   9989   9962 0 0 0
54416 4023 11652    718 2016  8 13   9975   9982   9964 0 0 0
54416 4023 11652    718 2016  8 14   9978   9990   9968 0 0 0
54416 4023 11652    718 2016  8 15   9994  10019   9976 0 0 0
54416 4023 11652    718 2016  8 16   9970   9996   9946 0 0 0
54416 4023 11652    718 2016  8 17   9958   9970   9945 0 0 0
54416 4023 11652    718 2016  8 18   9937   9959   9923 0 0 0
54416 4023 11652    718 2016  8 19   9971   9989   9939 0 0 0
54416 4023 11652    718 2016  8 20  10004  10019   9981 0 0 0
54416 4023 11652    718 2016  8 21  10009  10021   9992 0 0 0
54416 4023 11652    718 2016  8 22  10030  10049  10011 0 0 0
54416 4023 11652    718 2016  8 23   9990  10018   9965 0 0 0
54416 4023 11652    718 2016  8 24   9961   9977   9942 0 0 0
54416 4023 11652    718 2016  8 25  10023  10065   9955 0 0 0
54416 4023 11652    718 2016  8 26  10080  10104  10053 0 0 0
54416 4023 11652    718 2016  8 27  10045  10066  10009 0 0 0
54416 4023 11652    718 2016  8 28  10036  10059  10013 0 0 0
54416 4023 11652    718 2016  8 29  10036  10057  10020 0 0 0
54416 4023 11652    718 2016  8 30   9980  10032   9928 0 0 0
54416 4023 11652    718 2016  8 31   9889   9936   9852 0 0 0
54416 4023 11652    718 2016  9  1   9882   9910   9853 0 0 0
54416 4023 11652    718 2016  9  2   9942   9966   9910 0 0 0
54416 4023 11652    718 2016  9  3   9988   9997   9966 0 0 0
54416 4023 11652    718 2016  9  4  10014  10027   9991 0 0 0
54416 4023 11652    718 2016  9  5  10021  10044   9999 0 0 0
54416 4023 11652    718 2016  9  6  10004  10022   9979 0 0 0
54416 4023 11652    718 2016  9  7   9979   9995   9954 0 0 0
54416 4023 11652    718 2016  9  8   9982   9995   9965 0 0 0
54416 4023 11652    718 2016  9  9  10001  10013   9984 0 0 0
54416 4023 11652    718 2016  9 10  10018  10035   9997 0 0 0
54416 4023 11652    718 2016  9 11  10052  10072  10019 0 0 0
54416 4023 11652    718 2016  9 12  10088  10099  10071 0 0 0
54416 4023 11652    718 2016  9 13  10093  10111  10074 0 0 0
54416 4023 11652    718 2016  9 14  10080  10097  10054 0 0 0
54416 4023 11652    718 2016  9 15  10060  10077  10038 0 0 0
54416 4023 11652    718 2016  9 16  10043  10056  10020 0 0 0
54416 4023 11652    718 2016  9 17  10093  10105  10043 0 0 0
54416 4023 11652    718 2016  9 18  10119  10125  10105 0 0 0
54416 4023 11652    718 2016  9 19  10132  10156  10106 0 0 0
54416 4023 11652    718 2016  9 20  10120  10141  10097 0 0 0
54416 4023 11652    718 2016  9 21  10110  10131  10095 0 0 0
54416 4023 11652    718 2016  9 22  10070  10105  10038 0 0 0
54416 4023 11652    718 2016  9 23  10035  10052  10012 0 0 0
54416 4023 11652    718 2016  9 24  10020  10052   9994 0 0 0
54416 4023 11652    718 2016  9 25  10056  10078  10016 0 0 0
54416 4023 11652    718 2016  9 26  10055  10070  10035 0 0 0
54416 4023 11652    718 2016  9 27  10126  10172  10049 0 0 0
54416 4023 11652    718 2016  9 28  10175  10205  10136 0 0 0
54416 4023 11652    718 2016  9 29  10113  10151  10077 0 0 0
54416 4023 11652    718 2016  9 30  10069  10092  10044 0 0 0
54416 4023 11652    718 2016 10  1  10067  10077  10048 0 0 0
54416 4023 11652    718 2016 10  2  10048  10077  10013 0 0 0
54416 4023 11652    718 2016 10  3  10023  10048  10002 0 0 0
54416 4023 11652    718 2016 10  4  10065  10084  10041 0 0 0
54416 4023 11652    718 2016 10  5  10099  10117  10075 0 0 0
54416 4023 11652    718 2016 10  6  10166  10188  10117 0 0 0
54416 4023 11652    718 2016 10  7  10108  10170  10070 0 0 0
54416 4023 11652    718 2016 10  8  10131  10151  10089 0 0 0
54416 4023 11652    718 2016 10  9  10146  10168  10117 0 0 0
54416 4023 11652    718 2016 10 10  10097  10127  10065 0 0 0
54416 4023 11652    718 2016 10 11  10129  10154  10081 0 0 0
54416 4023 11652    718 2016 10 12  10159  10187  10127 0 0 0
54416 4023 11652    718 2016 10 13  10110  10139  10086 0 0 0
54416 4023 11652    718 2016 10 14  10121  10136  10102 0 0 0
54416 4023 11652    718 2016 10 15  10139  10152  10124 0 0 0
54416 4023 11652    718 2016 10 16  10100  10140  10069 0 0 0
54416 4023 11652    718 2016 10 17  10120  10145  10085 0 0 0
54416 4023 11652    718 2016 10 18  10116  10138  10091 0 0 0
54416 4023 11652    718 2016 10 19  10080  10100  10060 0 0 0
54416 4023 11652    718 2016 10 20  10132  10150  10088 0 0 0
54416 4023 11652    718 2016 10 21  10109  10148  10082 0 0 0
54416 4023 11652    718 2016 10 22  10145  10164  10096 0 0 0
54416 4023 11652    718 2016 10 23  10145  10169  10118 0 0 0
54416 4023 11652    718 2016 10 24  10090  10128  10057 0 0 0
54416 4023 11652    718 2016 10 25  10058  10074  10031 0 0 0
54416 4023 11652    718 2016 10 26  10151  10188  10071 0 0 0
54416 4023 11652    718 2016 10 27  10186  10202  10162 0 0 0
54416 4023 11652    718 2016 10 28  10208  10234  10175 0 0 0
54416 4023 11652    718 2016 10 29  10224  10256  10185 0 0 0
54416 4023 11652    718 2016 10 30  10176  10228  10148 0 0 0
54416 4023 11652    718 2016 10 31  10285  10318  10228 0 0 0
54416 4023 11652    718 2016 11  1  10255  10286  10217 0 0 0
54416 4023 11652    718 2016 11  2  10174  10225  10141 0 0 0
54416 4023 11652    718 2016 11  3  10099  10157  10056 0 0 0
54416 4023 11652    718 2016 11  4  10009  10066   9970 0 0 0
54416 4023 11652    718 2016 11  5  10055  10137   9987 0 0 0
54416 4023 11652    718 2016 11  6  10183  10208  10137 0 0 0
54416 4023 11652    718 2016 11  7  10210  10249  10166 0 0 0
54416 4023 11652    718 2016 11  8  10254  10275  10230 0 0 0
54416 4023 11652    718 2016 11  9  10210  10257  10159 0 0 0
54416 4023 11652    718 2016 11 10  10067  10160  10023 0 0 0
54416 4023 11652    718 2016 11 11  10061  10070  10039 0 0 0
54416 4023 11652    718 2016 11 12  10113  10132  10070 0 0 0
54416 4023 11652    718 2016 11 13  10092  10125  10055 0 0 0
54416 4023 11652    718 2016 11 14  10135  10177  10066 0 0 0
54416 4023 11652    718 2016 11 15  10176  10205  10141 0 0 0
54416 4023 11652    718 2016 11 16  10124  10146  10102 0 0 0
54416 4023 11652    718 2016 11 17  10148  10171  10123 0 0 0
54416 4023 11652    718 2016 11 18  10066  10125  10039 0 0 0
54416 4023 11652    718 2016 11 19  10094  10139  10043 0 0 0
54416 4023 11652    718 2016 11 20  10172  10183  10140 0 0 0
54416 4023 11652    718 2016 11 21  10229  10283  10173 0 0 0
54416 4023 11652    718 2016 11 22  10300  10327  10271 0 0 0
54416 4023 11652    718 2016 11 23  10267  10308  10226 0 0 0
54416 4023 11652    718 2016 11 24  10209  10254  10168 0 0 0
54416 4023 11652    718 2016 11 25  10166  10185  10145 0 0 0
54416 4023 11652    718 2016 11 26  10120  10164  10091 0 0 0
54416 4023 11652    718 2016 11 27  10188  10233  10110 0 0 0
54416 4023 11652    718 2016 11 28  10237  10248  10212 0 0 0
54416 4023 11652    718 2016 11 29  10250  10278  10227 0 0 0
54416 4023 11652    718 2016 11 30  10159  10226  10116 0 0 0
54416 4023 11652    718 2016 12  1  10231  10260  10172 0 0 0
54416 4023 11652    718 2016 12  2  10210  10245  10176 0 0 0
54416 4023 11652    718 2016 12  3  10127  10186  10092 0 0 0
54416 4023 11652    718 2016 12  4  10083  10103  10062 0 0 0
54416 4023 11652    718 2016 12  5  10186  10230  10103 0 0 0
54416 4023 11652    718 2016 12  6  10145  10228  10092 0 0 0
54416 4023 11652    718 2016 12  7  10148  10184  10117 0 0 0
54416 4023 11652    718 2016 12  8  10096  10142  10060 0 0 0
54416 4023 11652    718 2016 12  9  10194  10216  10142 0 0 0
54416 4023 11652    718 2016 12 10  10206  10223  10184 0 0 0
54416 4023 11652    718 2016 12 11  10169  10211  10128 0 0 0
54416 4023 11652    718 2016 12 12  10156  10193  10129 0 0 0
54416 4023 11652    718 2016 12 13  10225  10243  10193 0 0 0
54416 4023 11652    718 2016 12 14  10248  10278  10212 0 0 0
54416 4023 11652    718 2016 12 15  10239  10262  10212 0 0 0
54416 4023 11652    718 2016 12 16  10182  10252  10136 0 0 0
54416 4023 11652    718 2016 12 17  10138  10152  10121 0 0 0
54416 4023 11652    718 2016 12 18  10152  10167  10130 0 0 0
54416 4023 11652    718 2016 12 19  10160  10176  10143 0 0 0
54416 4023 11652    718 2016 12 20  10197  10214  10167 0 0 0
54416 4023 11652    718 2016 12 21  10173  10216  10144 0 0 0
54416 4023 11652    718 2016 12 22  10150  10177  10125 0 0 0
54416 4023 11652    718 2016 12 23  10215  10244  10177 0 0 0
54416 4023 11652    718 2016 12 24  10218  10234  10201 0 0 0
54416 4023 11652    718 2016 12 25  10203  10227  10180 0 0 0
54416 4023 11652    718 2016 12 26  10225  10250  10196 0 0 0
54416 4023 11652    718 2016 12 27  10256  10292  10234 0 0 0
54416 4023 11652    718 2016 12 28  10238  10271  10209 0 0 0
54416 4023 11652    718 2016 12 29  10264  10289  10235 0 0 0
54416 4023 11652    718 2016 12 30  10208  10242  10182 0 0 0
54416 4023 11652    718 2016 12 31  10182  10200  10165 0 0 0
54416 4023 11652    718 2017  1  1  10164  10181  10139 0 0 0
54416 4023 11652    718 2017  1  2  10169  10192  10154 0 0 0
54416 4023 11652    718 2017  1  3  10139  10167  10111 0 0 0
54416 4023 11652    718 2017  1  4  10171  10184  10146 0 0 0
54416 4023 11652    718 2017  1  5  10217  10243  10184 0 0 0
54416 4023 11652    718 2017  1  6  10185  10217  10159 0 0 0
54416 4023 11652    718 2017  1  7  10153  10169  10141 0 0 0
54416 4023 11652    718 2017  1  8  10136  10157  10108 0 0 0
54416 4023 11652    718 2017  1  9  10170  10208  10134 0 0 0
54416 4023 11652    718 2017  1 10  10201  10229  10140 0 0 0
54416 4023 11652    718 2017  1 11  10165  10208  10127 0 0 0
54416 4023 11652    718 2017  1 12  10123  10153  10077 0 0 0
54416 4023 11652    718 2017  1 13  10164  10188  10101 0 0 0
54416 4023 11652    718 2017  1 14  10237  10257  10189 0 0 0
54416 4023 11652    718 2017  1 15  10245  10281  10213 0 0 0
54416 4023 11652    718 2017  1 16  10230  10252  10215 0 0 0
54416 4023 11652    718 2017  1 17  10216  10237  10194 0 0 0
54416 4023 11652    718 2017  1 18  10245  10268  10219 0 0 0
54416 4023 11652    718 2017  1 19  10212  10266  10180 0 0 0
54416 4023 11652    718 2017  1 20  10250  10283  10214 0 0 0
54416 4023 11652    718 2017  1 21  10214  10262  10181 0 0 0
54416 4023 11652    718 2017  1 22  10265  10284  10241 0 0 0
54416 4023 11652    718 2017  1 23  10268  10286  10239 0 0 0
54416 4023 11652    718 2017  1 24  10277  10301  10258 0 0 0
54416 4023 11652    718 2017  1 25  10232  10272  10194 0 0 0
54416 4023 11652    718 2017  1 26  10152  10221  10113 0 0 0
54416 4023 11652    718 2017  1 27  10218  10249  10173 0 0 0
54416 4023 11652    718 2017  1 28  10128  10184  10102 0 0 0
54416 4023 11652    718 2017  1 29  10207  10258  10121 0 0 0
54416 4023 11652    718 2017  1 30  10279  10320  10246 0 0 0
54416 4023 11652    718 2017  1 31  10204  10247  10168 0 0 0
54416 4023 11652    718 2017  2  1  10283  10320  10208 0 0 0
54416 4023 11652    718 2017  2  2  10219  10270  10179 0 0 0
54416 4023 11652    718 2017  2  3  10149  10184  10113 0 0 0
54416 4023 11652    718 2017  2  4  10099  10126  10063 0 0 0
54416 4023 11652    718 2017  2  5  10134  10166  10098 0 0 0
54416 4023 11652    718 2017  2  6  10230  10259  10166 0 0 0
54416 4023 11652    718 2017  2  7  10227  10244  10208 0 0 0
54416 4023 11652    718 2017  2  8  10224  10239  10203 0 0 0
54416 4023 11652    718 2017  2  9  10197  10238  10169 0 0 0
54416 4023 11652    718 2017  2 10  10202  10227  10183 0 0 0
54416 4023 11652    718 2017  2 11  10198  10219  10169 0 0 0
54416 4023 11652    718 2017  2 12  10181  10200  10154 0 0 0
54416 4023 11652    718 2017  2 13  10224  10246  10175 0 0 0
54416 4023 11652    718 2017  2 14  10245  10275  10209 0 0 0
54416 4023 11652    718 2017  2 15  10125  10212  10067 0 0 0
54416 4023 11652    718 2017  2 16  10104  10187  10037 0 0 0
54416 4023 11652    718 2017  2 17  10220  10256  10185 0 0 0
54416 4023 11652    718 2017  2 18  10140  10192  10085 0 0 0
54416 4023 11652    718 2017  2 19  10018  10093   9975 0 0 0
54416 4023 11652    718 2017  2 20  10218  10254  10093 0 0 0
54416 4023 11652    718 2017  2 21  10220  10258  10177 0 0 0
54416 4023 11652    718 2017  2 22  10143  10177  10114 0 0 0
54416 4023 11652    718 2017  2 23  10196  10228  10161 0 0 0
54416 4023 11652    718 2017  2 24  10165  10185  10133 0 0 0
54416 4023 11652    718 2017  2 25  10143  10162  10110 0 0 0
54416 4023 11652    718 2017  2 26  10159  10180  10134 0 0 0
54416 4023 11652    718 2017  2 27  10127  10158  10089 0 0 0
54416 4023 11652    718 2017  2 28  10106  10126  10076 0 0 0
54416 4023 11652    718 2017  3  1  10153  10184  10096 0 0 0
54416 4023 11652    718 2017  3  2  10101  10187  10040 0 0 0
54416 4023 11652    718 2017  3  3  10053  10073  10034 0 0 0
54416 4023 11652    718 2017  3  4  10088  10107  10053 0 0 0
54416 4023 11652    718 2017  3  5  10146  10173  10084 0 0 0
54416 4023 11652    718 2017  3  6  10122  10153  10093 0 0 0
54416 4023 11652    718 2017  3  7  10156  10180  10119 0 0 0
54416 4023 11652    718 2017  3  8  10093  10139  10051 0 0 0
54416 4023 11652    718 2017  3  9  10055  10076  10022 0 0 0
54416 4023 11652    718 2017  3 10  10074  10099  10048 0 0 0
54416 4023 11652    718 2017  3 11  10091  10108  10067 0 0 0
54416 4023 11652    718 2017  3 12  10180  10206  10108 0 0 0
54416 4023 11652    718 2017  3 13  10184  10215  10139 0 0 0
54416 4023 11652    718 2017  3 14  10170  10195  10143 0 0 0
54416 4023 11652    718 2017  3 15  10158  10189  10113 0 0 0
54416 4023 11652    718 2017  3 16  10106  10124  10083 0 0 0
54416 4023 11652    718 2017  3 17  10104  10120  10086 0 0 0
54416 4023 11652    718 2017  3 18  10149  10170  10108 0 0 0
54416 4023 11652    718 2017  3 19  10158  10185  10125 0 0 0
54416 4023 11652    718 2017  3 20  10143  10166  10115 0 0 0
54416 4023 11652    718 2017  3 21  10161  10195  10120 0 0 0
54416 4023 11652    718 2017  3 22  10113  10134  10096 0 0 0
54416 4023 11652    718 2017  3 23  10159  10183  10107 0 0 0
54416 4023 11652    718 2017  3 24  10148  10171  10126 0 0 0
54416 4023 11652    718 2017  3 25  10120  10140  10102 0 0 0
54416 4023 11652    718 2017  3 26  10118  10130  10098 0 0 0
54416 4023 11652    718 2017  3 27  10132  10159  10107 0 0 0
54416 4023 11652    718 2017  3 28  10119  10137  10089 0 0 0
54416 4023 11652    718 2017  3 29  10106  10123  10076 0 0 0
54416 4023 11652    718 2017  3 30  10144  10169  10098 0 0 0
54416 4023 11652    718 2017  3 31  10163  10200  10113 0 0 0
54416 4023 11652    718 2017  4  1  10082  10118  10035 0 0 0
54416 4023 11652    718 2017  4  2  10094  10123  10062 0 0 0
54416 4023 11652    718 2017  4  3  10088  10118  10058 0 0 0
54416 4023 11652    718 2017  4  4  10065  10079  10044 0 0 0
54416 4023 11652    718 2017  4  5  10041  10062  10013 0 0 0
54416 4023 11652    718 2017  4  6  10023  10039   9998 0 0 0
54416 4023 11652    718 2017  4  7  10056  10084  10024 0 0 0
54416 4023 11652    718 2017  4  8  10089  10114  10040 0 0 0
54416 4023 11652    718 2017  4  9  10119  10151  10082 0 0 0
54416 4023 11652    718 2017  4 10  10030  10086   9981 0 0 0
54416 4023 11652    718 2017  4 11  10064  10104   9992 0 0 0
54416 4023 11652    718 2017  4 12  10048  10084  10008 0 0 0
54416 4023 11652    718 2017  4 13  10019  10075   9957 0 0 0
54416 4023 11652    718 2017  4 14   9956   9971   9926 0 0 0
54416 4023 11652    718 2017  4 15   9992  10011   9953 0 0 0
54416 4023 11652    718 2017  4 16  10003  10024   9980 0 0 0
54416 4023 11652    718 2017  4 17   9921  10000   9862 0 0 0
54416 4023 11652    718 2017  4 18   9948   9976   9880 0 0 0
54416 4023 11652    718 2017  4 19   9999  10013   9976 0 0 0
54416 4023 11652    718 2017  4 20  10017  10035   9992 0 0 0
54416 4023 11652    718 2017  4 21  10064  10092  10026 0 0 0
54416 4023 11652    718 2017  4 22  10002  10054   9951 0 0 0
54416 4023 11652    718 2017  4 23  10004  10042   9962 0 0 0
54416 4023 11652    718 2017  4 24  10040  10073   9995 0 0 0
54416 4023 11652    718 2017  4 25  10127  10148  10073 0 0 0
54416 4023 11652    718 2017  4 26  10132  10161  10094 0 0 0
54416 4023 11652    718 2017  4 27  10051  10119   9987 0 0 0
54416 4023 11652    718 2017  4 28   9973  10001   9930 0 0 0
54416 4023 11652    718 2017  4 29   9941   9976   9887 0 0 0
54416 4023 11652    718 2017  4 30   9994  10031   9908 0 0 0
54416 4023 11652    718 2017  5  1  10075  10099  10031 0 0 0
54416 4023 11652    718 2017  5  2  10069  10091  10045 0 0 0
54416 4023 11652    718 2017  5  3  10064  10074  10045 0 0 0
54416 4023 11652    718 2017  5  4  10060  10088  10035 0 0 0
54416 4023 11652    718 2017  5  5  10053  10085  10000 0 0 0
54416 4023 11652    718 2017  5  6  10043  10070  10016 0 0 0
54416 4023 11652    718 2017  5  7  10042  10079   9991 0 0 0
54416 4023 11652    718 2017  5  8   9989  10013   9963 0 0 0
54416 4023 11652    718 2017  5  9   9991  10016   9957 0 0 0
54416 4023 11652    718 2017  5 10   9974  10003   9946 0 0 0
54416 4023 11652    718 2017  5 11   9985  10027   9963 0 0 0
54416 4023 11652    718 2017  5 12   9966  10040   9894 0 0 0
54416 4023 11652    718 2017  5 13   9987  10021   9922 0 0 0
54416 4023 11652    718 2017  5 14  10053  10083   9995 0 0 0
54416 4023 11652    718 2017  5 15  10056  10089  10016 0 0 0
54416 4023 11652    718 2017  5 16   9984  10035   9934 0 0 0
54416 4023 11652    718 2017  5 17   9963   9978   9939 0 0 0
54416 4023 11652    718 2017  5 18   9983  10000   9959 0 0 0
54416 4023 11652    718 2017  5 19   9983   9997   9962 0 0 0
54416 4023 11652    718 2017  5 20  10007  10027   9982 0 0 0
54416 4023 11652    718 2017  5 21  10015  10033   9990 0 0 0
54416 4023 11652    718 2017  5 22  10042  10062  10012 0 0 0
54416 4023 11652    718 2017  5 23  10055  10081  10013 0 0 0
54416 4023 11652    718 2017  5 24  10000  10035   9951 0 0 0
54416 4023 11652    718 2017  5 25  10025  10041   9965 0 0 0
54416 4023 11652    718 2017  5 26  10016  10053   9972 0 0 0
54416 4023 11652    718 2017  5 27   9968   9988   9936 0 0 0
54416 4023 11652    718 2017  5 28   9969  10000   9944 0 0 0
54416 4023 11652    718 2017  5 29  10031  10059   9981 0 0 0
54416 4023 11652    718 2017  5 30   9986  10029   9951 0 0 0
54416 4023 11652    718 2017  5 31   9911   9962   9855 0 0 0
54416 4023 11652    718 2017  6  1   9956   9980   9887 0 0 0
54416 4023 11652    718 2017  6  2   9990  10018   9942 0 0 0
54416 4023 11652    718 2017  6  3  10034  10058   9997 0 0 0
54416 4023 11652    718 2017  6  4  10015  10030   9992 0 0 0
54416 4023 11652    718 2017  6  5  10034  10048  10012 0 0 0
54416 4023 11652    718 2017  6  6  10023  10046   9999 0 0 0
54416 4023 11652    718 2017  6  7   9991  10012   9964 0 0 0
54416 4023 11652    718 2017  6  8   9974  10005   9942 0 0 0
54416 4023 11652    718 2017  6  9   9937   9963   9903 0 0 0
54416 4023 11652    718 2017  6 10  10000  10016   9920 0 0 0
54416 4023 11652    718 2017  6 11  10013  10029   9996 0 0 0
54416 4023 11652    718 2017  6 12  10044  10061  10009 0 0 0
54416 4023 11652    718 2017  6 13  10061  10076  10040 0 0 0
54416 4023 11652    718 2017  6 14  10022  10059   9982 0 0 0
54416 4023 11652    718 2017  6 15   9976   9996   9944 0 0 0
54416 4023 11652    718 2017  6 16   9962   9979   9938 0 0 0
54416 4023 11652    718 2017  6 17   9947   9964   9927 0 0 0
54416 4023 11652    718 2017  6 18   9943   9957   9914 0 0 0
54416 4023 11652    718 2017  6 19   9935   9964   9897 0 0 0
54416 4023 11652    718 2017  6 20   9941   9967   9913 0 0 0
54416 4023 11652    718 2017  6 21   9958   9973   9926 0 0 0
54416 4023 11652    718 2017  6 22   9990  10001   9952 0 0 0
54416 4023 11652    718 2017  6 23   9974   9997   9956 0 0 0
54416 4023 11652    718 2017  6 24   9963   9975   9947 0 0 0
54416 4023 11652    718 2017  6 25   9960   9970   9943 0 0 0
54416 4023 11652    718 2017  6 26   9974   9992   9952 0 0 0
54416 4023 11652    718 2017  6 27   9976   9988   9949 0 0 0
54416 4023 11652    718 2017  6 28   9977   9992   9955 0 0 0
54416 4023 11652    718 2017  6 29   9973   9987   9946 0 0 0
54416 4023 11652    718 2017  6 30   9951   9972   9923 0 0 0
