54511 3948 11628    313 2013 12  1  10195  10226  10170 0 0 0
54511 3948 11628    313 2013 12  2  10151  10172  10129 0 0 0
54511 3948 11628    313 2013 12  3  10177  10200  10153 0 0 0
54511 3948 11628    313 2013 12  4  10159  10179  10140 0 0 0
54511 3948 11628    313 2013 12  5  10197  10231  10152 0 0 0
54511 3948 11628    313 2013 12  6  10160  10193  10135 0 0 0
54511 3948 11628    313 2013 12  7  10161  10178  10145 0 0 0
54511 3948 11628    313 2013 12  8  10167  10194  10142 0 0 0
54511 3948 11628    313 2013 12  9  10200  10221  10181 0 0 0
54511 3948 11628    313 2013 12 10  10158  10188  10124 0 0 0
54511 3948 11628    313 2013 12 11  10160  10195  10127 0 0 0
54511 3948 11628    313 2013 12 12  10173  10211  10122 0 0 0
54511 3948 11628    313 2013 12 13  10219  10244  10197 0 0 0
54511 3948 11628    313 2013 12 14  10244  10264  10211 0 0 0
54511 3948 11628    313 2013 12 15  10292  10323  10264 0 0 0
54511 3948 11628    313 2013 12 16  10271  10301  10249 0 0 0
54511 3948 11628    313 2013 12 17  10289  10314  10263 0 0 0
54511 3948 11628    313 2013 12 18  10289  10331  10250 0 0 0
54511 3948 11628    313 2013 12 19  10268  10283  10254 0 0 0
54511 3948 11628    313 2013 12 20  10303  10318  10278 0 0 0
54511 3948 11628    313 2013 12 21  10314  10334  10296 0 0 0
54511 3948 11628    313 2013 12 22  10283  10302  10265 0 0 0
54511 3948 11628    313 2013 12 23  10281  10305  10266 0 0 0
54511 3948 11628    313 2013 12 24  10301  10326  10274 0 0 0
54511 3948 11628    313 2013 12 25  10241  10278  10204 0 0 0
54511 3948 11628    313 2013 12 26  10302  10320  10256 0 0 0
54511 3948 11628    313 2013 12 27  10266  10307  10231 0 0 0
54511 3948 11628    313 2013 12 28  10225  10252  10205 0 0 0
54511 3948 11628    313 2013 12 29  10157  10210  10124 0 0 0
54511 3948 11628    313 2013 12 30  10122  10137  10107 0 0 0
54511 3948 11628    313 2013 12 31  10086  10116  10068 0 0 0
54511 3948 11628    313 2014  1  1  10106  10132  10082 0 0 0
54511 3948 11628    313 2014  1  2  10143  10174  10116 0 0 0
54511 3948 11628    313 2014  1  3  10180  10207  10128 0 0 0
54511 3948 11628    313 2014  1  4  10189  10216  10157 0 0 0
54511 3948 11628    313 2014  1  5  10201  10222  10168 0 0 0
54511 3948 11628    313 2014  1  6  10222  10243  10199 0 0 0
54511 3948 11628    313 2014  1  7  10226  10262  10199 0 0 0
54511 3948 11628    313 2014  1  8  10294  10320  10262 0 0 0
54511 3948 11628    313 2014  1  9  10279  10304  10253 0 0 0
54511 3948 11628    313 2014  1 10  10268  10287  10253 0 0 0
54511 3948 11628    313 2014  1 11  10266  10285  10233 0 0 0
54511 3948 11628    313 2014  1 12  10318  10351  10258 0 0 0
54511 3948 11628    313 2014  1 13  10280  10314  10252 0 0 0
54511 3948 11628    313 2014  1 14  10299  10322  10268 0 0 0
54511 3948 11628    313 2014  1 15  10272  10301  10247 0 0 0
54511 3948 11628    313 2014  1 16  10239  10261  10222 0 0 0
54511 3948 11628    313 2014  1 17  10274  10291  10259 0 0 0
54511 3948 11628    313 2014  1 18  10289  10313  10273 0 0 0
54511 3948 11628    313 2014  1 19  10212  10281  10167 0 0 0
54511 3948 11628    313 2014  1 20  10254  10290  10209 0 0 0
54511 3948 11628    313 2014  1 21  10284  10315  10249 0 0 0
54511 3948 11628    313 2014  1 22  10199  10248  10170 0 0 0
54511 3948 11628    313 2014  1 23  10130  10184  10094 0 0 0
54511 3948 11628    313 2014  1 24  10134  10169  10103 0 0 0
54511 3948 11628    313 2014  1 25  10228  10273  10169 0 0 0
54511 3948 11628    313 2014  1 26  10258  10305  10193 0 0 0
54511 3948 11628    313 2014  1 27  10152  10198  10120 0 0 0
54511 3948 11628    313 2014  1 28  10242  10276  10198 0 0 0
54511 3948 11628    313 2014  1 29  10111  10211  10067 0 0 0
54511 3948 11628    313 2014  1 30  10139  10166  10086 0 0 0
54511 3948 11628    313 2014  1 31  10157  10172  10133 0 0 0
54511 3948 11628    313 2014  2  1  10126  10157  10098 0 0 0
54511 3948 11628    313 2014  2  2  10106  10161  10071 0 0 0
54511 3948 11628    313 2014  2  3  10230  10258  10160 0 0 0
54511 3948 11628    313 2014  2  4  10258  10280  10231 0 0 0
54511 3948 11628    313 2014  2  5  10246  10265  10228 0 0 0
54511 3948 11628    313 2014  2  6  10256  10278  10242 0 0 0
54511 3948 11628    313 2014  2  7  10235  10273  10203 0 0 0
54511 3948 11628    313 2014  2  8  10237  10286  10204 0 0 0
54511 3948 11628    313 2014  2  9  10325  10346  10286 0 0 0
54511 3948 11628    313 2014  2 10  10315  10344  10281 0 0 0
54511 3948 11628    313 2014  2 11  10246  10284  10218 0 0 0
54511 3948 11628    313 2014  2 12  10283  10303  10235 0 0 0
54511 3948 11628    313 2014  2 13  10309  10339  10277 0 0 0
54511 3948 11628    313 2014  2 14  10226  10277  10195 0 0 0
54511 3948 11628    313 2014  2 15  10205  10220  10194 0 0 0
54511 3948 11628    313 2014  2 16  10250  10270  10206 0 0 0
54511 3948 11628    313 2014  2 17  10311  10331  10270 0 0 0
54511 3948 11628    313 2014  2 18  10284  10328  10245 0 0 0
54511 3948 11628    313 2014  2 19  10249  10265  10232 0 0 0
54511 3948 11628    313 2014  2 20  10266  10284  10250 0 0 0
54511 3948 11628    313 2014  2 21  10245  10262  10222 0 0 0
54511 3948 11628    313 2014  2 22  10258  10269  10242 0 0 0
54511 3948 11628    313 2014  2 23  10271  10286  10254 0 0 0
54511 3948 11628    313 2014  2 24  10238  10265  10213 0 0 0
54511 3948 11628    313 2014  2 25  10223  10237  10198 0 0 0
54511 3948 11628    313 2014  2 26  10190  10219  10156 0 0 0
54511 3948 11628    313 2014  2 27  10251  10282  10193 0 0 0
54511 3948 11628    313 2014  2 28  10226  10259  10187 0 0 0
54511 3948 11628    313 2014  3  1  10196  10223  10167 0 0 0
54511 3948 11628    313 2014  3  2  10184  10208  10160 0 0 0
54511 3948 11628    313 2014  3  3  10181  10198  10152 0 0 0
54511 3948 11628    313 2014  3  4  10221  10240  10175 0 0 0
54511 3948 11628    313 2014  3  5  10246  10271  10210 0 0 0
54511 3948 11628    313 2014  3  6  10261  10289  10226 0 0 0
54511 3948 11628    313 2014  3  7  10256  10283  10233 0 0 0
54511 3948 11628    313 2014  3  8  10196  10244  10153 0 0 0
54511 3948 11628    313 2014  3  9  10222  10244  10179 0 0 0
54511 3948 11628    313 2014  3 10  10203  10247  10155 0 0 0
54511 3948 11628    313 2014  3 11  10137  10165  10108 0 0 0
54511 3948 11628    313 2014  3 12  10214  10245  10155 0 0 0
54511 3948 11628    313 2014  3 13  10183  10221  10133 0 0 0
54511 3948 11628    313 2014  3 14  10145  10187  10102 0 0 0
54511 3948 11628    313 2014  3 15  10068  10102  10045 0 0 0
54511 3948 11628    313 2014  3 16  10112  10149  10070 0 0 0
54511 3948 11628    313 2014  3 17  10083  10120  10053 0 0 0
54511 3948 11628    313 2014  3 18  10182  10211  10121 0 0 0
54511 3948 11628    313 2014  3 19  10187  10207  10171 0 0 0
54511 3948 11628    313 2014  3 20  10229  10257  10189 0 0 0
54511 3948 11628    313 2014  3 21  10168  10205  10123 0 0 0
54511 3948 11628    313 2014  3 22  10135  10169  10112 0 0 0
54511 3948 11628    313 2014  3 23  10196  10231  10153 0 0 0
54511 3948 11628    313 2014  3 24  10104  10160  10057 0 0 0
54511 3948 11628    313 2014  3 25  10065  10085  10035 0 0 0
54511 3948 11628    313 2014  3 26  10063  10089  10036 0 0 0
54511 3948 11628    313 2014  3 27  10074  10103  10051 0 0 0
54511 3948 11628    313 2014  3 28  10040  10056  10017 0 0 0
54511 3948 11628    313 2014  3 29  10089  10115  10045 0 0 0
54511 3948 11628    313 2014  3 30  10114  10131  10091 0 0 0
54511 3948 11628    313 2014  3 31  10112  10134  10092 0 0 0
54511 3948 11628    313 2014  4  1  10087  10117  10047 0 0 0
54511 3948 11628    313 2014  4  2  10107  10162  10056 0 0 0
54511 3948 11628    313 2014  4  3  10197  10223  10162 0 0 0
54511 3948 11628    313 2014  4  4  10111  10195  10040 0 0 0
54511 3948 11628    313 2014  4  5  10186  10215  10129 0 0 0
54511 3948 11628    313 2014  4  6  10141  10175  10095 0 0 0
54511 3948 11628    313 2014  4  7  10093  10109  10069 0 0 0
54511 3948 11628    313 2014  4  8  10094  10120  10060 0 0 0
54511 3948 11628    313 2014  4  9  10068  10107  10040 0 0 0
54511 3948 11628    313 2014  4 10  10180  10204  10107 0 0 0
54511 3948 11628    313 2014  4 11  10154  10176  10123 0 0 0
54511 3948 11628    313 2014  4 12  10123  10141  10097 0 0 0
54511 3948 11628    313 2014  4 13  10132  10153  10108 0 0 0
54511 3948 11628    313 2014  4 14  10123  10147  10092 0 0 0
54511 3948 11628    313 2014  4 15  10150  10175  10104 0 0 0
54511 3948 11628    313 2014  4 16  10103  10158  10066 0 0 0
54511 3948 11628    313 2014  4 17  10085  10104  10057 0 0 0
54511 3948 11628    313 2014  4 18  10153  10173  10104 0 0 0
54511 3948 11628    313 2014  4 19  10172  10192  10145 0 0 0
54511 3948 11628    313 2014  4 20  10129  10153  10097 0 0 0
54511 3948 11628    313 2014  4 21  10120  10144  10095 0 0 0
54511 3948 11628    313 2014  4 22  10096  10123  10056 0 0 0
54511 3948 11628    313 2014  4 23  10064  10082  10031 0 0 0
54511 3948 11628    313 2014  4 24  10102  10120  10057 0 0 0
54511 3948 11628    313 2014  4 25  10124  10139  10104 0 0 0
54511 3948 11628    313 2014  4 26  10163  10179  10121 0 0 0
54511 3948 11628    313 2014  4 27  10164  10178  10140 0 0 0
54511 3948 11628    313 2014  4 28  10154  10184  10113 0 0 0
54511 3948 11628    313 2014  4 29  10095  10126  10054 0 0 0
54511 3948 11628    313 2014  4 30  10052  10073  10025 0 0 0
54511 3948 11628    313 2014  5  1  10039  10053  10002 0 0 0
54511 3948 11628    313 2014  5  2  10117  10144  10051 0 0 0
54511 3948 11628    313 2014  5  3  10094  10147  10030 0 0 0
54511 3948 11628    313 2014  5  4  10139  10146  10101 0 0 0
54511 3948 11628    313 2014  5  5  10136  10168  10105 0 0 0
54511 3948 11628    313 2014  5  6  10050  10119   9993 0 0 0
54511 3948 11628    313 2014  5  7  10021  10055   9985 0 0 0
54511 3948 11628    313 2014  5  8  10102  10126  10056 0 0 0
54511 3948 11628    313 2014  5  9  10108  10119  10085 0 0 0
54511 3948 11628    313 2014  5 10  10119  10131  10103 0 0 0
54511 3948 11628    313 2014  5 11  10032  10128   9977 0 0 0
54511 3948 11628    313 2014  5 12   9970   9988   9952 0 0 0
54511 3948 11628    313 2014  5 13   9964   9976   9939 0 0 0
54511 3948 11628    313 2014  5 14  10017  10040   9962 0 0 0
54511 3948 11628    313 2014  5 15   9963  10005   9933 0 0 0
54511 3948 11628    313 2014  5 16  10026  10062   9945 0 0 0
54511 3948 11628    313 2014  5 17  10090  10113  10056 0 0 0
54511 3948 11628    313 2014  5 18  10048  10089  10006 0 0 0
54511 3948 11628    313 2014  5 19  10006  10036   9975 0 0 0
54511 3948 11628    313 2014  5 20  10003  10020   9984 0 0 0
54511 3948 11628    313 2014  5 21  10015  10041   9988 0 0 0
54511 3948 11628    313 2014  5 22  10023  10036  10000 0 0 0
54511 3948 11628    313 2014  5 23  10061  10076  10025 0 0 0
54511 3948 11628    313 2014  5 24  10039  10056  10026 0 0 0
54511 3948 11628    313 2014  5 25  10028  10056  10006 0 0 0
54511 3948 11628    313 2014  5 26   9963  10023   9902 0 0 0
54511 3948 11628    313 2014  5 27   9922   9947   9903 0 0 0
54511 3948 11628    313 2014  5 28   9971   9998   9927 0 0 0
54511 3948 11628    313 2014  5 29   9940   9954   9924 0 0 0
54511 3948 11628    313 2014  5 30  10015  10034   9954 0 0 0
54511 3948 11628    313 2014  5 31  10031  10050  10008 0 0 0
54511 3948 11628    313 2014  6  1  10042  10074  10009 0 0 0
54511 3948 11628    313 2014  6  2  10077  10093  10052 0 0 0
54511 3948 11628    313 2014  6  3  10039  10066  10020 0 0 0
54511 3948 11628    313 2014  6  4  10025  10045  10006 0 0 0
54511 3948 11628    313 2014  6  5  10005  10026   9982 0 0 0
54511 3948 11628    313 2014  6  6  10006  10015   9987 0 0 0
54511 3948 11628    313 2014  6  7  10001  10018   9974 0 0 0
54511 3948 11628    313 2014  6  8   9976   9995   9954 0 0 0
54511 3948 11628    313 2014  6  9  10004  10017   9977 0 0 0
54511 3948 11628    313 2014  6 10  10048  10056  10016 0 0 0
54511 3948 11628    313 2014  6 11  10060  10083  10032 0 0 0
54511 3948 11628    313 2014  6 12  10021  10045   9988 0 0 0
54511 3948 11628    313 2014  6 13  10036  10054  10005 0 0 0
54511 3948 11628    313 2014  6 14  10027  10049  10001 0 0 0
54511 3948 11628    313 2014  6 15  10007  10020   9981 0 0 0
54511 3948 11628    313 2014  6 16   9986  10008   9959 0 0 0
54511 3948 11628    313 2014  6 17   9983   9999   9971 0 0 0
54511 3948 11628    313 2014  6 18   9991  10007   9967 0 0 0
54511 3948 11628    313 2014  6 19  10005  10014   9982 0 0 0
54511 3948 11628    313 2014  6 20  10031  10043  10014 0 0 0
54511 3948 11628    313 2014  6 21  10048  10061  10029 0 0 0
54511 3948 11628    313 2014  6 22  10051  10061  10025 0 0 0
54511 3948 11628    313 2014  6 23  10039  10062  10011 0 0 0
54511 3948 11628    313 2014  6 24  10006  10025   9979 0 0 0
54511 3948 11628    313 2014  6 25   9995  10006   9982 0 0 0
54511 3948 11628    313 2014  6 26   9991  10008   9966 0 0 0
54511 3948 11628    313 2014  6 27  10024  10043   9990 0 0 0
54511 3948 11628    313 2014  6 28  10015  10030   9988 0 0 0
54511 3948 11628    313 2014  6 29  10019  10032  10003 0 0 0
54511 3948 11628    313 2014  6 30  10018  10032   9997 0 0 0
54511 3948 11628    313 2014  7  1  10004  10027   9974 0 0 0
54511 3948 11628    313 2014  7  2   9994  10014   9970 0 0 0
54511 3948 11628    313 2014  7  3   9972   9992   9957 0 0 0
54511 3948 11628    313 2014  7  4  10003  10021   9967 0 0 0
54511 3948 11628    313 2014  7  5  10031  10044  10012 0 0 0
54511 3948 11628    313 2014  7  6  10010  10022   9991 0 0 0
54511 3948 11628    313 2014  7  7   9991  10011   9955 0 0 0
54511 3948 11628    313 2014  7  8   9978   9994   9960 0 0 0
54511 3948 11628    313 2014  7  9  10003  10025   9987 0 0 0
54511 3948 11628    313 2014  7 10   9963   9988   9937 0 0 0
54511 3948 11628    313 2014  7 11   9957   9972   9945 0 0 0
54511 3948 11628    313 2014  7 12   9983  10004   9958 0 0 0
54511 3948 11628    313 2014  7 13   9983   9998   9964 0 0 0
54511 3948 11628    313 2014  7 14   9983   9994   9968 0 0 0
54511 3948 11628    313 2014  7 15  10000  10013   9974 0 0 0
54511 3948 11628    313 2014  7 16   9996  10016   9975 0 0 0
54511 3948 11628    313 2014  7 17  10017  10024  10003 0 0 0
54511 3948 11628    313 2014  7 18  10030  10045  10015 0 0 0
54511 3948 11628    313 2014  7 19  10043  10058  10024 0 0 0
54511 3948 11628    313 2014  7 20  10013  10046   9978 0 0 0
54511 3948 11628    313 2014  7 21   9979   9995   9956 0 0 0
54511 3948 11628    313 2014  7 22  10024  10037   9994 0 0 0
54511 3948 11628    313 2014  7 23  10002  10029   9979 0 0 0
54511 3948 11628    313 2014  7 24  10014  10032   9987 0 0 0
54511 3948 11628    313 2014  7 25  10020  10039  10003 0 0 0
54511 3948 11628    313 2014  7 26  10043  10057  10016 0 0 0
54511 3948 11628    313 2014  7 27  10044  10068  10009 0 0 0
54511 3948 11628    313 2014  7 28  10004  10022   9976 0 0 0
54511 3948 11628    313 2014  7 29   9992  10010   9967 0 0 0
54511 3948 11628    313 2014  7 30  10014  10030   9971 0 0 0
54511 3948 11628    313 2014  7 31  10031  10044  10006 0 0 0
54511 3948 11628    313 2014  8  1  10025  10038  10009 0 0 0
54511 3948 11628    313 2014  8  2   9994  10021   9968 0 0 0
54511 3948 11628    313 2014  8  3   9969   9982   9957 0 0 0
54511 3948 11628    313 2014  8  4  10002  10028   9971 0 0 0
54511 3948 11628    313 2014  8  5  10031  10043  10014 0 0 0
54511 3948 11628    313 2014  8  6  10033  10043  10021 0 0 0
54511 3948 11628    313 2014  8  7  10052  10066  10033 0 0 0
54511 3948 11628    313 2014  8  8  10048  10064  10028 0 0 0
54511 3948 11628    313 2014  8  9  10022  10041   9990 0 0 0
54511 3948 11628    313 2014  8 10   9995  10033   9967 0 0 0
54511 3948 11628    313 2014  8 11  10003  10020   9977 0 0 0
54511 3948 11628    313 2014  8 12  10019  10031   9998 0 0 0
54511 3948 11628    313 2014  8 13  10043  10054  10018 0 0 0
54511 3948 11628    313 2014  8 14  10041  10056  10015 0 0 0
54511 3948 11628    313 2014  8 15  10026  10042  10012 0 0 0
54511 3948 11628    313 2014  8 16  10037  10055  10020 0 0 0
54511 3948 11628    313 2014  8 17  10058  10069  10029 0 0 0
54511 3948 11628    313 2014  8 18  10078  10093  10064 0 0 0
54511 3948 11628    313 2014  8 19  10074  10090  10053 0 0 0
54511 3948 11628    313 2014  8 20  10049  10069  10023 0 0 0
54511 3948 11628    313 2014  8 21  10030  10044  10009 0 0 0
54511 3948 11628    313 2014  8 22  10036  10056  10017 0 0 0
54511 3948 11628    313 2014  8 23  10013  10029   9990 0 0 0
54511 3948 11628    313 2014  8 24  10028  10041  10008 0 0 0
54511 3948 11628    313 2014  8 25  10071  10086  10042 0 0 0
54511 3948 11628    313 2014  8 26  10090  10104  10075 0 0 0
54511 3948 11628    313 2014  8 27  10091  10104  10079 0 0 0
54511 3948 11628    313 2014  8 28  10101  10116  10090 0 0 0
54511 3948 11628    313 2014  8 29  10116  10126  10095 0 0 0
54511 3948 11628    313 2014  8 30  10106  10121  10083 0 0 0
54511 3948 11628    313 2014  8 31  10090  10101  10078 0 0 0
54511 3948 11628    313 2014  9  1  10087  10104  10068 0 0 0
54511 3948 11628    313 2014  9  2  10066  10078  10055 0 0 0
54511 3948 11628    313 2014  9  3  10057  10082  10029 0 0 0
54511 3948 11628    313 2014  9  4  10013  10033   9994 0 0 0
54511 3948 11628    313 2014  9  5  10054  10077  10008 0 0 0
54511 3948 11628    313 2014  9  6  10071  10090  10055 0 0 0
54511 3948 11628    313 2014  9  7  10040  10058  10015 0 0 0
54511 3948 11628    313 2014  9  8  10062  10085  10034 0 0 0
54511 3948 11628    313 2014  9  9  10060  10074  10049 0 0 0
54511 3948 11628    313 2014  9 10  10097  10117  10062 0 0 0
54511 3948 11628    313 2014  9 11  10101  10115  10083 0 0 0
54511 3948 11628    313 2014  9 12  10111  10120  10097 0 0 0
54511 3948 11628    313 2014  9 13  10106  10121  10087 0 0 0
54511 3948 11628    313 2014  9 14  10130  10152  10097 0 0 0
54511 3948 11628    313 2014  9 15  10146  10166  10121 0 0 0
54511 3948 11628    313 2014  9 16  10144  10154  10132 0 0 0
54511 3948 11628    313 2014  9 17  10169  10180  10150 0 0 0
54511 3948 11628    313 2014  9 18  10158  10180  10127 0 0 0
54511 3948 11628    313 2014  9 19  10088  10138  10048 0 0 0
54511 3948 11628    313 2014  9 20  10061  10075  10045 0 0 0
54511 3948 11628    313 2014  9 21  10128  10148  10070 0 0 0
54511 3948 11628    313 2014  9 22  10145  10158  10125 0 0 0
54511 3948 11628    313 2014  9 23  10135  10152  10119 0 0 0
54511 3948 11628    313 2014  9 24  10124  10140  10105 0 0 0
54511 3948 11628    313 2014  9 25  10126  10149  10103 0 0 0
54511 3948 11628    313 2014  9 26  10073  10108  10036 0 0 0
54511 3948 11628    313 2014  9 27  10119  10148  10074 0 0 0
54511 3948 11628    313 2014  9 28  10124  10144  10105 0 0 0
54511 3948 11628    313 2014  9 29  10149  10213  10092 0 0 0
54511 3948 11628    313 2014  9 30  10224  10260  10183 0 0 0
54511 3948 11628    313 2014 10  1  10128  10183  10104 0 0 0
54511 3948 11628    313 2014 10  2  10093  10111  10077 0 0 0
54511 3948 11628    313 2014 10  3  10133  10156  10108 0 0 0
54511 3948 11628    313 2014 10  4  10151  10178  10130 0 0 0
54511 3948 11628    313 2014 10  5  10204  10222  10178 0 0 0
54511 3948 11628    313 2014 10  6  10206  10236  10167 0 0 0
54511 3948 11628    313 2014 10  7  10159  10176  10139 0 0 0
54511 3948 11628    313 2014 10  8  10153  10169  10130 0 0 0
54511 3948 11628    313 2014 10  9  10155  10171  10143 0 0 0
54511 3948 11628    313 2014 10 10  10179  10203  10159 0 0 0
54511 3948 11628    313 2014 10 11  10178  10206  10158 0 0 0
54511 3948 11628    313 2014 10 12  10263  10293  10206 0 0 0
54511 3948 11628    313 2014 10 13  10235  10269  10194 0 0 0
54511 3948 11628    313 2014 10 14  10156  10199  10119 0 0 0
54511 3948 11628    313 2014 10 15  10116  10158  10089 0 0 0
54511 3948 11628    313 2014 10 16  10173  10209  10137 0 0 0
54511 3948 11628    313 2014 10 17  10120  10146  10099 0 0 0
54511 3948 11628    313 2014 10 18  10126  10148  10105 0 0 0
54511 3948 11628    313 2014 10 19  10107  10122  10092 0 0 0
54511 3948 11628    313 2014 10 20  10143  10178  10110 0 0 0
54511 3948 11628    313 2014 10 21  10208  10227  10177 0 0 0
54511 3948 11628    313 2014 10 22  10188  10209  10155 0 0 0
54511 3948 11628    313 2014 10 23  10115  10165  10083 0 0 0
54511 3948 11628    313 2014 10 24  10076  10094  10055 0 0 0
54511 3948 11628    313 2014 10 25  10076  10087  10060 0 0 0
54511 3948 11628    313 2014 10 26  10196  10244  10079 0 0 0
54511 3948 11628    313 2014 10 27  10277  10303  10244 0 0 0
54511 3948 11628    313 2014 10 28  10233  10264  10208 0 0 0
54511 3948 11628    313 2014 10 29  10202  10217  10188 0 0 0
54511 3948 11628    313 2014 10 30  10188  10201  10174 0 0 0
54511 3948 11628    313 2014 10 31  10169  10193  10143 0 0 0
54511 3948 11628    313 2014 11  1  10155  10171  10141 0 0 0
54511 3948 11628    313 2014 11  2  10195  10221  10157 0 0 0
54511 3948 11628    313 2014 11  3  10165  10192  10132 0 0 0
54511 3948 11628    313 2014 11  4  10119  10142  10095 0 0 0
54511 3948 11628    313 2014 11  5  10137  10166  10111 0 0 0
54511 3948 11628    313 2014 11  6  10253  10279  10167 0 0 0
54511 3948 11628    313 2014 11  7  10279  10297  10261 0 0 0
54511 3948 11628    313 2014 11  8  10242  10269  10216 0 0 0
54511 3948 11628    313 2014 11  9  10218  10239  10191 0 0 0
54511 3948 11628    313 2014 11 10  10179  10204  10154 0 0 0
54511 3948 11628    313 2014 11 11  10146  10159  10135 0 0 0
54511 3948 11628    313 2014 11 12  10216  10237  10157 0 0 0
54511 3948 11628    313 2014 11 13  10217  10249  10188 0 0 0
54511 3948 11628    313 2014 11 14  10226  10242  10196 0 0 0
54511 3948 11628    313 2014 11 15  10240  10255  10218 0 0 0
54511 3948 11628    313 2014 11 16  10224  10245  10208 0 0 0
54511 3948 11628    313 2014 11 17  10267  10290  10245 0 0 0
54511 3948 11628    313 2014 11 18  10253  10271  10232 0 0 0
54511 3948 11628    313 2014 11 19  10192  10242  10158 0 0 0
54511 3948 11628    313 2014 11 20  10139  10170  10123 0 0 0
54511 3948 11628    313 2014 11 21  10167  10190  10146 0 0 0
54511 3948 11628    313 2014 11 22  10227  10252  10190 0 0 0
54511 3948 11628    313 2014 11 23  10219  10227  10199 0 0 0
54511 3948 11628    313 2014 11 24  10228  10246  10216 0 0 0
54511 3948 11628    313 2014 11 25  10170  10223  10132 0 0 0
54511 3948 11628    313 2014 11 26  10125  10155  10106 0 0 0
54511 3948 11628    313 2014 11 27  10199  10217  10155 0 0 0
54511 3948 11628    313 2014 11 28  10173  10208  10152 0 0 0
54511 3948 11628    313 2014 11 29  10169  10181  10151 0 0 0
54511 3948 11628    313 2014 11 30  10195  10245  10159 0 0 0
54511 3948 11628    313 2014 12  1  10279  10303  10244 0 0 0
54511 3948 11628    313 2014 12  2  10242  10296  10202 0 0 0
54511 3948 11628    313 2014 12  3  10227  10249  10210 0 0 0
54511 3948 11628    313 2014 12  4  10237  10251  10220 0 0 0
54511 3948 11628    313 2014 12  5  10235  10256  10210 0 0 0
54511 3948 11628    313 2014 12  6  10224  10246  10209 0 0 0
54511 3948 11628    313 2014 12  7  10228  10256  10211 0 0 0
54511 3948 11628    313 2014 12  8  10299  10318  10256 0 0 0
54511 3948 11628    313 2014 12  9  10298  10331  10264 0 0 0
54511 3948 11628    313 2014 12 10  10240  10271  10214 0 0 0
54511 3948 11628    313 2014 12 11  10275  10305  10242 0 0 0
54511 3948 11628    313 2014 12 12  10244  10269  10219 0 0 0
54511 3948 11628    313 2014 12 13  10244  10263  10227 0 0 0
54511 3948 11628    313 2014 12 14  10225  10243  10201 0 0 0
54511 3948 11628    313 2014 12 15  10243  10298  10206 0 0 0
54511 3948 11628    313 2014 12 16  10277  10307  10259 0 0 0
54511 3948 11628    313 2014 12 17  10250  10272  10233 0 0 0
54511 3948 11628    313 2014 12 18  10245  10277  10214 0 0 0
54511 3948 11628    313 2014 12 19  10208  10252  10182 0 0 0
54511 3948 11628    313 2014 12 20  10264  10275  10241 0 0 0
54511 3948 11628    313 2014 12 21  10240  10285  10200 0 0 0
54511 3948 11628    313 2014 12 22  10198  10218  10182 0 0 0
54511 3948 11628    313 2014 12 23  10170  10191  10146 0 0 0
54511 3948 11628    313 2014 12 24  10270  10301  10180 0 0 0
54511 3948 11628    313 2014 12 25  10292  10313  10271 0 0 0
54511 3948 11628    313 2014 12 26  10278  10297  10257 0 0 0
54511 3948 11628    313 2014 12 27  10241  10271  10219 0 0 0
54511 3948 11628    313 2014 12 28  10164  10221  10137 0 0 0
54511 3948 11628    313 2014 12 29  10099  10141  10072 0 0 0
54511 3948 11628    313 2014 12 30  10147  10176  10104 0 0 0
54511 3948 11628    313 2014 12 31  10281  10308  10176 0 0 0
54511 3948 11628    313 2015  1  1  10271  10312  10223 0 0 0
54511 3948 11628    313 2015  1  2  10254  10288  10221 0 0 0
54511 3948 11628    313 2015  1  3  10138  10237  10098 0 0 0
54511 3948 11628    313 2015  1  4  10125  10148  10111 0 0 0
54511 3948 11628    313 2015  1  5  10153  10231  10113 0 0 0
54511 3948 11628    313 2015  1  6  10240  10260  10215 0 0 0
54511 3948 11628    313 2015  1  7  10258  10280  10224 0 0 0
54511 3948 11628    313 2015  1  8  10261  10287  10234 0 0 0
54511 3948 11628    313 2015  1  9  10249  10274  10237 0 0 0
54511 3948 11628    313 2015  1 10  10187  10239  10155 0 0 0
54511 3948 11628    313 2015  1 11  10286  10316  10179 0 0 0
54511 3948 11628    313 2015  1 12  10329  10360  10311 0 0 0
54511 3948 11628    313 2015  1 13  10283  10318  10260 0 0 0
54511 3948 11628    313 2015  1 14  10266  10277  10252 0 0 0
54511 3948 11628    313 2015  1 15  10241  10266  10220 0 0 0
54511 3948 11628    313 2015  1 16  10252  10305  10207 0 0 0
54511 3948 11628    313 2015  1 17  10284  10319  10244 0 0 0
54511 3948 11628    313 2015  1 18  10166  10244  10126 0 0 0
54511 3948 11628    313 2015  1 19  10215  10244  10180 0 0 0
54511 3948 11628    313 2015  1 20  10185  10210  10158 0 0 0
54511 3948 11628    313 2015  1 21  10238  10258  10191 0 0 0
54511 3948 11628    313 2015  1 22  10209  10248  10176 0 0 0
54511 3948 11628    313 2015  1 23  10151  10178  10126 0 0 0
54511 3948 11628    313 2015  1 24  10223  10251  10162 0 0 0
54511 3948 11628    313 2015  1 25  10214  10243  10183 0 0 0
54511 3948 11628    313 2015  1 26  10247  10318  10180 0 0 0
54511 3948 11628    313 2015  1 27  10327  10350  10301 0 0 0
54511 3948 11628    313 2015  1 28  10303  10333  10279 0 0 0
54511 3948 11628    313 2015  1 29  10256  10283  10230 0 0 0
54511 3948 11628    313 2015  1 30  10318  10338  10273 0 0 0
54511 3948 11628    313 2015  1 31  10344  10373  10316 0 0 0
54511 3948 11628    313 2015  2  1  10311  10331  10287 9 9 9
54511 3948 11628    313 2015  2  2  10291  10304  10272 9 9 9
54511 3948 11628    313 2015  2  3  10277  10300  10253 9 9 9
54511 3948 11628    313 2015  2  4  10280  10293  10242 9 9 9
54511 3948 11628    313 2015  2  5  10281  10310  10245 9 9 9
54511 3948 11628    313 2015  2  6  10191  10247  10161 9 9 9
54511 3948 11628    313 2015  2  7  10256  10314  10172 9 9 9
54511 3948 11628    313 2015  2  8  10323  10353  10291 9 9 9
54511 3948 11628    313 2015  2  9  10245  10295  10192 9 9 9
54511 3948 11628    313 2015  2 10  10129  10192  10087 9 9 9
54511 3948 11628    313 2015  2 11  10126  10149  10100 9 9 9
54511 3948 11628    313 2015  2 12  10161  10184  10135 9 9 9
54511 3948 11628    313 2015  2 13  10137  10165  10103 9 9 9
54511 3948 11628    313 2015  2 14  10084  10111  10066 9 9 9
54511 3948 11628    313 2015  2 15  10149  10164  10095 9 9 9
54511 3948 11628    313 2015  2 16  10146  10163  10120 9 9 9
54511 3948 11628    313 2015  2 17  10199  10221  10153 9 9 9
54511 3948 11628    313 2015  2 18  10267  10292  10221 9 9 9
54511 3948 11628    313 2015  2 19  10250  10277  10228 9 9 9
54511 3948 11628    313 2015  2 20  10180  10228  10153 9 9 9
54511 3948 11628    313 2015  2 21  10136  10178  10098 9 9 9
54511 3948 11628    313 2015  2 22  10195  10214  10167 9 9 9
54511 3948 11628    313 2015  2 23  10172  10198  10143 9 9 9
54511 3948 11628    313 2015  2 24  10113  10148  10086 9 9 9
54511 3948 11628    313 2015  2 25  10151  10179  10109 9 9 9
54511 3948 11628    313 2015  2 26  10220  10233  10180 9 9 9
54511 3948 11628    313 2015  2 27  10291  10318  10233 9 9 9
54511 3948 11628    313 2015  2 28  10230  10286  10185 9 9 9
54511 3948 11628    313 2015  3  1  10170  10216  10124 0 0 0
54511 3948 11628    313 2015  3  2  10079  10135  10041 0 0 0
54511 3948 11628    313 2015  3  3  10196  10231  10079 0 0 0
54511 3948 11628    313 2015  3  4  10246  10272  10220 0 0 0
54511 3948 11628    313 2015  3  5  10222  10249  10183 0 0 0
54511 3948 11628    313 2015  3  6  10154  10196  10114 0 0 0
54511 3948 11628    313 2015  3  7  10146  10170  10124 0 0 0
54511 3948 11628    313 2015  3  8  10178  10224  10139 0 0 0
54511 3948 11628    313 2015  3  9  10316  10344  10224 0 0 0
54511 3948 11628    313 2015  3 10  10270  10336  10202 0 0 0
54511 3948 11628    313 2015  3 11  10195  10230  10158 0 0 0
54511 3948 11628    313 2015  3 12  10128  10169  10096 0 0 0
54511 3948 11628    313 2015  3 13  10177  10198  10121 0 0 0
54511 3948 11628    313 2015  3 14  10173  10226  10111 0 0 0
54511 3948 11628    313 2015  3 15  10132  10162  10099 0 0 0
54511 3948 11628    313 2015  3 16  10080  10114  10055 0 0 0
54511 3948 11628    313 2015  3 17  10153  10182  10083 0 0 0
54511 3948 11628    313 2015  3 18  10126  10180  10082 0 0 0
54511 3948 11628    313 2015  3 19  10129  10154  10096 0 0 0
54511 3948 11628    313 2015  3 20  10137  10167  10100 0 0 0
54511 3948 11628    313 2015  3 21  10142  10167  10109 0 0 0
54511 3948 11628    313 2015  3 22  10234  10271  10148 0 0 0
54511 3948 11628    313 2015  3 23  10251  10274  10221 0 0 0
54511 3948 11628    313 2015  3 24  10273  10306  10237 0 0 0
54511 3948 11628    313 2015  3 25  10266  10287  10242 0 0 0
54511 3948 11628    313 2015  3 26  10248  10268  10217 0 0 0
54511 3948 11628    313 2015  3 27  10169  10230  10114 0 0 0
54511 3948 11628    313 2015  3 28  10091  10118  10073 0 0 0
54511 3948 11628    313 2015  3 29  10104  10139  10064 0 0 0
54511 3948 11628    313 2015  3 30  10049  10071  10021 0 0 0
54511 3948 11628    313 2015  3 31  10107  10165  10039 0 0 0
54511 3948 11628    313 2015  4  1  10167  10204  10118 0 0 0
54511 3948 11628    313 2015  4  2   9994  10120   9929 0 0 0
54511 3948 11628    313 2015  4  3  10079  10102   9972 0 0 0
54511 3948 11628    313 2015  4  4  10087  10110  10067 0 0 0
54511 3948 11628    313 2015  4  5  10137  10190  10092 0 0 0
54511 3948 11628    313 2015  4  6  10261  10295  10190 0 0 0
54511 3948 11628    313 2015  4  7  10274  10310  10231 0 0 0
54511 3948 11628    313 2015  4  8  10207  10247  10168 0 0 0
54511 3948 11628    313 2015  4  9  10163  10185  10137 0 0 0
54511 3948 11628    313 2015  4 10  10152  10179  10122 0 0 0
54511 3948 11628    313 2015  4 11  10157  10168  10133 0 0 0
54511 3948 11628    313 2015  4 12  10212  10256  10167 0 0 0
54511 3948 11628    313 2015  4 13  10212  10268  10144 0 0 0
54511 3948 11628    313 2015  4 14  10046  10145   9991 0 0 0
54511 3948 11628    313 2015  4 15   9961   9997   9902 0 0 0
54511 3948 11628    313 2015  4 16  10076  10112   9984 0 0 0
54511 3948 11628    313 2015  4 17  10049  10072  10024 0 0 0
54511 3948 11628    313 2015  4 18  10069  10082  10043 0 0 0
54511 3948 11628    313 2015  4 19  10105  10123  10081 0 0 0
54511 3948 11628    313 2015  4 20  10109  10136  10069 0 0 0
54511 3948 11628    313 2015  4 21  10062  10088  10021 0 0 0
54511 3948 11628    313 2015  4 22  10131  10159  10088 0 0 0
54511 3948 11628    313 2015  4 23  10104  10139  10077 0 0 0
54511 3948 11628    313 2015  4 24  10167  10200  10125 0 0 0
54511 3948 11628    313 2015  4 25  10106  10136  10064 0 0 0
54511 3948 11628    313 2015  4 26  10058  10083  10024 0 0 0
54511 3948 11628    313 2015  4 27  10011  10043   9969 0 0 0
54511 3948 11628    313 2015  4 28  10064  10086   9992 0 0 0
54511 3948 11628    313 2015  4 29  10091  10115  10059 0 0 0
54511 3948 11628    313 2015  4 30  10068  10089  10039 0 0 0
54511 3948 11628    313 2015  5  1  10055  10069  10034 0 0 0
54511 3948 11628    313 2015  5  2  10060  10081  10032 0 0 0
54511 3948 11628    313 2015  5  3  10093  10114  10037 0 0 0
54511 3948 11628    313 2015  5  4  10113  10157  10054 0 0 0
54511 3948 11628    313 2015  5  5  10013  10060   9987 0 0 0
54511 3948 11628    313 2015  5  6  10072  10088  10016 0 0 0
54511 3948 11628    313 2015  5  7  10072  10088  10049 0 0 0
54511 3948 11628    313 2015  5  8  10056  10081  10028 0 0 0
54511 3948 11628    313 2015  5  9  10137  10148  10076 0 0 0
54511 3948 11628    313 2015  5 10  10118  10143  10095 0 0 0
54511 3948 11628    313 2015  5 11  10039  10113   9982 0 0 0
54511 3948 11628    313 2015  5 12   9917   9983   9879 0 0 0
54511 3948 11628    313 2015  5 13   9904   9918   9877 0 0 0
54511 3948 11628    313 2015  5 14  10026  10055   9918 0 0 0
54511 3948 11628    313 2015  5 15  10103  10141  10042 0 0 0
54511 3948 11628    313 2015  5 16  10059  10101  10010 0 0 0
54511 3948 11628    313 2015  5 17   9952  10015   9902 0 0 0
54511 3948 11628    313 2015  5 18   9974   9996   9923 0 0 0
54511 3948 11628    313 2015  5 19  10036  10063   9980 0 0 0
54511 3948 11628    313 2015  5 20  10110  10140  10063 0 0 0
54511 3948 11628    313 2015  5 21  10080  10104  10050 0 0 0
54511 3948 11628    313 2015  5 22  10056  10078  10025 0 0 0
54511 3948 11628    313 2015  5 23  10041  10058  10018 0 0 0
54511 3948 11628    313 2015  5 24  10025  10043  10000 0 0 0
54511 3948 11628    313 2015  5 25  10016  10034   9999 0 0 0
54511 3948 11628    313 2015  5 26  10018  10037   9993 0 0 0
54511 3948 11628    313 2015  5 27  10009  10028   9984 0 0 0
54511 3948 11628    313 2015  5 28   9999  10007   9986 0 0 0
54511 3948 11628    313 2015  5 29  10015  10028   9997 0 0 0
54511 3948 11628    313 2015  5 30  10033  10060  10003 0 0 0
54511 3948 11628    313 2015  5 31   9972  10017   9929 0 0 0
54511 3948 11628    313 2015  6  1   9961   9976   9944 0 0 0
54511 3948 11628    313 2015  6  2  10039  10055   9969 0 0 0
54511 3948 11628    313 2015  6  3  10089  10115  10053 0 0 0
54511 3948 11628    313 2015  6  4  10008  10063   9968 0 0 0
54511 3948 11628    313 2015  6  5   9944   9974   9914 0 0 0
54511 3948 11628    313 2015  6  6   9975  10000   9942 0 0 0
54511 3948 11628    313 2015  6  7  10042  10063   9999 0 0 0
54511 3948 11628    313 2015  6  8  10008  10044   9977 0 0 0
54511 3948 11628    313 2015  6  9   9977   9994   9949 0 0 0
54511 3948 11628    313 2015  6 10   9961  10011   9931 0 0 0
54511 3948 11628    313 2015  6 11   9938   9955   9926 0 0 0
54511 3948 11628    313 2015  6 12   9937   9946   9925 0 0 0
54511 3948 11628    313 2015  6 13  10001  10029   9938 0 0 0
54511 3948 11628    313 2015  6 14  10042  10056  10020 0 0 0
54511 3948 11628    313 2015  6 15  10029  10049   9998 0 0 0
54511 3948 11628    313 2015  6 16   9997  10012   9970 0 0 0
54511 3948 11628    313 2015  6 17   9983   9996   9964 0 0 0
54511 3948 11628    313 2015  6 18  10022  10044   9988 0 0 0
54511 3948 11628    313 2015  6 19  10055  10078  10005 0 0 0
54511 3948 11628    313 2015  6 20  10076  10095  10056 0 0 0
54511 3948 11628    313 2015  6 21  10043  10062  10014 0 0 0
54511 3948 11628    313 2015  6 22  10018  10032  10003 0 0 0
54511 3948 11628    313 2015  6 23  10029  10045  10012 0 0 0
54511 3948 11628    313 2015  6 24  10017  10027   9998 0 0 0
54511 3948 11628    313 2015  6 25   9977  10008   9950 0 0 0
54511 3948 11628    313 2015  6 26   9967   9977   9949 0 0 0
54511 3948 11628    313 2015  6 27  10008  10019   9971 0 0 0
54511 3948 11628    313 2015  6 28  10022  10042   9992 0 0 0
54511 3948 11628    313 2015  6 29  10013  10049   9987 0 0 0
54511 3948 11628    313 2015  6 30   9993  10052   9933 0 0 0
54511 3948 11628    313 2015  7  1   9937   9959   9912 0 0 0
54511 3948 11628    313 2015  7  2   9983   9995   9958 0 0 0
54511 3948 11628    313 2015  7  3  10041  10062   9984 0 0 0
54511 3948 11628    313 2015  7  4  10058  10075  10038 0 0 0
54511 3948 11628    313 2015  7  5  10060  10072  10036 0 0 0
54511 3948 11628    313 2015  7  6  10064  10079  10040 0 0 0
54511 3948 11628    313 2015  7  7  10051  10069  10026 0 0 0
54511 3948 11628    313 2015  7  8  10061  10076  10035 0 0 0
54511 3948 11628    313 2015  7  9  10085  10105  10060 0 0 0
54511 3948 11628    313 2015  7 10  10067  10091  10034 0 0 0
54511 3948 11628    313 2015  7 11  10033  10059   9999 0 0 0
54511 3948 11628    313 2015  7 12   9961  10012   9914 0 0 0
54511 3948 11628    313 2015  7 13   9937   9953   9922 0 0 0
54511 3948 11628    313 2015  7 14   9991  10008   9938 0 0 0
54511 3948 11628    313 2015  7 15  10014  10028   9989 0 0 0
54511 3948 11628    313 2015  7 16  10035  10046  10020 0 0 0
54511 3948 11628    313 2015  7 17  10032  10047  10016 0 0 0
54511 3948 11628    313 2015  7 18  10022  10035  10011 0 0 0
54511 3948 11628    313 2015  7 19  10036  10048  10024 0 0 0
54511 3948 11628    313 2015  7 20  10033  10054  10013 0 0 0
54511 3948 11628    313 2015  7 21  10015  10030   9985 0 0 0
54511 3948 11628    313 2015  7 22  10003  10020   9980 0 0 0
54511 3948 11628    313 2015  7 23  10000  10018   9979 0 0 0
54511 3948 11628    313 2015  7 24   9975   9994   9959 0 0 0
54511 3948 11628    313 2015  7 25   9968   9981   9951 0 0 0
54511 3948 11628    313 2015  7 26   9990  10002   9955 0 0 0
54511 3948 11628    313 2015  7 27  10001  10021   9974 0 0 0
54511 3948 11628    313 2015  7 28   9989  10018   9967 0 0 0
54511 3948 11628    313 2015  7 29   9970   9995   9942 0 0 0
54511 3948 11628    313 2015  7 30  10000  10021   9962 0 0 0
54511 3948 11628    313 2015  7 31  10035  10046  10019 0 0 0
54511 3948 11628    313 2015  8  1  10030  10041  10000 0 0 0
54511 3948 11628    313 2015  8  2   9987  10026   9961 0 0 0
54511 3948 11628    313 2015  8  3   9978   9997   9962 0 0 0
54511 3948 11628    313 2015  8  4   9972   9982   9955 0 0 0
54511 3948 11628    313 2015  8  5   9986   9994   9969 0 0 0
54511 3948 11628    313 2015  8  6  10026  10039   9989 0 0 0
54511 3948 11628    313 2015  8  7  10083  10109  10039 0 0 0
54511 3948 11628    313 2015  8  8  10090  10116  10066 0 0 0
54511 3948 11628    313 2015  8  9  10067  10081  10044 0 0 0
54511 3948 11628    313 2015  8 10  10054  10072  10033 0 0 0
54511 3948 11628    313 2015  8 11  10046  10063  10022 0 0 0
54511 3948 11628    313 2015  8 12  10023  10039   9999 0 0 0
54511 3948 11628    313 2015  8 13   9999  10020   9973 0 0 0
54511 3948 11628    313 2015  8 14   9992   9997   9978 0 0 0
54511 3948 11628    313 2015  8 15  10010  10027   9993 0 0 0
54511 3948 11628    313 2015  8 16  10014  10027   9998 0 0 0
54511 3948 11628    313 2015  8 17  10020  10033  10008 0 0 0
54511 3948 11628    313 2015  8 18  10059  10084  10029 0 0 0
54511 3948 11628    313 2015  8 19  10071  10091  10051 0 0 0
54511 3948 11628    313 2015  8 20  10041  10071  10009 0 0 0
54511 3948 11628    313 2015  8 21  10018  10039   9990 0 0 0
54511 3948 11628    313 2015  8 22  10014  10027   9991 0 0 0
54511 3948 11628    313 2015  8 23  10053  10066  10024 0 0 0
54511 3948 11628    313 2015  8 24  10071  10086  10052 0 0 0
54511 3948 11628    313 2015  8 25  10063  10080  10039 0 0 0
54511 3948 11628    313 2015  8 26  10054  10072  10028 0 0 0
54511 3948 11628    313 2015  8 27  10054  10072  10031 0 0 0
54511 3948 11628    313 2015  8 28  10038  10054  10006 0 0 0
54511 3948 11628    313 2015  8 29  10051  10061  10032 0 0 0
54511 3948 11628    313 2015  8 30  10077  10089  10048 0 0 0
54511 3948 11628    313 2015  8 31  10089  10099  10081 0 0 0
54511 3948 11628    313 2015  9  1  10090  10094  10080 0 0 0
54511 3948 11628    313 2015  9  2  10091  10103  10073 0 0 0
54511 3948 11628    313 2015  9  3  10100  10115  10084 0 0 0
54511 3948 11628    313 2015  9  4  10088  10101  10069 0 0 0
54511 3948 11628    313 2015  9  5  10071  10088  10052 0 0 0
54511 3948 11628    313 2015  9  6  10092  10109  10081 0 0 0
54511 3948 11628    313 2015  9  7  10094  10106  10082 0 0 0
54511 3948 11628    313 2015  9  8  10111  10118  10095 0 0 0
54511 3948 11628    313 2015  9  9  10151  10174  10118 0 0 0
54511 3948 11628    313 2015  9 10  10178  10194  10157 0 0 0
54511 3948 11628    313 2015  9 11  10124  10169  10093 0 0 0
54511 3948 11628    313 2015  9 12  10132  10160  10107 0 0 0
54511 3948 11628    313 2015  9 13  10122  10138  10104 0 0 0
54511 3948 11628    313 2015  9 14  10144  10160  10115 0 0 0
54511 3948 11628    313 2015  9 15  10158  10177  10137 0 0 0
54511 3948 11628    313 2015  9 16  10143  10155  10125 0 0 0
54511 3948 11628    313 2015  9 17  10132  10147  10111 0 0 0
54511 3948 11628    313 2015  9 18  10125  10142  10107 0 0 0
54511 3948 11628    313 2015  9 19  10130  10156  10103 0 0 0
54511 3948 11628    313 2015  9 20  10093  10115  10064 0 0 0
54511 3948 11628    313 2015  9 21  10075  10089  10055 0 0 0
54511 3948 11628    313 2015  9 22  10058  10081  10037 0 0 0
54511 3948 11628    313 2015  9 23  10054  10071  10040 0 0 0
54511 3948 11628    313 2015  9 24  10056  10078  10028 0 0 0
54511 3948 11628    313 2015  9 25  10074  10083  10046 0 0 0
54511 3948 11628    313 2015  9 26  10094  10116  10076 0 0 0
54511 3948 11628    313 2015  9 27  10101  10117  10087 0 0 0
54511 3948 11628    313 2015  9 28  10188  10219  10109 0 0 0
54511 3948 11628    313 2015  9 29  10247  10272  10218 0 0 0
54511 3948 11628    313 2015  9 30  10160  10249  10101 0 0 0
54511 3948 11628    313 2015 10  1  10087  10108  10059 0 0 0
54511 3948 11628    313 2015 10  2  10073  10096  10046 0 0 0
54511 3948 11628    313 2015 10  3  10157  10181  10071 0 0 0
54511 3948 11628    313 2015 10  4  10185  10209  10163 0 0 0
54511 3948 11628    313 2015 10  5  10147  10176  10119 0 0 0
54511 3948 11628    313 2015 10  6  10127  10150  10106 0 0 0
54511 3948 11628    313 2015 10  7  10104  10117  10083 0 0 0
54511 3948 11628    313 2015 10  8  10157  10188  10110 0 0 0
54511 3948 11628    313 2015 10  9  10076  10133  10042 0 0 0
54511 3948 11628    313 2015 10 10  10130  10148  10097 0 0 0
54511 3948 11628    313 2015 10 11  10135  10151  10112 0 0 0
54511 3948 11628    313 2015 10 12  10170  10192  10148 0 0 0
54511 3948 11628    313 2015 10 13  10161  10184  10137 0 0 0
54511 3948 11628    313 2015 10 14  10135  10150  10119 0 0 0
54511 3948 11628    313 2015 10 15  10130  10145  10114 0 0 0
54511 3948 11628    313 2015 10 16  10139  10158  10118 0 0 0
54511 3948 11628    313 2015 10 17  10132  10143  10116 0 0 0
54511 3948 11628    313 2015 10 18  10203  10235  10143 0 0 0
54511 3948 11628    313 2015 10 19  10132  10206  10090 0 0 0
54511 3948 11628    313 2015 10 20  10138  10160  10114 0 0 0
54511 3948 11628    313 2015 10 21  10198  10225  10140 0 0 0
54511 3948 11628    313 2015 10 22  10206  10228  10184 0 0 0
54511 3948 11628    313 2015 10 23  10146  10187  10118 0 0 0
54511 3948 11628    313 2015 10 24  10206  10246  10136 0 0 0
54511 3948 11628    313 2015 10 25  10239  10265  10204 0 0 0
54511 3948 11628    313 2015 10 26  10149  10214  10110 0 0 0
54511 3948 11628    313 2015 10 27  10128  10153  10101 0 0 0
54511 3948 11628    313 2015 10 28  10187  10212  10134 0 0 0
54511 3948 11628    313 2015 10 29  10233  10249  10192 0 0 0
54511 3948 11628    313 2015 10 30  10272  10284  10249 0 0 0
54511 3948 11628    313 2015 10 31  10274  10299  10248 0 0 0
54511 3948 11628    313 2015 11  1  10200  10249  10171 0 0 0
54511 3948 11628    313 2015 11  2  10174  10187  10159 0 0 0
54511 3948 11628    313 2015 11  3  10188  10205  10173 0 0 0
54511 3948 11628    313 2015 11  4  10193  10205  10179 0 0 0
54511 3948 11628    313 2015 11  5  10252  10290  10201 0 0 0
54511 3948 11628    313 2015 11  6  10270  10293  10240 0 0 0
54511 3948 11628    313 2015 11  7  10241  10267  10217 0 0 0
54511 3948 11628    313 2015 11  8  10217  10240  10198 0 0 0
54511 3948 11628    313 2015 11  9  10237  10249  10220 0 0 0
54511 3948 11628    313 2015 11 10  10256  10268  10244 0 0 0
54511 3948 11628    313 2015 11 11  10272  10279  10256 0 0 0
54511 3948 11628    313 2015 11 12  10263  10283  10242 0 0 0
54511 3948 11628    313 2015 11 13  10189  10242  10158 0 0 0
54511 3948 11628    313 2015 11 14  10127  10160  10109 0 0 0
54511 3948 11628    313 2015 11 15  10167  10196  10131 0 0 0
54511 3948 11628    313 2015 11 16  10171  10201  10148 0 0 0
54511 3948 11628    313 2015 11 17  10222  10258  10170 0 0 0
54511 3948 11628    313 2015 11 18  10238  10260  10211 0 0 0
54511 3948 11628    313 2015 11 19  10220  10234  10201 0 0 0
54511 3948 11628    313 2015 11 20  10237  10256  10219 0 0 0
54511 3948 11628    313 2015 11 21  10279  10309  10252 0 0 0
54511 3948 11628    313 2015 11 22  10322  10336  10307 0 0 0
54511 3948 11628    313 2015 11 23  10343  10373  10321 0 0 0
54511 3948 11628    313 2015 11 24  10354  10387  10324 0 0 0
54511 3948 11628    313 2015 11 25  10274  10325  10245 0 0 0
54511 3948 11628    313 2015 11 26  10284  10312  10261 0 0 0
54511 3948 11628    313 2015 11 27  10223  10262  10196 0 0 0
54511 3948 11628    313 2015 11 28  10251  10272  10226 0 0 0
54511 3948 11628    313 2015 11 29  10227  10259  10208 0 0 0
54511 3948 11628    313 2015 11 30  10213  10238  10188 0 0 0
54511 3948 11628    313 2015 12  1  10159  10197  10131 0 0 0
54511 3948 11628    313 2015 12  2  10170  10181  10153 0 0 0
54511 3948 11628    313 2015 12  3  10201  10238  10164 0 0 0
54511 3948 11628    313 2015 12  4  10228  10244  10209 0 0 0
54511 3948 11628    313 2015 12  5  10252  10275  10216 0 0 0
54511 3948 11628    313 2015 12  6  10260  10277  10240 0 0 0
54511 3948 11628    313 2015 12  7  10287  10302  10265 0 0 0
54511 3948 11628    313 2015 12  8  10268  10295  10246 0 0 0
54511 3948 11628    313 2015 12  9  10216  10253  10192 0 0 0
54511 3948 11628    313 2015 12 10  10215  10245  10188 0 0 0
54511 3948 11628    313 2015 12 11  10252  10275  10236 0 0 0
54511 3948 11628    313 2015 12 12  10223  10241  10205 0 0 0
54511 3948 11628    313 2015 12 13  10231  10253  10220 0 0 0
54511 3948 11628    313 2015 12 14  10196  10224  10175 0 0 0
54511 3948 11628    313 2015 12 15  10223  10250  10194 0 0 0
54511 3948 11628    313 2015 12 16  10274  10304  10248 0 0 0
54511 3948 11628    313 2015 12 17  10288  10310  10265 0 0 0
54511 3948 11628    313 2015 12 18  10295  10327  10265 0 0 0
54511 3948 11628    313 2015 12 19  10313  10340  10286 0 0 0
54511 3948 11628    313 2015 12 20  10227  10286  10196 0 0 0
54511 3948 11628    313 2015 12 21  10230  10253  10212 0 0 0
54511 3948 11628    313 2015 12 22  10239  10260  10222 0 0 0
54511 3948 11628    313 2015 12 23  10225  10242  10208 0 0 0
54511 3948 11628    313 2015 12 24  10234  10251  10222 0 0 0
54511 3948 11628    313 2015 12 25  10156  10233  10122 0 0 0
54511 3948 11628    313 2015 12 26  10204  10299  10129 0 0 0
54511 3948 11628    313 2015 12 27  10345  10365  10300 0 0 0
54511 3948 11628    313 2015 12 28  10313  10341  10290 0 0 0
54511 3948 11628    313 2015 12 29  10250  10295  10218 0 0 0
54511 3948 11628    313 2015 12 30  10265  10292  10238 0 0 0
54511 3948 11628    313 2015 12 31  10288  10312  10264 0 0 0
54511 3948 11628    313 2016  1  1  10200  10264  10166 0 0 0
54511 3948 11628    313 2016  1  2  10161  10180  10141 0 0 0
54511 3948 11628    313 2016  1  3  10189  10212  10167 0 0 0
54511 3948 11628    313 2016  1  4  10256  10278  10210 0 0 0
54511 3948 11628    313 2016  1  5  10263  10284  10241 0 0 0
54511 3948 11628    313 2016  1  6  10268  10286  10252 0 0 0
54511 3948 11628    313 2016  1  7  10279  10312  10247 0 0 0
54511 3948 11628    313 2016  1  8  10239  10262  10228 0 0 0
54511 3948 11628    313 2016  1  9  10212  10232  10193 0 0 0
54511 3948 11628    313 2016  1 10  10263  10303  10211 0 0 0
54511 3948 11628    313 2016  1 11  10321  10342  10301 0 0 0
54511 3948 11628    313 2016  1 12  10285  10325  10249 0 0 0
54511 3948 11628    313 2016  1 13  10205  10250  10179 0 0 0
54511 3948 11628    313 2016  1 14  10169  10194  10146 0 0 0
54511 3948 11628    313 2016  1 15  10142  10156  10122 0 0 0
54511 3948 11628    313 2016  1 16  10188  10209  10146 0 0 0
54511 3948 11628    313 2016  1 17  10226  10253  10196 0 0 0
54511 3948 11628    313 2016  1 18  10235  10250  10215 0 0 0
54511 3948 11628    313 2016  1 19  10272  10288  10250 0 0 0
54511 3948 11628    313 2016  1 20  10308  10334  10288 0 0 0
54511 3948 11628    313 2016  1 21  10298  10314  10278 0 0 0
54511 3948 11628    313 2016  1 22  10387  10421  10314 0 0 0
54511 3948 11628    313 2016  1 23  10400  10423  10384 0 0 0
54511 3948 11628    313 2016  1 24  10357  10413  10318 0 0 0
54511 3948 11628    313 2016  1 25  10266  10321  10231 0 0 0
54511 3948 11628    313 2016  1 26  10240  10263  10229 0 0 0
54511 3948 11628    313 2016  1 27  10238  10256  10222 0 0 0
54511 3948 11628    313 2016  1 28  10258  10274  10233 0 0 0
54511 3948 11628    313 2016  1 29  10316  10342  10273 0 0 0
54511 3948 11628    313 2016  1 30  10317  10334  10304 0 0 0
54511 3948 11628    313 2016  1 31  10335  10352  10312 0 0 0
54511 3948 11628    313 2016  2  1  10320  10340  10295 0 0 0
54511 3948 11628    313 2016  2  2  10272  10312  10239 0 0 0
54511 3948 11628    313 2016  2  3  10241  10252  10219 0 0 0
54511 3948 11628    313 2016  2  4  10265  10285  10240 0 0 0
54511 3948 11628    313 2016  2  5  10268  10277  10252 0 0 0
54511 3948 11628    313 2016  2  6  10256  10281  10226 0 0 0
54511 3948 11628    313 2016  2  7  10165  10228  10133 0 0 0
54511 3948 11628    313 2016  2  8  10111  10137  10080 0 0 0
54511 3948 11628    313 2016  2  9  10175  10205  10136 0 0 0
54511 3948 11628    313 2016  2 10  10143  10169  10119 0 0 0
54511 3948 11628    313 2016  2 11  10128  10142  10112 0 0 0
54511 3948 11628    313 2016  2 12  10121  10133  10100 0 0 0
54511 3948 11628    313 2016  2 13  10209  10256  10124 0 0 0
54511 3948 11628    313 2016  2 14  10279  10297  10256 0 0 0
54511 3948 11628    313 2016  2 15  10224  10285  10191 0 0 0
54511 3948 11628    313 2016  2 16  10188  10204  10171 0 0 0
54511 3948 11628    313 2016  2 17  10184  10223  10140 0 0 0
54511 3948 11628    313 2016  2 18  10165  10192  10130 0 0 0
54511 3948 11628    313 2016  2 19  10243  10291  10192 0 0 0
54511 3948 11628    313 2016  2 20  10268  10301  10224 0 0 0
54511 3948 11628    313 2016  2 21  10226  10249  10199 0 0 0
54511 3948 11628    313 2016  2 22  10233  10280  10203 0 0 0
54511 3948 11628    313 2016  2 23  10342  10362  10281 0 0 0
54511 3948 11628    313 2016  2 24  10313  10354  10271 0 0 0
54511 3948 11628    313 2016  2 25  10287  10310  10252 0 0 0
54511 3948 11628    313 2016  2 26  10222  10289  10160 0 0 0
54511 3948 11628    313 2016  2 27  10207  10221  10177 0 0 0
54511 3948 11628    313 2016  2 28  10261  10312  10209 0 0 0
54511 3948 11628    313 2016  2 29  10298  10334  10259 0 0 0
54511 3948 11628    313 2016  3  1  10203  10260  10160 0 0 0
54511 3948 11628    313 2016  3  2  10125  10166  10097 0 0 0
54511 3948 11628    313 2016  3  3  10087  10111  10071 0 0 0
54511 3948 11628    313 2016  3  4  10139  10153  10099 0 0 0
54511 3948 11628    313 2016  3  5  10160  10178  10139 0 0 0
54511 3948 11628    313 2016  3  6  10135  10168  10096 0 0 0
54511 3948 11628    313 2016  3  7  10175  10214  10116 0 0 0
54511 3948 11628    313 2016  3  8  10265  10292  10214 0 0 0
54511 3948 11628    313 2016  3  9  10293  10319  10266 0 0 0
54511 3948 11628    313 2016  3 10  10271  10303  10228 0 0 0
54511 3948 11628    313 2016  3 11  10205  10250  10163 0 0 0
54511 3948 11628    313 2016  3 12  10142  10173  10111 0 0 0
54511 3948 11628    313 2016  3 13  10203  10235  10139 0 0 0
54511 3948 11628    313 2016  3 14  10188  10219  10149 0 0 0
54511 3948 11628    313 2016  3 15  10138  10165  10110 0 0 0
54511 3948 11628    313 2016  3 16  10123  10146  10103 0 0 0
54511 3948 11628    313 2016  3 17  10082  10118  10045 0 0 0
54511 3948 11628    313 2016  3 18  10077  10102  10057 0 0 0
54511 3948 11628    313 2016  3 19  10182  10209  10102 0 0 0
54511 3948 11628    313 2016  3 20  10218  10244  10194 0 0 0
54511 3948 11628    313 2016  3 21  10185  10218  10144 0 0 0
54511 3948 11628    313 2016  3 22  10180  10201  10143 0 0 0
54511 3948 11628    313 2016  3 23  10273  10297  10200 0 0 0
54511 3948 11628    313 2016  3 24  10281  10305  10240 0 0 0
54511 3948 11628    313 2016  3 25  10246  10268  10211 0 0 0
54511 3948 11628    313 2016  3 26  10206  10232  10168 0 0 0
54511 3948 11628    313 2016  3 27  10149  10183  10106 0 0 0
54511 3948 11628    313 2016  3 28  10075  10120  10038 0 0 0
54511 3948 11628    313 2016  3 29  10121  10149  10068 0 0 0
54511 3948 11628    313 2016  3 30  10127  10160  10087 0 0 0
54511 3948 11628    313 2016  3 31  10038  10096   9990 0 0 0
54511 3948 11628    313 2016  4  1  10038  10092   9985 0 0 0
54511 3948 11628    313 2016  4  2  10159  10178  10093 0 0 0
54511 3948 11628    313 2016  4  3  10177  10214  10131 0 0 0
54511 3948 11628    313 2016  4  4  10087  10139  10049 0 0 0
54511 3948 11628    313 2016  4  5  10082  10105  10054 0 0 0
54511 3948 11628    313 2016  4  6  10059  10103  10000 0 0 0
54511 3948 11628    313 2016  4  7  10071  10096  10030 0 0 0
54511 3948 11628    313 2016  4  8  10104  10139  10044 0 0 0
54511 3948 11628    313 2016  4  9  10060  10083  10042 0 0 0
54511 3948 11628    313 2016  4 10  10136  10161  10083 0 0 0
54511 3948 11628    313 2016  4 11  10145  10199  10074 0 0 0
54511 3948 11628    313 2016  4 12  10039  10098  10009 0 0 0
54511 3948 11628    313 2016  4 13  10004  10032   9970 0 0 0
54511 3948 11628    313 2016  4 14  10104  10135  10014 0 0 0
54511 3948 11628    313 2016  4 15  10083  10130  10041 0 0 0
54511 3948 11628    313 2016  4 16  10057  10078  10033 0 0 0
54511 3948 11628    313 2016  4 17  10071  10088  10052 0 0 0
54511 3948 11628    313 2016  4 18  10093  10105  10058 0 0 0
54511 3948 11628    313 2016  4 19  10128  10152  10098 0 0 0
54511 3948 11628    313 2016  4 20  10086  10125  10041 0 0 0
54511 3948 11628    313 2016  4 21   9995  10051   9947 0 0 0
54511 3948 11628    313 2016  4 22  10049  10064   9998 0 0 0
54511 3948 11628    313 2016  4 23  10105  10125  10056 0 0 0
54511 3948 11628    313 2016  4 24  10071  10109  10026 0 0 0
54511 3948 11628    313 2016  4 25  10078  10095  10038 0 0 0
54511 3948 11628    313 2016  4 26  10122  10143  10095 0 0 0
54511 3948 11628    313 2016  4 27  10105  10123  10087 0 0 0
54511 3948 11628    313 2016  4 28  10104  10129  10073 0 0 0
54511 3948 11628    313 2016  4 29  10040  10099   9975 0 0 0
54511 3948 11628    313 2016  4 30   9987  10006   9953 0 0 0
54511 3948 11628    313 2016  5  1   9968   9980   9934 0 0 0
54511 3948 11628    313 2016  5  2  10040  10073   9970 0 0 0
54511 3948 11628    313 2016  5  3   9979  10050   9940 0 0 0
54511 3948 11628    313 2016  5  4  10012  10035   9976 0 0 0
54511 3948 11628    313 2016  5  5  10015  10034   9982 0 0 0
54511 3948 11628    313 2016  5  6  10075  10091  10010 0 0 0
54511 3948 11628    313 2016  5  7  10133  10157  10083 0 0 0
54511 3948 11628    313 2016  5  8  10089  10127  10052 0 0 0
54511 3948 11628    313 2016  5  9  10081  10090  10060 0 0 0
54511 3948 11628    313 2016  5 10  10054  10083  10021 0 0 0
54511 3948 11628    313 2016  5 11   9978  10031   9935 0 0 0
54511 3948 11628    313 2016  5 12  10056  10130   9918 0 0 0
54511 3948 11628    313 2016  5 13  10163  10192  10130 0 0 0
54511 3948 11628    313 2016  5 14  10133  10157  10107 0 0 0
54511 3948 11628    313 2016  5 15  10094  10120  10063 0 0 0
54511 3948 11628    313 2016  5 16  10043  10080  10011 0 0 0
54511 3948 11628    313 2016  5 17  10047  10063  10016 0 0 0
54511 3948 11628    313 2016  5 18  10083  10098  10053 0 0 0
54511 3948 11628    313 2016  5 19  10098  10113  10083 0 0 0
54511 3948 11628    313 2016  5 20  10117  10129  10093 0 0 0
54511 3948 11628    313 2016  5 21  10146  10160  10114 0 0 0
54511 3948 11628    313 2016  5 22  10136  10164  10097 0 0 0
54511 3948 11628    313 2016  5 23  10062  10108  10032 0 0 0
54511 3948 11628    313 2016  5 24   9995  10052   9949 0 0 0
54511 3948 11628    313 2016  5 25  10025  10042   9961 0 0 0
54511 3948 11628    313 2016  5 26  10055  10070  10027 0 0 0
54511 3948 11628    313 2016  5 27  10060  10078  10037 0 0 0
54511 3948 11628    313 2016  5 28  10020  10049   9991 0 0 0
54511 3948 11628    313 2016  5 29  10027  10059   9999 0 0 0
54511 3948 11628    313 2016  5 30   9990  10016   9960 0 0 0
54511 3948 11628    313 2016  5 31  10045  10071   9967 0 0 0
54511 3948 11628    313 2016  6  1  10085  10102  10061 0 0 0
54511 3948 11628    313 2016  6  2  10056  10082  10022 0 0 0
54511 3948 11628    313 2016  6  3  10023  10040  10005 0 0 0
54511 3948 11628    313 2016  6  4  10021  10031  10008 0 0 0
54511 3948 11628    313 2016  6  5  10057  10075  10032 0 0 0
54511 3948 11628    313 2016  6  6  10054  10073  10026 0 0 0
54511 3948 11628    313 2016  6  7  10075  10096  10042 0 0 0
54511 3948 11628    313 2016  6  8  10044  10068  10017 0 0 0
54511 3948 11628    313 2016  6  9  10012  10042   9971 0 0 0
54511 3948 11628    313 2016  6 10   9993  10028   9955 0 0 0
54511 3948 11628    313 2016  6 11  10033  10048   9988 0 0 0
54511 3948 11628    313 2016  6 12  10025  10055   9987 0 0 0
54511 3948 11628    313 2016  6 13   9991  10012   9969 0 0 0
54511 3948 11628    313 2016  6 14   9956   9980   9935 0 0 0
54511 3948 11628    313 2016  6 15   9981   9997   9962 0 0 0
54511 3948 11628    313 2016  6 16   9946   9987   9907 0 0 0
54511 3948 11628    313 2016  6 17   9938   9972   9902 0 0 0
54511 3948 11628    313 2016  6 18  10003  10017   9967 0 0 0
54511 3948 11628    313 2016  6 19  10010  10029   9986 0 0 0
54511 3948 11628    313 2016  6 20   9984  10000   9960 0 0 0
54511 3948 11628    313 2016  6 21   9976   9995   9948 0 0 0
54511 3948 11628    313 2016  6 22   9981  10002   9950 0 0 0
54511 3948 11628    313 2016  6 23   9990  10012   9954 0 0 0
54511 3948 11628    313 2016  6 24  10016  10034   9989 0 0 0
54511 3948 11628    313 2016  6 25  10028  10050  10004 0 0 0
54511 3948 11628    313 2016  6 26  10012  10032   9992 0 0 0
54511 3948 11628    313 2016  6 27   9996  10008   9976 0 0 0
54511 3948 11628    313 2016  6 28  10015  10028   9987 0 0 0
54511 3948 11628    313 2016  6 29  10004  10026   9989 0 0 0
54511 3948 11628    313 2016  6 30   9990  10012   9972 0 0 0
54511 3948 11628    313 2016  7  1   9999  10012   9978 0 0 0
54511 3948 11628    313 2016  7  2  10009  10021   9992 0 0 0
54511 3948 11628    313 2016  7  3  10020  10034  10006 0 0 0
54511 3948 11628    313 2016  7  4  10035  10047  10018 0 0 0
54511 3948 11628    313 2016  7  5  10064  10079  10041 0 0 0
54511 3948 11628    313 2016  7  6  10077  10092  10057 0 0 0
54511 3948 11628    313 2016  7  7  10069  10086  10047 0 0 0
54511 3948 11628    313 2016  7  8  10045  10066  10013 0 0 0
54511 3948 11628    313 2016  7  9  10009  10030   9984 0 0 0
54511 3948 11628    313 2016  7 10   9986  10003   9962 0 0 0
54511 3948 11628    313 2016  7 11   9959   9984   9934 0 0 0
54511 3948 11628    313 2016  7 12   9959   9978   9935 0 0 0
54511 3948 11628    313 2016  7 13  10002  10013   9978 0 0 0
54511 3948 11628    313 2016  7 14  10023  10035  10001 0 0 0
54511 3948 11628    313 2016  7 15  10004  10033   9989 0 0 0
54511 3948 11628    313 2016  7 16   9993  10004   9983 0 0 0
54511 3948 11628    313 2016  7 17  10026  10038  10004 0 0 0
54511 3948 11628    313 2016  7 18  10034  10046  10022 0 0 0
54511 3948 11628    313 2016  7 19  10034  10037  10025 0 0 0
54511 3948 11628    313 2016  7 20   9978  10040   9934 0 0 0
54511 3948 11628    313 2016  7 21   9966   9974   9952 0 0 0
54511 3948 11628    313 2016  7 22   9971   9979   9957 0 0 0
54511 3948 11628    313 2016  7 23   9970   9978   9956 0 0 0
54511 3948 11628    313 2016  7 24  10000  10012   9978 0 0 0
54511 3948 11628    313 2016  7 25   9983  10019   9960 0 0 0
54511 3948 11628    313 2016  7 26   9998  10015   9973 0 0 0
54511 3948 11628    313 2016  7 27   9983   9996   9955 0 0 0
54511 3948 11628    313 2016  7 28   9977  10010   9962 0 0 0
54511 3948 11628    313 2016  7 29  10003  10019   9972 0 0 0
54511 3948 11628    313 2016  7 30  10037  10053  10006 0 0 0
54511 3948 11628    313 2016  7 31  10048  10071  10034 0 0 0
54511 3948 11628    313 2016  8  1  10051  10061  10033 0 0 0
54511 3948 11628    313 2016  8  2  10055  10068  10038 0 0 0
54511 3948 11628    313 2016  8  3  10056  10068  10038 0 0 0
54511 3948 11628    313 2016  8  4  10057  10070  10043 0 0 0
54511 3948 11628    313 2016  8  5  10056  10071  10036 0 0 0
54511 3948 11628    313 2016  8  6  10020  10046   9994 0 0 0
54511 3948 11628    313 2016  8  7  10037  10058  10003 0 0 0
54511 3948 11628    313 2016  8  8  10058  10067  10041 0 0 0
54511 3948 11628    313 2016  8  9  10044  10060  10023 0 0 0
54511 3948 11628    313 2016  8 10  10029  10041  10010 0 0 0
54511 3948 11628    313 2016  8 11  10023  10035  10012 0 0 0
54511 3948 11628    313 2016  8 12  10016  10023   9999 0 0 0
54511 3948 11628    313 2016  8 13  10015  10029  10005 0 0 0
54511 3948 11628    313 2016  8 14  10021  10032  10012 0 0 0
54511 3948 11628    313 2016  8 15  10042  10065  10020 0 0 0
54511 3948 11628    313 2016  8 16  10017  10040   9994 0 0 0
54511 3948 11628    313 2016  8 17  10002  10014   9987 0 0 0
54511 3948 11628    313 2016  8 18   9977  10005   9964 0 0 0
54511 3948 11628    313 2016  8 19  10013  10038   9981 0 0 0
54511 3948 11628    313 2016  8 20  10048  10062  10027 0 0 0
54511 3948 11628    313 2016  8 21  10053  10064  10036 0 0 0
54511 3948 11628    313 2016  8 22  10075  10092  10056 0 0 0
54511 3948 11628    313 2016  8 23  10033  10065  10006 0 0 0
54511 3948 11628    313 2016  8 24  10006  10020   9990 0 0 0
54511 3948 11628    313 2016  8 25  10062  10110   9994 0 0 0
54511 3948 11628    313 2016  8 26  10125  10146  10101 0 0 0
54511 3948 11628    313 2016  8 27  10089  10109  10057 0 0 0
54511 3948 11628    313 2016  8 28  10081  10101  10060 0 0 0
54511 3948 11628    313 2016  8 29  10078  10096  10067 0 0 0
54511 3948 11628    313 2016  8 30  10023  10076   9976 0 0 0
54511 3948 11628    313 2016  8 31   9933   9980   9897 0 0 0
54511 3948 11628    313 2016  9  1   9926   9954   9903 0 0 0
54511 3948 11628    313 2016  9  2   9984  10007   9953 0 0 0
54511 3948 11628    313 2016  9  3  10033  10042  10007 0 0 0
54511 3948 11628    313 2016  9  4  10057  10069  10039 0 0 0
54511 3948 11628    313 2016  9  5  10064  10077  10044 0 0 0
54511 3948 11628    313 2016  9  6  10046  10061  10025 0 0 0
54511 3948 11628    313 2016  9  7  10028  10041  10001 0 0 0
54511 3948 11628    313 2016  9  8  10028  10042  10012 0 0 0
54511 3948 11628    313 2016  9  9  10044  10055  10030 0 0 0
54511 3948 11628    313 2016  9 10  10060  10077  10045 0 0 0
54511 3948 11628    313 2016  9 11  10094  10116  10063 0 0 0
54511 3948 11628    313 2016  9 12  10133  10146  10116 0 0 0
54511 3948 11628    313 2016  9 13  10138  10154  10120 0 0 0
54511 3948 11628    313 2016  9 14  10124  10140  10098 0 0 0
54511 3948 11628    313 2016  9 15  10104  10119  10084 0 0 0
54511 3948 11628    313 2016  9 16  10086  10098  10063 0 0 0
54511 3948 11628    313 2016  9 17  10137  10150  10080 0 0 0
54511 3948 11628    313 2016  9 18  10162  10170  10149 0 0 0
54511 3948 11628    313 2016  9 19  10178  10200  10156 0 0 0
54511 3948 11628    313 2016  9 20  10163  10183  10143 0 0 0
54511 3948 11628    313 2016  9 21  10152  10172  10136 0 0 0
54511 3948 11628    313 2016  9 22  10112  10147  10082 0 0 0
54511 3948 11628    313 2016  9 23  10079  10108  10058 0 0 0
54511 3948 11628    313 2016  9 24  10064  10088  10040 0 0 0
54511 3948 11628    313 2016  9 25  10097  10118  10057 0 0 0
54511 3948 11628    313 2016  9 26  10100  10116  10079 0 0 0
54511 3948 11628    313 2016  9 27  10163  10214  10094 0 0 0
54511 3948 11628    313 2016  9 28  10221  10253  10185 0 0 0
54511 3948 11628    313 2016  9 29  10156  10197  10123 0 0 0
54511 3948 11628    313 2016  9 30  10115  10135  10091 0 0 0
54511 3948 11628    313 2016 10  1  10107  10118  10093 0 0 0
54511 3948 11628    313 2016 10  2  10090  10119  10059 0 0 0
54511 3948 11628    313 2016 10  3  10069  10090  10046 0 0 0
54511 3948 11628    313 2016 10  4  10110  10129  10080 0 0 0
54511 3948 11628    313 2016 10  5  10145  10160  10119 0 0 0
54511 3948 11628    313 2016 10  6  10210  10234  10160 0 0 0
54511 3948 11628    313 2016 10  7  10155  10214  10119 0 0 0
54511 3948 11628    313 2016 10  8  10181  10201  10136 0 0 0
54511 3948 11628    313 2016 10  9  10193  10216  10166 0 0 0
54511 3948 11628    313 2016 10 10  10143  10172  10111 0 0 0
54511 3948 11628    313 2016 10 11  10175  10200  10124 0 0 0
54511 3948 11628    313 2016 10 12  10203  10236  10173 0 0 0
54511 3948 11628    313 2016 10 13  10157  10184  10135 0 0 0
54511 3948 11628    313 2016 10 14  10167  10184  10147 0 0 0
54511 3948 11628    313 2016 10 15  10184  10199  10171 0 0 0
54511 3948 11628    313 2016 10 16  10146  10186  10116 0 0 0
54511 3948 11628    313 2016 10 17  10166  10191  10129 0 0 0
54511 3948 11628    313 2016 10 18  10162  10184  10137 0 0 0
54511 3948 11628    313 2016 10 19  10127  10146  10109 0 0 0
54511 3948 11628    313 2016 10 20  10180  10202  10132 0 0 0
54511 3948 11628    313 2016 10 21  10157  10192  10129 0 0 0
54511 3948 11628    313 2016 10 22  10187  10209  10142 0 0 0
54511 3948 11628    313 2016 10 23  10194  10217  10166 0 0 0
54511 3948 11628    313 2016 10 24  10137  10177  10104 0 0 0
54511 3948 11628    313 2016 10 25  10106  10120  10083 0 0 0
54511 3948 11628    313 2016 10 26  10196  10237  10117 0 0 0
54511 3948 11628    313 2016 10 27  10234  10251  10208 0 0 0
54511 3948 11628    313 2016 10 28  10257  10285  10224 0 0 0
54511 3948 11628    313 2016 10 29  10272  10305  10236 0 0 0
54511 3948 11628    313 2016 10 30  10221  10272  10195 0 0 0
54511 3948 11628    313 2016 10 31  10335  10367  10271 0 0 0
54511 3948 11628    313 2016 11  1  10305  10337  10266 0 0 0
54511 3948 11628    313 2016 11  2  10223  10274  10194 0 0 0
54511 3948 11628    313 2016 11  3  10148  10205  10106 0 0 0
54511 3948 11628    313 2016 11  4  10058  10115  10023 0 0 0
54511 3948 11628    313 2016 11  5  10105  10191  10037 0 0 0
54511 3948 11628    313 2016 11  6  10235  10259  10191 0 0 0
54511 3948 11628    313 2016 11  7  10258  10296  10216 0 0 0
54511 3948 11628    313 2016 11  8  10302  10323  10279 0 0 0
54511 3948 11628    313 2016 11  9  10257  10303  10207 0 0 0
54511 3948 11628    313 2016 11 10  10116  10207  10071 0 0 0
54511 3948 11628    313 2016 11 11  10105  10116  10084 0 0 0
54511 3948 11628    313 2016 11 12  10160  10179  10116 0 0 0
54511 3948 11628    313 2016 11 13  10140  10174  10103 0 0 0
54511 3948 11628    313 2016 11 14  10177  10217  10112 0 0 0
54511 3948 11628    313 2016 11 15  10223  10251  10186 0 0 0
54511 3948 11628    313 2016 11 16  10171  10190  10153 0 0 0
54511 3948 11628    313 2016 11 17  10196  10221  10169 0 0 0
54511 3948 11628    313 2016 11 18  10113  10174  10086 0 0 0
54511 3948 11628    313 2016 11 19  10138  10185  10091 0 0 0
54511 3948 11628    313 2016 11 20  10215  10228  10185 0 0 0
54511 3948 11628    313 2016 11 21  10269  10330  10208 0 0 0
54511 3948 11628    313 2016 11 22  10353  10377  10326 0 0 0
54511 3948 11628    313 2016 11 23  10317  10355  10281 0 0 0
54511 3948 11628    313 2016 11 24  10259  10304  10219 0 0 0
54511 3948 11628    313 2016 11 25  10214  10232  10196 0 0 0
54511 3948 11628    313 2016 11 26  10171  10214  10148 0 0 0
54511 3948 11628    313 2016 11 27  10233  10280  10158 0 0 0
54511 3948 11628    313 2016 11 28  10284  10298  10261 0 0 0
54511 3948 11628    313 2016 11 29  10298  10326  10276 0 0 0
54511 3948 11628    313 2016 11 30  10211  10276  10174 0 0 0
54511 3948 11628    313 2016 12  1  10279  10305  10219 0 0 0
54511 3948 11628    313 2016 12  2  10258  10292  10223 0 0 0
54511 3948 11628    313 2016 12  3  10174  10233  10143 0 0 0
54511 3948 11628    313 2016 12  4  10131  10152  10108 0 0 0
54511 3948 11628    313 2016 12  5  10235  10275  10152 0 0 0
54511 3948 11628    313 2016 12  6  10197  10277  10141 0 0 0
54511 3948 11628    313 2016 12  7  10196  10230  10165 0 0 0
54511 3948 11628    313 2016 12  8  10144  10186  10110 0 0 0
54511 3948 11628    313 2016 12  9  10243  10262  10185 0 0 0
54511 3948 11628    313 2016 12 10  10256  10273  10235 0 0 0
54511 3948 11628    313 2016 12 11  10214  10258  10175 0 0 0
54511 3948 11628    313 2016 12 12  10203  10243  10178 0 0 0
54511 3948 11628    313 2016 12 13  10271  10285  10243 0 0 0
54511 3948 11628    313 2016 12 14  10297  10328  10265 0 0 0
54511 3948 11628    313 2016 12 15  10287  10310  10259 0 0 0
54511 3948 11628    313 2016 12 16  10230  10300  10185 0 0 0
54511 3948 11628    313 2016 12 17  10185  10199  10170 0 0 0
54511 3948 11628    313 2016 12 18  10201  10215  10182 0 0 0
54511 3948 11628    313 2016 12 19  10209  10223  10195 0 0 0
54511 3948 11628    313 2016 12 20  10251  10268  10216 0 0 0
54511 3948 11628    313 2016 12 21  10223  10266  10194 0 0 0
54511 3948 11628    313 2016 12 22  10197  10218  10175 0 0 0
54511 3948 11628    313 2016 12 23  10262  10288  10218 0 0 0
54511 3948 11628    313 2016 12 24  10266  10282  10244 0 0 0
54511 3948 11628    313 2016 12 25  10250  10273  10230 0 0 0
54511 3948 11628    313 2016 12 26  10270  10292  10245 0 0 0
54511 3948 11628    313 2016 12 27  10306  10339  10289 0 0 0
54511 3948 11628    313 2016 12 28  10288  10321  10262 0 0 0
54511 3948 11628    313 2016 12 29  10316  10339  10290 0 0 0
54511 3948 11628    313 2016 12 30  10259  10296  10233 0 0 0
54511 3948 11628    313 2016 12 31  10234  10250  10218 0 0 0
54511 3948 11628    313 2017  1  1  10216  10235  10192 0 0 0
54511 3948 11628    313 2017  1  2  10220  10244  10206 0 0 0
54511 3948 11628    313 2017  1  3  10190  10215  10167 0 0 0
54511 3948 11628    313 2017  1  4  10220  10234  10198 0 0 0
54511 3948 11628    313 2017  1  5  10265  10290  10234 0 0 0
54511 3948 11628    313 2017  1  6  10234  10268  10209 0 0 0
54511 3948 11628    313 2017  1  7  10202  10217  10191 0 0 0
54511 3948 11628    313 2017  1  8  10185  10208  10158 0 0 0
54511 3948 11628    313 2017  1  9  10221  10253  10184 0 0 0
54511 3948 11628    313 2017  1 10  10251  10280  10195 0 0 0
54511 3948 11628    313 2017  1 11  10215  10259  10182 0 0 0
54511 3948 11628    313 2017  1 12  10170  10201  10139 0 0 0
54511 3948 11628    313 2017  1 13  10211  10236  10149 0 0 0
54511 3948 11628    313 2017  1 14  10285  10305  10235 0 0 0
54511 3948 11628    313 2017  1 15  10296  10334  10262 0 0 0
54511 3948 11628    313 2017  1 16  10279  10300  10265 0 0 0
54511 3948 11628    313 2017  1 17  10265  10286  10246 0 0 0
54511 3948 11628    313 2017  1 18  10293  10316  10273 0 0 0
54511 3948 11628    313 2017  1 19  10265  10320  10226 0 0 0
54511 3948 11628    313 2017  1 20  10297  10330  10265 0 0 0
54511 3948 11628    313 2017  1 21  10266  10314  10230 0 0 0
54511 3948 11628    313 2017  1 22  10312  10333  10290 0 0 0
54511 3948 11628    313 2017  1 23  10315  10334  10290 0 0 0
54511 3948 11628    313 2017  1 24  10327  10351  10310 0 0 0
54511 3948 11628    313 2017  1 25  10281  10317  10245 0 0 0
54511 3948 11628    313 2017  1 26  10200  10272  10155 0 0 0
54511 3948 11628    313 2017  1 27  10268  10303  10224 0 0 0
54511 3948 11628    313 2017  1 28  10176  10227  10153 0 0 0
54511 3948 11628    313 2017  1 29  10251  10311  10170 0 0 0
54511 3948 11628    313 2017  1 30  10330  10370  10299 0 0 0
54511 3948 11628    313 2017  1 31  10254  10299  10219 0 0 0
54511 3948 11628    313 2017  2  1  10329  10360  10255 0 0 0
54511 3948 11628    313 2017  2  2  10270  10320  10231 0 0 0
54511 3948 11628    313 2017  2  3  10197  10233  10163 0 0 0
54511 3948 11628    313 2017  2  4  10147  10174  10116 0 0 0
54511 3948 11628    313 2017  2  5  10182  10206  10144 0 0 0
54511 3948 11628    313 2017  2  6  10276  10307  10207 0 0 0
54511 3948 11628    313 2017  2  7  10274  10296  10255 0 0 0
54511 3948 11628    313 2017  2  8  10272  10283  10253 0 0 0
54511 3948 11628    313 2017  2  9  10250  10288  10221 0 0 0
54511 3948 11628    313 2017  2 10  10254  10277  10235 0 0 0
54511 3948 11628    313 2017  2 11  10245  10263  10219 0 0 0
54511 3948 11628    313 2017  2 12  10228  10245  10208 0 0 0
54511 3948 11628    313 2017  2 13  10272  10293  10220 0 0 0
54511 3948 11628    313 2017  2 14  10294  10323  10257 0 0 0
54511 3948 11628    313 2017  2 15  10173  10259  10112 0 0 0
54511 3948 11628    313 2017  2 16  10142  10228  10079 0 0 0
54511 3948 11628    313 2017  2 17  10270  10305  10228 0 0 0
54511 3948 11628    313 2017  2 18  10188  10243  10132 0 0 0
54511 3948 11628    313 2017  2 19  10062  10132  10017 0 0 0
54511 3948 11628    313 2017  2 20  10266  10301  10130 0 0 0
54511 3948 11628    313 2017  2 21  10271  10310  10228 0 0 0
54511 3948 11628    313 2017  2 22  10196  10230  10171 0 0 0
54511 3948 11628    313 2017  2 23  10249  10278  10214 0 0 0
54511 3948 11628    313 2017  2 24  10213  10230  10187 0 0 0
54511 3948 11628    313 2017  2 25  10191  10217  10161 0 0 0
54511 3948 11628    313 2017  2 26  10207  10227  10181 0 0 0
54511 3948 11628    313 2017  2 27  10174  10205  10141 0 0 0
54511 3948 11628    313 2017  2 28  10151  10170  10126 0 0 0
54511 3948 11628    313 2017  3  1  10199  10235  10140 0 0 0
54511 3948 11628    313 2017  3  2  10151  10236  10093 0 0 0
54511 3948 11628    313 2017  3  3  10099  10121  10086 0 0 0
54511 3948 11628    313 2017  3  4  10136  10153  10104 0 0 0
54511 3948 11628    313 2017  3  5  10192  10220  10126 0 0 0
54511 3948 11628    313 2017  3  6  10166  10203  10133 0 0 0
54511 3948 11628    313 2017  3  7  10204  10224  10169 0 0 0
54511 3948 11628    313 2017  3  8  10145  10194  10107 0 0 0
54511 3948 11628    313 2017  3  9  10106  10128  10075 0 0 0
54511 3948 11628    313 2017  3 10  10120  10144  10096 0 0 0
54511 3948 11628    313 2017  3 11  10137  10150  10118 0 0 0
54511 3948 11628    313 2017  3 12  10223  10252  10147 0 0 0
54511 3948 11628    313 2017  3 13  10233  10265  10191 0 0 0
54511 3948 11628    313 2017  3 14  10218  10239  10194 0 0 0
54511 3948 11628    313 2017  3 15  10205  10239  10160 0 0 0
54511 3948 11628    313 2017  3 16  10152  10170  10130 0 0 0
54511 3948 11628    313 2017  3 17  10152  10166  10136 0 0 0
54511 3948 11628    313 2017  3 18  10195  10216  10155 0 0 0
54511 3948 11628    313 2017  3 19  10205  10232  10171 0 0 0
54511 3948 11628    313 2017  3 20  10186  10213  10160 0 0 0
54511 3948 11628    313 2017  3 21  10209  10241  10171 0 0 0
54511 3948 11628    313 2017  3 22  10159  10184  10143 0 0 0
54511 3948 11628    313 2017  3 23  10204  10223  10155 0 0 0
54511 3948 11628    313 2017  3 24  10196  10217  10174 0 0 0
54511 3948 11628    313 2017  3 25  10171  10189  10151 0 0 0
54511 3948 11628    313 2017  3 26  10168  10181  10151 0 0 0
54511 3948 11628    313 2017  3 27  10180  10206  10157 0 0 0
54511 3948 11628    313 2017  3 28  10169  10187  10143 0 0 0
54511 3948 11628    313 2017  3 29  10154  10170  10125 0 0 0
54511 3948 11628    313 2017  3 30  10189  10218  10144 0 0 0
54511 3948 11628    313 2017  3 31  10215  10248  10166 0 0 0
54511 3948 11628    313 2017  4  1  10128  10175  10082 0 0 0
54511 3948 11628    313 2017  4  2  10142  10169  10107 0 0 0
54511 3948 11628    313 2017  4  3  10134  10163  10103 0 0 0
54511 3948 11628    313 2017  4  4  10111  10127  10093 0 0 0
54511 3948 11628    313 2017  4  5  10089  10114  10057 0 0 0
54511 3948 11628    313 2017  4  6  10070  10085  10048 0 0 0
54511 3948 11628    313 2017  4  7  10103  10127  10069 0 0 0
54511 3948 11628    313 2017  4  8  10137  10161  10086 0 0 0
54511 3948 11628    313 2017  4  9  10169  10202  10134 0 0 0
54511 3948 11628    313 2017  4 10  10079  10136  10035 0 0 0
54511 3948 11628    313 2017  4 11  10110  10149  10040 0 0 0
54511 3948 11628    313 2017  4 12  10094  10133  10055 0 0 0
54511 3948 11628    313 2017  4 13  10064  10123  10006 0 0 0
54511 3948 11628    313 2017  4 14  10005  10017   9980 0 0 0
54511 3948 11628    313 2017  4 15  10040  10057  10003 0 0 0
54511 3948 11628    313 2017  4 16  10048  10071  10027 0 0 0
54511 3948 11628    313 2017  4 17   9969  10043   9911 0 0 0
54511 3948 11628    313 2017  4 18   9996  10020   9927 0 0 0
54511 3948 11628    313 2017  4 19  10044  10065  10016 0 0 0
54511 3948 11628    313 2017  4 20  10059  10079  10036 0 0 0
54511 3948 11628    313 2017  4 21  10110  10137  10059 0 0 0
54511 3948 11628    313 2017  4 22  10051  10105  10002 0 0 0
54511 3948 11628    313 2017  4 23  10049  10080  10011 0 0 0
54511 3948 11628    313 2017  4 24  10080  10108  10046 0 0 0
54511 3948 11628    313 2017  4 25  10172  10197  10108 0 0 0
54511 3948 11628    313 2017  4 26  10179  10207  10141 0 0 0
54511 3948 11628    313 2017  4 27  10103  10172  10037 0 0 0
54511 3948 11628    313 2017  4 28  10020  10051   9977 0 0 0
54511 3948 11628    313 2017  4 29   9990  10019   9943 0 0 0
54511 3948 11628    313 2017  4 30  10041  10080   9953 0 0 0
54511 3948 11628    313 2017  5  1  10120  10144  10080 0 0 0
54511 3948 11628    313 2017  5  2  10112  10138  10091 0 0 0
54511 3948 11628    313 2017  5  3  10113  10126  10094 0 0 0
54511 3948 11628    313 2017  5  4  10109  10134  10085 0 0 0
54511 3948 11628    313 2017  5  5  10104  10139  10048 0 0 0
54511 3948 11628    313 2017  5  6  10090  10125  10061 0 0 0
54511 3948 11628    313 2017  5  7  10089  10122  10048 0 0 0
54511 3948 11628    313 2017  5  8  10033  10060  10007 0 0 0
54511 3948 11628    313 2017  5  9  10032  10060  10007 0 0 0
54511 3948 11628    313 2017  5 10  10020  10049   9996 0 0 0
54511 3948 11628    313 2017  5 11  10025  10056  10006 0 0 0
54511 3948 11628    313 2017  5 12  10007  10078   9931 0 0 0
54511 3948 11628    313 2017  5 13  10035  10067   9955 0 0 0
54511 3948 11628    313 2017  5 14  10098  10129  10050 0 0 0
54511 3948 11628    313 2017  5 15  10103  10135  10069 0 0 0
54511 3948 11628    313 2017  5 16  10031  10082   9981 0 0 0
54511 3948 11628    313 2017  5 17  10006  10021   9985 0 0 0
54511 3948 11628    313 2017  5 18  10027  10045  10006 0 0 0
54511 3948 11628    313 2017  5 19  10026  10041  10007 0 0 0
54511 3948 11628    313 2017  5 20  10051  10072  10026 0 0 0
54511 3948 11628    313 2017  5 21  10062  10081  10037 0 0 0
54511 3948 11628    313 2017  5 22  10085  10106  10059 0 0 0
54511 3948 11628    313 2017  5 23  10103  10125  10065 0 0 0
54511 3948 11628    313 2017  5 24  10047  10078  10004 0 0 0
54511 3948 11628    313 2017  5 25  10071  10091  10011 0 0 0
54511 3948 11628    313 2017  5 26  10061  10098  10018 0 0 0
54511 3948 11628    313 2017  5 27  10013  10033   9980 0 0 0
54511 3948 11628    313 2017  5 28  10012  10031   9988 0 0 0
54511 3948 11628    313 2017  5 29  10074  10098  10031 0 0 0
54511 3948 11628    313 2017  5 30  10030  10077  10000 0 0 0
54511 3948 11628    313 2017  5 31   9954  10011   9893 0 0 0
54511 3948 11628    313 2017  6  1  10002  10022   9919 0 0 0
54511 3948 11628    313 2017  6  2  10031  10066   9985 0 0 0
54511 3948 11628    313 2017  6  3  10081  10103  10049 0 0 0
54511 3948 11628    313 2017  6  4  10062  10077  10042 0 0 0
54511 3948 11628    313 2017  6  5  10076  10091  10058 0 0 0
54511 3948 11628    313 2017  6  6  10066  10095  10044 0 0 0
54511 3948 11628    313 2017  6  7  10040  10058  10015 0 0 0
54511 3948 11628    313 2017  6  8  10019  10046   9985 0 0 0
54511 3948 11628    313 2017  6  9   9980  10007   9949 0 0 0
54511 3948 11628    313 2017  6 10  10048  10063   9958 0 0 0
54511 3948 11628    313 2017  6 11  10057  10072  10036 0 0 0
54511 3948 11628    313 2017  6 12  10088  10097  10053 0 0 0
54511 3948 11628    313 2017  6 13  10111  10131  10092 0 0 0
54511 3948 11628    313 2017  6 14  10072  10105  10035 0 0 0
54511 3948 11628    313 2017  6 15  10023  10044   9995 0 0 0
54511 3948 11628    313 2017  6 16  10007  10024   9988 0 0 0
54511 3948 11628    313 2017  6 17   9994  10009   9972 0 0 0
54511 3948 11628    313 2017  6 18   9985  10002   9961 0 0 0
54511 3948 11628    313 2017  6 19   9977  10000   9945 0 0 0
54511 3948 11628    313 2017  6 20   9986  10011   9955 0 0 0
54511 3948 11628    313 2017  6 21  10004  10017   9970 0 0 0
54511 3948 11628    313 2017  6 22  10035  10044  10012 0 0 0
54511 3948 11628    313 2017  6 23  10014  10036   9999 0 0 0
54511 3948 11628    313 2017  6 24  10006  10015   9992 0 0 0
54511 3948 11628    313 2017  6 25  10003  10011   9986 0 0 0
54511 3948 11628    313 2017  6 26  10020  10035  10002 0 0 0
54511 3948 11628    313 2017  6 27  10019  10033   9990 0 0 0
54511 3948 11628    313 2017  6 28  10019  10034   9998 0 0 0
54511 3948 11628    313 2017  6 29  10021  10035   9993 0 0 0
54511 3948 11628    313 2017  6 30   9994  10020   9965 0 0 0
