54406 4027 11558   4879 2013 12  1     48     21 0 0
54406 4027 11558   4879 2013 12  2     51     24 0 0
54406 4027 11558   4879 2013 12  3     49     21 0 0
54406 4027 11558   4879 2013 12  4     52     27 0 0
54406 4027 11558   4879 2013 12  5     46     20 0 0
54406 4027 11558   4879 2013 12  6     48     23 0 0
54406 4027 11558   4879 2013 12  7     59     27 0 0
54406 4027 11558   4879 2013 12  8     59     26 0 0
54406 4027 11558   4879 2013 12  9     37     22 0 0
54406 4027 11558   4879 2013 12 10     42     23 0 0
54406 4027 11558   4879 2013 12 11     32     19 0 0
54406 4027 11558   4879 2013 12 12     24     14 0 0
54406 4027 11558   4879 2013 12 13     26     18 0 0
54406 4027 11558   4879 2013 12 14     26     14 0 0
54406 4027 11558   4879 2013 12 15     44     18 0 0
54406 4027 11558   4879 2013 12 16     49     28 0 0
54406 4027 11558   4879 2013 12 17     39     25 0 0
54406 4027 11558   4879 2013 12 18     41     22 0 0
54406 4027 11558   4879 2013 12 19     40     24 0 0
54406 4027 11558   4879 2013 12 20     41     24 0 0
54406 4027 11558   4879 2013 12 21     50     27 0 0
54406 4027 11558   4879 2013 12 22     50     26 0 0
54406 4027 11558   4879 2013 12 23     55     28 0 0
54406 4027 11558   4879 2013 12 24     62     37 0 0
54406 4027 11558   4879 2013 12 25     50     23 0 0
54406 4027 11558   4879 2013 12 26     34     20 0 0
54406 4027 11558   4879 2013 12 27     39     26 0 0
54406 4027 11558   4879 2013 12 28     35     20 0 0
54406 4027 11558   4879 2013 12 29     21     14 0 0
54406 4027 11558   4879 2013 12 30     25     18 0 0
54406 4027 11558   4879 2013 12 31     25     19 0 0
54406 4027 11558   4879 2014  1  1     24     18 0 0
54406 4027 11558   4879 2014  1  2     40     19 0 0
54406 4027 11558   4879 2014  1  3     38     23 0 0
54406 4027 11558   4879 2014  1  4     66     39 0 0
54406 4027 11558   4879 2014  1  5     58     23 0 0
54406 4027 11558   4879 2014  1  6     75     45 0 0
54406 4027 11558   4879 2014  1  7     53     14 0 0
54406 4027 11558   4879 2014  1  8     29     16 0 0
54406 4027 11558   4879 2014  1  9     27     11 0 0
54406 4027 11558   4879 2014  1 10     26     11 0 0
54406 4027 11558   4879 2014  1 11     33     13 0 0
54406 4027 11558   4879 2014  1 12     25     15 0 0
54406 4027 11558   4879 2014  1 13     36     17 0 0
54406 4027 11558   4879 2014  1 14     37     17 0 0
54406 4027 11558   4879 2014  1 15     41     17 0 0
54406 4027 11558   4879 2014  1 16     30     14 0 0
54406 4027 11558   4879 2014  1 17     50     20 0 0
54406 4027 11558   4879 2014  1 18     38     15 0 0
54406 4027 11558   4879 2014  1 19     41     16 0 0
54406 4027 11558   4879 2014  1 20     29     20 0 0
54406 4027 11558   4879 2014  1 21     36     14 0 0
54406 4027 11558   4879 2014  1 22     35     15 0 0
54406 4027 11558   4879 2014  1 23     42     22 0 0
54406 4027 11558   4879 2014  1 24     34     13 0 0
54406 4027 11558   4879 2014  1 25     27     11 0 0
54406 4027 11558   4879 2014  1 26     52     12 0 0
54406 4027 11558   4879 2014  1 27     48     10 0 0
54406 4027 11558   4879 2014  1 28     36     15 0 0
54406 4027 11558   4879 2014  1 29     59     36 0 0
54406 4027 11558   4879 2014  1 30     22     10 0 0
54406 4027 11558   4879 2014  1 31     65     26 0 0
54406 4027 11558   4879 2014  2  1     66     47 0 0
54406 4027 11558   4879 2014  2  2     51      9 0 0
54406 4027 11558   4879 2014  2  3     17      7 0 0
54406 4027 11558   4879 2014  2  4     14      9 0 0
54406 4027 11558   4879 2014  2  5     29     12 0 0
54406 4027 11558   4879 2014  2  6     50     37 0 0
54406 4027 11558   4879 2014  2  7     70     43 0 0
54406 4027 11558   4879 2014  2  8     53     27 0 0
54406 4027 11558   4879 2014  2  9     38     25 0 0
54406 4027 11558   4879 2014  2 10     43     19 0 0
54406 4027 11558   4879 2014  2 11     50     21 0 0
54406 4027 11558   4879 2014  2 12     46     15 0 0
54406 4027 11558   4879 2014  2 13     68     36 0 0
54406 4027 11558   4879 2014  2 14     70     41 0 0
54406 4027 11558   4879 2014  2 15     66     38 0 0
54406 4027 11558   4879 2014  2 16     54     17 0 0
54406 4027 11558   4879 2014  2 17     47     24 0 0
54406 4027 11558   4879 2014  2 18     58     34 0 0
54406 4027 11558   4879 2014  2 19     59     23 0 0
54406 4027 11558   4879 2014  2 20     61     41 0 0
54406 4027 11558   4879 2014  2 21     68     48 0 0
54406 4027 11558   4879 2014  2 22     68     61 0 0
54406 4027 11558   4879 2014  2 23     75     63 0 0
54406 4027 11558   4879 2014  2 24     68     48 0 0
54406 4027 11558   4879 2014  2 25     67     43 0 0
54406 4027 11558   4879 2014  2 26     78     61 0 0
54406 4027 11558   4879 2014  2 27     32     21 0 0
54406 4027 11558   4879 2014  2 28     56     26 0 0
54406 4027 11558   4879 2014  3  1     45      8 0 0
54406 4027 11558   4879 2014  3  2     26     10 0 0
54406 4027 11558   4879 2014  3  3     56     14 0 0
54406 4027 11558   4879 2014  3  4     37      7 0 0
54406 4027 11558   4879 2014  3  5     21      8 0 0
54406 4027 11558   4879 2014  3  6     17      9 0 0
54406 4027 11558   4879 2014  3  7     21      8 0 0
54406 4027 11558   4879 2014  3  8     24      7 0 0
54406 4027 11558   4879 2014  3  9     24      7 0 0
54406 4027 11558   4879 2014  3 10     59     37 0 0
54406 4027 11558   4879 2014  3 11     52     22 0 0
54406 4027 11558   4879 2014  3 12     19     10 0 0
54406 4027 11558   4879 2014  3 13     18     10 0 0
54406 4027 11558   4879 2014  3 14     15      9 0 0
54406 4027 11558   4879 2014  3 15     23      4 0 0
54406 4027 11558   4879 2014  3 16     31     15 0 0
54406 4027 11558   4879 2014  3 17     37     16 0 0
54406 4027 11558   4879 2014  3 18     34     17 0 0
54406 4027 11558   4879 2014  3 19     35     18 0 0
54406 4027 11558   4879 2014  3 20     20      9 0 0
54406 4027 11558   4879 2014  3 21     20      6 0 0
54406 4027 11558   4879 2014  3 22     18      5 0 0
54406 4027 11558   4879 2014  3 23     31     11 0 0
54406 4027 11558   4879 2014  3 24     43      8 0 0
54406 4027 11558   4879 2014  3 25     42     17 0 0
54406 4027 11558   4879 2014  3 26     48      5 0 0
54406 4027 11558   4879 2014  3 27     72     52 0 0
54406 4027 11558   4879 2014  3 28     60     16 0 0
54406 4027 11558   4879 2014  3 29     44     21 0 0
54406 4027 11558   4879 2014  3 30     40     10 0 0
54406 4027 11558   4879 2014  3 31     44     20 0 0
54406 4027 11558   4879 2014  4  1     49      8 0 0
54406 4027 11558   4879 2014  4  2     41      7 0 0
54406 4027 11558   4879 2014  4  3     15      5 0 0
54406 4027 11558   4879 2014  4  4     19      8 0 0
54406 4027 11558   4879 2014  4  5     16      5 0 0
54406 4027 11558   4879 2014  4  6     18      4 0 0
54406 4027 11558   4879 2014  4  7     24      5 0 0
54406 4027 11558   4879 2014  4  8     38     20 0 0
54406 4027 11558   4879 2014  4  9     33      9 0 0
54406 4027 11558   4879 2014  4 10     32     15 0 0
54406 4027 11558   4879 2014  4 11     39     23 0 0
54406 4027 11558   4879 2014  4 12     40     24 0 0
54406 4027 11558   4879 2014  4 13     42     21 0 0
54406 4027 11558   4879 2014  4 14     53     20 0 0
54406 4027 11558   4879 2014  4 15     58     38 0 0
54406 4027 11558   4879 2014  4 16     37     18 0 0
54406 4027 11558   4879 2014  4 17     72     24 0 0
54406 4027 11558   4879 2014  4 18     70     41 0 0
54406 4027 11558   4879 2014  4 19     61     51 0 0
54406 4027 11558   4879 2014  4 20     54     20 0 0
54406 4027 11558   4879 2014  4 21     41     13 0 0
54406 4027 11558   4879 2014  4 22     36      7 0 0
54406 4027 11558   4879 2014  4 23     55     33 0 0
54406 4027 11558   4879 2014  4 24     67     53 0 0
54406 4027 11558   4879 2014  4 25     57     29 0 0
54406 4027 11558   4879 2014  4 26     53     17 0 0
54406 4027 11558   4879 2014  4 27     41     14 0 0
54406 4027 11558   4879 2014  4 28     41     15 0 0
54406 4027 11558   4879 2014  4 29     38     16 0 0
54406 4027 11558   4879 2014  4 30     45     23 0 0
54406 4027 11558   4879 2014  5  1     60     22 0 0
54406 4027 11558   4879 2014  5  2     31     13 0 0
54406 4027 11558   4879 2014  5  3     45     10 0 0
54406 4027 11558   4879 2014  5  4     22     11 0 0
54406 4027 11558   4879 2014  5  5     27      9 0 0
54406 4027 11558   4879 2014  5  6     35     19 0 0
54406 4027 11558   4879 2014  5  7     30     10 0 0
54406 4027 11558   4879 2014  5  8     37     19 0 0
54406 4027 11558   4879 2014  5  9     47     35 0 0
54406 4027 11558   4879 2014  5 10     48     38 0 0
54406 4027 11558   4879 2014  5 11     83     41 0 0
54406 4027 11558   4879 2014  5 12     39     12 0 0
54406 4027 11558   4879 2014  5 13     34     10 0 0
54406 4027 11558   4879 2014  5 14     25     10 0 0
54406 4027 11558   4879 2014  5 15     31     10 0 0
54406 4027 11558   4879 2014  5 16     26     13 0 0
54406 4027 11558   4879 2014  5 17     44     21 0 0
54406 4027 11558   4879 2014  5 18     58     28 0 0
54406 4027 11558   4879 2014  5 19     59     10 0 0
54406 4027 11558   4879 2014  5 20     41     15 0 0
54406 4027 11558   4879 2014  5 21     51     30 0 0
54406 4027 11558   4879 2014  5 22     48     16 0 0
54406 4027 11558   4879 2014  5 23     39     11 0 0
54406 4027 11558   4879 2014  5 24     78     28 0 0
54406 4027 11558   4879 2014  5 25     36     12 0 0
54406 4027 11558   4879 2014  5 26     13      5 0 0
54406 4027 11558   4879 2014  5 27     19      7 0 0
54406 4027 11558   4879 2014  5 28     21      9 0 0
54406 4027 11558   4879 2014  5 29     24      7 0 0
54406 4027 11558   4879 2014  5 30     29     13 0 0
54406 4027 11558   4879 2014  5 31     42     22 0 0
54406 4027 11558   4879 2014  6  1     82     37 0 0
54406 4027 11558   4879 2014  6  2     61     37 0 0
54406 4027 11558   4879 2014  6  3     53     28 0 0
54406 4027 11558   4879 2014  6  4     55     30 0 0
54406 4027 11558   4879 2014  6  5     58     29 0 0
54406 4027 11558   4879 2014  6  6     68     42 0 0
54406 4027 11558   4879 2014  6  7     51     22 0 0
54406 4027 11558   4879 2014  6  8     52     28 0 0
54406 4027 11558   4879 2014  6  9     54     23 0 0
54406 4027 11558   4879 2014  6 10     74     39 0 0
54406 4027 11558   4879 2014  6 11     60     35 0 0
54406 4027 11558   4879 2014  6 12     54     20 0 0
54406 4027 11558   4879 2014  6 13     67     39 0 0
54406 4027 11558   4879 2014  6 14     61     29 0 0
54406 4027 11558   4879 2014  6 15     66     47 0 0
54406 4027 11558   4879 2014  6 16     65     41 0 0
54406 4027 11558   4879 2014  6 17     72     49 0 0
54406 4027 11558   4879 2014  6 18     59     16 0 0
54406 4027 11558   4879 2014  6 19     63     29 0 0
54406 4027 11558   4879 2014  6 20     74     48 0 0
54406 4027 11558   4879 2014  6 21     78     54 0 0
54406 4027 11558   4879 2014  6 22     77     56 0 0
54406 4027 11558   4879 2014  6 23     60     29 0 0
54406 4027 11558   4879 2014  6 24     55     35 0 0
54406 4027 11558   4879 2014  6 25     83     49 0 0
54406 4027 11558   4879 2014  6 26     68     34 0 0
54406 4027 11558   4879 2014  6 27     44     15 0 0
54406 4027 11558   4879 2014  6 28     46     22 0 0
54406 4027 11558   4879 2014  6 29     48     31 0 0
54406 4027 11558   4879 2014  6 30     60     34 0 0
54406 4027 11558   4879 2014  7  1     64     49 0 0
54406 4027 11558   4879 2014  7  2     82     69 0 0
54406 4027 11558   4879 2014  7  3     88     61 0 0
54406 4027 11558   4879 2014  7  4     71     45 0 0
54406 4027 11558   4879 2014  7  5     73     56 0 0
54406 4027 11558   4879 2014  7  6     75     53 0 0
54406 4027 11558   4879 2014  7  7     78     64 0 0
54406 4027 11558   4879 2014  7  8     51     26 0 0
54406 4027 11558   4879 2014  7  9     42     26 0 0
54406 4027 11558   4879 2014  7 10     42     20 0 0
54406 4027 11558   4879 2014  7 11     43     22 0 0
54406 4027 11558   4879 2014  7 12     39     21 0 0
54406 4027 11558   4879 2014  7 13     43     22 0 0
54406 4027 11558   4879 2014  7 14     49     23 0 0
54406 4027 11558   4879 2014  7 15     57     34 0 0
54406 4027 11558   4879 2014  7 16     72     40 0 0
54406 4027 11558   4879 2014  7 17     80     57 0 0
54406 4027 11558   4879 2014  7 18     75     58 0 0
54406 4027 11558   4879 2014  7 19     67     49 0 0
54406 4027 11558   4879 2014  7 20     72     60 0 0
54406 4027 11558   4879 2014  7 21     66     36 0 0
54406 4027 11558   4879 2014  7 22     68     40 0 0
54406 4027 11558   4879 2014  7 23     63     46 0 0
54406 4027 11558   4879 2014  7 24     64     28 0 0
54406 4027 11558   4879 2014  7 25     57     31 0 0
54406 4027 11558   4879 2014  7 26     54     33 0 0
54406 4027 11558   4879 2014  7 27     56     36 0 0
54406 4027 11558   4879 2014  7 28     61     31 0 0
54406 4027 11558   4879 2014  7 29     65     49 0 0
54406 4027 11558   4879 2014  7 30     80     55 0 0
54406 4027 11558   4879 2014  7 31     74     54 0 0
54406 4027 11558   4879 2014  8  1     75     58 0 0
54406 4027 11558   4879 2014  8  2     74     48 0 0
54406 4027 11558   4879 2014  8  3     71     49 0 0
54406 4027 11558   4879 2014  8  4     80     61 0 0
54406 4027 11558   4879 2014  8  5     72     34 0 0
54406 4027 11558   4879 2014  8  6     52     21 0 0
54406 4027 11558   4879 2014  8  7     47     26 0 0
54406 4027 11558   4879 2014  8  8     59     37 0 0
54406 4027 11558   4879 2014  8  9     62     40 0 0
54406 4027 11558   4879 2014  8 10     62     23 0 0
54406 4027 11558   4879 2014  8 11     46     24 0 0
54406 4027 11558   4879 2014  8 12     47     26 0 0
54406 4027 11558   4879 2014  8 13     85     48 0 0
54406 4027 11558   4879 2014  8 14     71     21 0 0
54406 4027 11558   4879 2014  8 15     60     31 0 0
54406 4027 11558   4879 2014  8 16     55     22 0 0
54406 4027 11558   4879 2014  8 17     61     37 0 0
54406 4027 11558   4879 2014  8 18     64     30 0 0
54406 4027 11558   4879 2014  8 19     65     36 0 0
54406 4027 11558   4879 2014  8 20     64     31 0 0
54406 4027 11558   4879 2014  8 21     67     40 0 0
54406 4027 11558   4879 2014  8 22     72     50 0 0
54406 4027 11558   4879 2014  8 23     67     35 0 0
54406 4027 11558   4879 2014  8 24     48     28 0 0
54406 4027 11558   4879 2014  8 25     41     19 0 0
54406 4027 11558   4879 2014  8 26     48     12 0 0
54406 4027 11558   4879 2014  8 27     45     18 0 0
54406 4027 11558   4879 2014  8 28     79     44 0 0
54406 4027 11558   4879 2014  8 29     79     58 0 0
54406 4027 11558   4879 2014  8 30     84     73 0 0
54406 4027 11558   4879 2014  8 31     81     53 0 0
54406 4027 11558   4879 2014  9  1     86     73 0 0
54406 4027 11558   4879 2014  9  2     90     80 0 0
54406 4027 11558   4879 2014  9  3     69     32 0 0
54406 4027 11558   4879 2014  9  4     54     28 0 0
54406 4027 11558   4879 2014  9  5     67     43 0 0
54406 4027 11558   4879 2014  9  6     79     53 0 0
54406 4027 11558   4879 2014  9  7     77     50 0 0
54406 4027 11558   4879 2014  9  8     38     23 0 0
54406 4027 11558   4879 2014  9  9     56     24 0 0
54406 4027 11558   4879 2014  9 10     61     34 0 0
54406 4027 11558   4879 2014  9 11     71     44 0 0
54406 4027 11558   4879 2014  9 12     80     54 0 0
54406 4027 11558   4879 2014  9 13     69     50 0 0
54406 4027 11558   4879 2014  9 14     52     26 0 0
54406 4027 11558   4879 2014  9 15     50     20 0 0
54406 4027 11558   4879 2014  9 16     61     38 0 0
54406 4027 11558   4879 2014  9 17     67     36 0 0
54406 4027 11558   4879 2014  9 18     59     12 0 0
54406 4027 11558   4879 2014  9 19     64     38 0 0
54406 4027 11558   4879 2014  9 20     76     26 0 0
54406 4027 11558   4879 2014  9 21     73     55 0 0
54406 4027 11558   4879 2014  9 22     85     72 0 0
54406 4027 11558   4879 2014  9 23     94     87 0 0
54406 4027 11558   4879 2014  9 24     79     40 0 0
54406 4027 11558   4879 2014  9 25     83     57 0 0
54406 4027 11558   4879 2014  9 26     89     72 0 0
54406 4027 11558   4879 2014  9 27     61     30 0 0
54406 4027 11558   4879 2014  9 28     71     52 0 0
54406 4027 11558   4879 2014  9 29     61     25 0 0
54406 4027 11558   4879 2014  9 30     56     34 0 0
54406 4027 11558   4879 2014 10  1     82     59 0 0
54406 4027 11558   4879 2014 10  2     83     37 0 0
54406 4027 11558   4879 2014 10  3     81     60 0 0
54406 4027 11558   4879 2014 10  4     90     70 0 0
54406 4027 11558   4879 2014 10  5     53     23 0 0
54406 4027 11558   4879 2014 10  6     58     24 0 0
54406 4027 11558   4879 2014 10  7     67     41 0 0
54406 4027 11558   4879 2014 10  8     74     51 0 0
54406 4027 11558   4879 2014 10  9     83     60 0 0
54406 4027 11558   4879 2014 10 10     84     64 0 0
54406 4027 11558   4879 2014 10 11     80     53 0 0
54406 4027 11558   4879 2014 10 12     36     22 0 0
54406 4027 11558   4879 2014 10 13     47     14 0 0
54406 4027 11558   4879 2014 10 14     53     21 0 0
54406 4027 11558   4879 2014 10 15     47     11 0 0
54406 4027 11558   4879 2014 10 16     41     11 0 0
54406 4027 11558   4879 2014 10 17     49     15 0 0
54406 4027 11558   4879 2014 10 18     57     17 0 0
54406 4027 11558   4879 2014 10 19     72     54 0 0
54406 4027 11558   4879 2014 10 20     80     49 0 0
54406 4027 11558   4879 2014 10 21     47     31 0 0
54406 4027 11558   4879 2014 10 22     63     38 0 0
54406 4027 11558   4879 2014 10 23     75     55 0 0
54406 4027 11558   4879 2014 10 24     84     53 0 0
54406 4027 11558   4879 2014 10 25     81     43 0 0
54406 4027 11558   4879 2014 10 26     29      9 0 0
54406 4027 11558   4879 2014 10 27     32     17 0 0
54406 4027 11558   4879 2014 10 28     58     40 0 0
54406 4027 11558   4879 2014 10 29     62     40 0 0
54406 4027 11558   4879 2014 10 30     61     51 0 0
54406 4027 11558   4879 2014 10 31     69     54 0 0
54406 4027 11558   4879 2014 11  1     51     21 0 0
54406 4027 11558   4879 2014 11  2     24     14 0 0
54406 4027 11558   4879 2014 11  3     36     17 0 0
54406 4027 11558   4879 2014 11  4     51     19 0 0
54406 4027 11558   4879 2014 11  5     46     14 0 0
54406 4027 11558   4879 2014 11  6     34     19 0 0
54406 4027 11558   4879 2014 11  7     40     26 0 0
54406 4027 11558   4879 2014 11  8     58     24 0 0
54406 4027 11558   4879 2014 11  9     54     18 0 0
54406 4027 11558   4879 2014 11 10     51     28 0 0
54406 4027 11558   4879 2014 11 11     37     22 0 0
54406 4027 11558   4879 2014 11 12     19     13 0 0
54406 4027 11558   4879 2014 11 13     30     17 0 0
54406 4027 11558   4879 2014 11 14     41     17 0 0
54406 4027 11558   4879 2014 11 15     48     28 0 0
54406 4027 11558   4879 2014 11 16     54     34 0 0
54406 4027 11558   4879 2014 11 17     45     21 0 0
54406 4027 11558   4879 2014 11 18     51     26 0 0
54406 4027 11558   4879 2014 11 19     59     35 0 0
54406 4027 11558   4879 2014 11 20     56     12 0 0
54406 4027 11558   4879 2014 11 21     38     12 0 0
54406 4027 11558   4879 2014 11 22     43     17 0 0
54406 4027 11558   4879 2014 11 23     48     33 0 0
54406 4027 11558   4879 2014 11 24     40     22 0 0
54406 4027 11558   4879 2014 11 25     58     35 0 0
54406 4027 11558   4879 2014 11 26     73     55 0 0
54406 4027 11558   4879 2014 11 27     39     17 0 0
54406 4027 11558   4879 2014 11 28     64     36 0 0
54406 4027 11558   4879 2014 11 29     74     57 0 0
54406 4027 11558   4879 2014 11 30     43     10 0 0
54406 4027 11558   4879 2014 12  1     25     13 0 0
54406 4027 11558   4879 2014 12  2     26     11 0 0
54406 4027 11558   4879 2014 12  3     21     14 0 0
54406 4027 11558   4879 2014 12  4     21     13 0 0
54406 4027 11558   4879 2014 12  5     24     14 0 0
54406 4027 11558   4879 2014 12  6     32     17 0 0
54406 4027 11558   4879 2014 12  7     35     17 0 0
54406 4027 11558   4879 2014 12  8     49     23 0 0
54406 4027 11558   4879 2014 12  9     55     41 0 0
54406 4027 11558   4879 2014 12 10     43     20 0 0
54406 4027 11558   4879 2014 12 11     33     20 0 0
54406 4027 11558   4879 2014 12 12     23     18 0 0
54406 4027 11558   4879 2014 12 13     26     16 0 0
54406 4027 11558   4879 2014 12 14     40     16 0 0
54406 4027 11558   4879 2014 12 15     32     21 0 0
54406 4027 11558   4879 2014 12 16     28     19 0 0
54406 4027 11558   4879 2014 12 17     30     21 0 0
54406 4027 11558   4879 2014 12 18     46     25 0 0
54406 4027 11558   4879 2014 12 19     44     23 0 0
54406 4027 11558   4879 2014 12 20     37     21 0 0
54406 4027 11558   4879 2014 12 21     33     25 0 0
54406 4027 11558   4879 2014 12 22     34     19 0 0
54406 4027 11558   4879 2014 12 23     45     19 0 0
54406 4027 11558   4879 2014 12 24     36     22 0 0
54406 4027 11558   4879 2014 12 25     48     25 0 0
54406 4027 11558   4879 2014 12 26     53     30 0 0
54406 4027 11558   4879 2014 12 27     54     28 0 0
54406 4027 11558   4879 2014 12 28     39     24 0 0
54406 4027 11558   4879 2014 12 29     38     15 0 0
54406 4027 11558   4879 2014 12 30     41     23 0 0
54406 4027 11558   4879 2014 12 31     23     15 0 0
54406 4027 11558   4879 2015  1  1     20     10 0 0
54406 4027 11558   4879 2015  1  2     26     14 0 0
54406 4027 11558   4879 2015  1  3     40     22 0 0
54406 4027 11558   4879 2015  1  4     36     17 0 0
54406 4027 11558   4879 2015  1  5     30     17 0 0
54406 4027 11558   4879 2015  1  6     23     14 0 0
54406 4027 11558   4879 2015  1  7     35     21 0 0
54406 4027 11558   4879 2015  1  8     39     18 0 0
54406 4027 11558   4879 2015  1  9     27     18 0 0
54406 4027 11558   4879 2015  1 10     28     13 0 0
54406 4027 11558   4879 2015  1 11     30     18 0 0
54406 4027 11558   4879 2015  1 12     55     31 0 0
54406 4027 11558   4879 2015  1 13     55     35 0 0
54406 4027 11558   4879 2015  1 14     77     58 0 0
54406 4027 11558   4879 2015  1 15     77     59 0 0
54406 4027 11558   4879 2015  1 16     36     28 0 0
54406 4027 11558   4879 2015  1 17     45     29 0 0
54406 4027 11558   4879 2015  1 18     45     24 0 0
54406 4027 11558   4879 2015  1 19     34     18 0 0
54406 4027 11558   4879 2015  1 20     48     31 0 0
54406 4027 11558   4879 2015  1 21     44     27 0 0
54406 4027 11558   4879 2015  1 22     50     25 0 0
54406 4027 11558   4879 2015  1 23     51     21 0 0
54406 4027 11558   4879 2015  1 24     57     36 0 0
54406 4027 11558   4879 2015  1 25     81     64 0 0
54406 4027 11558   4879 2015  1 26     56     19 0 0
54406 4027 11558   4879 2015  1 27     38     19 0 0
54406 4027 11558   4879 2015  1 28     34     21 0 0
54406 4027 11558   4879 2015  1 29     36     19 0 0
54406 4027 11558   4879 2015  1 30     34     15 0 0
54406 4027 11558   4879 2015  1 31     34     14 0 0
54406 4027 11558   4879 2015  2  1     36     17 0 0
54406 4027 11558   4879 2015  2  2     39     22 0 0
54406 4027 11558   4879 2015  2  3     44     22 0 0
54406 4027 11558   4879 2015  2  4     34     20 0 0
54406 4027 11558   4879 2015  2  5     37     23 0 0
54406 4027 11558   4879 2015  2  6     38     19 0 0
54406 4027 11558   4879 2015  2  7     26     12 0 0
54406 4027 11558   4879 2015  2  8     22      8 0 0
54406 4027 11558   4879 2015  2  9     25     12 0 0
54406 4027 11558   4879 2015  2 10     28     10 0 0
54406 4027 11558   4879 2015  2 11     29     16 0 0
54406 4027 11558   4879 2015  2 12     38     17 0 0
54406 4027 11558   4879 2015  2 13     41     15 0 0
54406 4027 11558   4879 2015  2 14     37     13 0 0
54406 4027 11558   4879 2015  2 15     43     24 0 0
54406 4027 11558   4879 2015  2 16     37     19 0 0
54406 4027 11558   4879 2015  2 17     41     22 0 0
54406 4027 11558   4879 2015  2 18     41     13 0 0
54406 4027 11558   4879 2015  2 19     56     25 0 0
54406 4027 11558   4879 2015  2 20     89     79 0 0
54406 4027 11558   4879 2015  2 21     57     16 0 0
54406 4027 11558   4879 2015  2 22     24     17 0 0
54406 4027 11558   4879 2015  2 23     34     11 0 0
54406 4027 11558   4879 2015  2 24     42     17 0 0
54406 4027 11558   4879 2015  2 25     30     11 0 0
54406 4027 11558   4879 2015  2 26     22     12 0 0
54406 4027 11558   4879 2015  2 27     37     20 0 0
54406 4027 11558   4879 2015  2 28     59     17 0 0
54406 4027 11558   4879 2015  3  1     22     12 0 0
54406 4027 11558   4879 2015  3  2     29     12 0 0
54406 4027 11558   4879 2015  3  3     18     10 0 0
54406 4027 11558   4879 2015  3  4     18      6 0 0
54406 4027 11558   4879 2015  3  5     22     12 0 0
54406 4027 11558   4879 2015  3  6     35     18 0 0
54406 4027 11558   4879 2015  3  7     44     12 0 0
54406 4027 11558   4879 2015  3  8     44     12 0 0
54406 4027 11558   4879 2015  3  9     13      5 0 0
54406 4027 11558   4879 2015  3 10     18      8 0 0
54406 4027 11558   4879 2015  3 11     14      7 0 0
54406 4027 11558   4879 2015  3 12     17      7 0 0
54406 4027 11558   4879 2015  3 13     16      5 0 0
54406 4027 11558   4879 2015  3 14     40      7 0 0
54406 4027 11558   4879 2015  3 15     14      5 0 0
54406 4027 11558   4879 2015  3 16     38     17 0 0
54406 4027 11558   4879 2015  3 17     38     11 0 0
54406 4027 11558   4879 2015  3 18     32     19 0 0
54406 4027 11558   4879 2015  3 19     30      8 0 0
54406 4027 11558   4879 2015  3 20     17      7 0 0
54406 4027 11558   4879 2015  3 21     11      5 0 0
54406 4027 11558   4879 2015  3 22     14      3 0 0
54406 4027 11558   4879 2015  3 23     15      5 0 0
54406 4027 11558   4879 2015  3 24     28      8 0 0
54406 4027 11558   4879 2015  3 25     39     21 0 0
54406 4027 11558   4879 2015  3 26     44     20 0 0
54406 4027 11558   4879 2015  3 27     40     21 0 0
54406 4027 11558   4879 2015  3 28     37     23 0 0
54406 4027 11558   4879 2015  3 29     37     22 0 0
54406 4027 11558   4879 2015  3 30     50     27 0 0
54406 4027 11558   4879 2015  3 31     68     51 0 0
54406 4027 11558   4879 2015  4  1     54     24 0 0
54406 4027 11558   4879 2015  4  2     75     48 0 0
54406 4027 11558   4879 2015  4  3     49     29 0 0
54406 4027 11558   4879 2015  4  4     60     46 0 0
54406 4027 11558   4879 2015  4  5     37     17 0 0
54406 4027 11558   4879 2015  4  6     28     14 0 0
54406 4027 11558   4879 2015  4  7     24     11 0 0
54406 4027 11558   4879 2015  4  8     41     17 0 0
54406 4027 11558   4879 2015  4  9     56     11 0 0
54406 4027 11558   4879 2015  4 10     48     13 0 0
54406 4027 11558   4879 2015  4 11     58     23 0 0
54406 4027 11558   4879 2015  4 12     45     30 0 0
54406 4027 11558   4879 2015  4 13     43     22 0 0
54406 4027 11558   4879 2015  4 14     32      9 0 0
54406 4027 11558   4879 2015  4 15     29      8 0 0
54406 4027 11558   4879 2015  4 16     13      7 0 0
54406 4027 11558   4879 2015  4 17     23      5 0 0
54406 4027 11558   4879 2015  4 18     43     19 0 0
54406 4027 11558   4879 2015  4 19     33      7 0 0
54406 4027 11558   4879 2015  4 20     20      4 0 0
54406 4027 11558   4879 2015  4 21     30      6 0 0
54406 4027 11558   4879 2015  4 22     25      8 0 0
54406 4027 11558   4879 2015  4 23     30      6 0 0
54406 4027 11558   4879 2015  4 24     20      7 0 0
54406 4027 11558   4879 2015  4 25     27      4 0 0
54406 4027 11558   4879 2015  4 26     32      5 0 0
54406 4027 11558   4879 2015  4 27     59     22 0 0
54406 4027 11558   4879 2015  4 28     63     39 0 0
54406 4027 11558   4879 2015  4 29     63     37 0 0
54406 4027 11558   4879 2015  4 30     65     40 0 0
54406 4027 11558   4879 2015  5  1     80     49 0 0
54406 4027 11558   4879 2015  5  2     75     40 0 0
54406 4027 11558   4879 2015  5  3     37     11 0 0
54406 4027 11558   4879 2015  5  4     22      9 0 0
54406 4027 11558   4879 2015  5  5     34      9 0 0
54406 4027 11558   4879 2015  5  6     17      8 0 0
54406 4027 11558   4879 2015  5  7     25     11 0 0
54406 4027 11558   4879 2015  5  8     40     14 0 0
54406 4027 11558   4879 2015  5  9     76     36 0 0
54406 4027 11558   4879 2015  5 10     79     56 0 0
54406 4027 11558   4879 2015  5 11     46     32 0 0
54406 4027 11558   4879 2015  5 12     43      9 0 0
54406 4027 11558   4879 2015  5 13     34      9 0 0
54406 4027 11558   4879 2015  5 14     26     15 0 0
54406 4027 11558   4879 2015  5 15     32     10 0 0
54406 4027 11558   4879 2015  5 16     32      8 0 0
54406 4027 11558   4879 2015  5 17     66     35 0 0
54406 4027 11558   4879 2015  5 18     37     12 0 0
54406 4027 11558   4879 2015  5 19     22      8 0 0
54406 4027 11558   4879 2015  5 20     29     15 0 0
54406 4027 11558   4879 2015  5 21     36      7 0 0
54406 4027 11558   4879 2015  5 22     42     15 0 0
54406 4027 11558   4879 2015  5 23     46     20 0 0
54406 4027 11558   4879 2015  5 24     51     27 0 0
54406 4027 11558   4879 2015  5 25     50     24 0 0
54406 4027 11558   4879 2015  5 26     48     32 0 0
54406 4027 11558   4879 2015  5 27     48     28 0 0
54406 4027 11558   4879 2015  5 28     62     39 0 0
54406 4027 11558   4879 2015  5 29     46     10 0 0
54406 4027 11558   4879 2015  5 30     29      9 0 0
54406 4027 11558   4879 2015  5 31     51     14 0 0
54406 4027 11558   4879 2015  6  1     39     11 0 0
54406 4027 11558   4879 2015  6  2     18      7 0 0
54406 4027 11558   4879 2015  6  3     25      9 0 0
54406 4027 11558   4879 2015  6  4     70     19 0 0
54406 4027 11558   4879 2015  6  5     61     24 0 0
54406 4027 11558   4879 2015  6  6     56     32 0 0
54406 4027 11558   4879 2015  6  7     54     22 0 0
54406 4027 11558   4879 2015  6  8     59     22 0 0
54406 4027 11558   4879 2015  6  9     58     35 0 0
54406 4027 11558   4879 2015  6 10     81     67 0 0
54406 4027 11558   4879 2015  6 11     62     36 0 0
54406 4027 11558   4879 2015  6 12     55     41 0 0
54406 4027 11558   4879 2015  6 13     65     43 0 0
54406 4027 11558   4879 2015  6 14     58     30 0 0
54406 4027 11558   4879 2015  6 15     57     42 0 0
54406 4027 11558   4879 2015  6 16     65     31 0 0
54406 4027 11558   4879 2015  6 17     64     29 0 0
54406 4027 11558   4879 2015  6 18     38     20 0 0
54406 4027 11558   4879 2015  6 19     60     25 0 0
54406 4027 11558   4879 2015  6 20     54     30 0 0
54406 4027 11558   4879 2015  6 21     51     31 0 0
54406 4027 11558   4879 2015  6 22     55     34 0 0
54406 4027 11558   4879 2015  6 23     63     49 0 0
54406 4027 11558   4879 2015  6 24     80     55 0 0
54406 4027 11558   4879 2015  6 25     80     57 0 0
54406 4027 11558   4879 2015  6 26     79     51 0 0
54406 4027 11558   4879 2015  6 27     79     57 0 0
54406 4027 11558   4879 2015  6 28     72     56 0 0
54406 4027 11558   4879 2015  6 29     78     64 0 0
54406 4027 11558   4879 2015  6 30     66     44 0 0
54406 4027 11558   4879 2015  7  1     54     28 0 0
54406 4027 11558   4879 2015  7  2     48     17 0 0
54406 4027 11558   4879 2015  7  3     46     26 0 0
54406 4027 11558   4879 2015  7  4     63     39 0 0
54406 4027 11558   4879 2015  7  5     62     36 0 0
54406 4027 11558   4879 2015  7  6     64     46 0 0
54406 4027 11558   4879 2015  7  7     60     43 0 0
54406 4027 11558   4879 2015  7  8     60     47 0 0
54406 4027 11558   4879 2015  7  9     55     30 0 0
54406 4027 11558   4879 2015  7 10     52     44 0 0
54406 4027 11558   4879 2015  7 11     63     39 0 0
54406 4027 11558   4879 2015  7 12     57     21 0 0
54406 4027 11558   4879 2015  7 13     48     24 0 0
54406 4027 11558   4879 2015  7 14     62     34 0 0
54406 4027 11558   4879 2015  7 15     71     55 0 0
54406 4027 11558   4879 2015  7 16     93     74 0 0
54406 4027 11558   4879 2015  7 17     84     62 0 0
54406 4027 11558   4879 2015  7 18     84     61 0 0
54406 4027 11558   4879 2015  7 19     80     52 0 0
54406 4027 11558   4879 2015  7 20     78     57 0 0
54406 4027 11558   4879 2015  7 21     81     58 0 0
54406 4027 11558   4879 2015  7 22     85     47 0 0
54406 4027 11558   4879 2015  7 23     72     37 0 0
54406 4027 11558   4879 2015  7 24     67     36 0 0
54406 4027 11558   4879 2015  7 25     72     44 0 0
54406 4027 11558   4879 2015  7 26     64     38 0 0
54406 4027 11558   4879 2015  7 27     82     57 0 0
54406 4027 11558   4879 2015  7 28     82     56 0 0
54406 4027 11558   4879 2015  7 29     72     50 0 0
54406 4027 11558   4879 2015  7 30     83     73 0 0
54406 4027 11558   4879 2015  7 31     73     59 0 0
54406 4027 11558   4879 2015  8  1     83     71 0 0
54406 4027 11558   4879 2015  8  2     82     41 0 0
54406 4027 11558   4879 2015  8  3     77     55 0 0
54406 4027 11558   4879 2015  8  4     67     38 0 0
54406 4027 11558   4879 2015  8  5     74     38 0 0
54406 4027 11558   4879 2015  8  6     75     50 0 0
54406 4027 11558   4879 2015  8  7     82     48 0 0
54406 4027 11558   4879 2015  8  8     80     47 0 0
54406 4027 11558   4879 2015  8  9     72     39 0 0
54406 4027 11558   4879 2015  8 10     56     26 0 0
54406 4027 11558   4879 2015  8 11     60     31 0 0
54406 4027 11558   4879 2015  8 12     65     30 0 0
54406 4027 11558   4879 2015  8 13     69     41 0 0
54406 4027 11558   4879 2015  8 14     58     30 0 0
54406 4027 11558   4879 2015  8 15     51     26 0 0
54406 4027 11558   4879 2015  8 16     52     24 0 0
54406 4027 11558   4879 2015  8 17     58     34 0 0
54406 4027 11558   4879 2015  8 18     70     56 0 0
54406 4027 11558   4879 2015  8 19     72     51 0 0
54406 4027 11558   4879 2015  8 20     61     26 0 0
54406 4027 11558   4879 2015  8 21     54     32 0 0
54406 4027 11558   4879 2015  8 22     64     36 0 0
54406 4027 11558   4879 2015  8 23     80     47 0 0
54406 4027 11558   4879 2015  8 24     75     39 0 0
54406 4027 11558   4879 2015  8 25     71     40 0 0
54406 4027 11558   4879 2015  8 26     69     38 0 0
54406 4027 11558   4879 2015  8 27     70     42 0 0
54406 4027 11558   4879 2015  8 28     69     38 0 0
54406 4027 11558   4879 2015  8 29     72     46 0 0
54406 4027 11558   4879 2015  8 30     80     66 0 0
54406 4027 11558   4879 2015  8 31     84     61 0 0
54406 4027 11558   4879 2015  9  1     86     60 0 0
54406 4027 11558   4879 2015  9  2     75     41 0 0
54406 4027 11558   4879 2015  9  3     69     37 0 0
54406 4027 11558   4879 2015  9  4     89     63 0 0
54406 4027 11558   4879 2015  9  5     95     88 0 0
54406 4027 11558   4879 2015  9  6     77     42 0 0
54406 4027 11558   4879 2015  9  7     74     39 0 0
54406 4027 11558   4879 2015  9  8     71     52 0 0
54406 4027 11558   4879 2015  9  9     79     63 0 0
54406 4027 11558   4879 2015  9 10     82     68 0 0
54406 4027 11558   4879 2015  9 11     79     46 0 0
54406 4027 11558   4879 2015  9 12     46     26 0 0
54406 4027 11558   4879 2015  9 13     58     24 0 0
54406 4027 11558   4879 2015  9 14     71     37 0 0
54406 4027 11558   4879 2015  9 15     69     42 0 0
54406 4027 11558   4879 2015  9 16     74     51 0 0
54406 4027 11558   4879 2015  9 17     77     54 0 0
54406 4027 11558   4879 2015  9 18     71     24 0 0
54406 4027 11558   4879 2015  9 19     61     25 0 0
54406 4027 11558   4879 2015  9 20     72     54 0 0
54406 4027 11558   4879 2015  9 21     73     52 0 0
54406 4027 11558   4879 2015  9 22     86     64 0 0
54406 4027 11558   4879 2015  9 23     78     49 0 0
54406 4027 11558   4879 2015  9 24     81     53 0 0
54406 4027 11558   4879 2015  9 25     62     16 0 0
54406 4027 11558   4879 2015  9 26     65     28 0 0
54406 4027 11558   4879 2015  9 27     66     25 0 0
54406 4027 11558   4879 2015  9 28     88     56 0 0
54406 4027 11558   4879 2015  9 29     92     84 0 0
54406 4027 11558   4879 2015  9 30     89     65 0 0
54406 4027 11558   4879 2015 10  1     44     26 0 0
54406 4027 11558   4879 2015 10  2     46     25 0 0
54406 4027 11558   4879 2015 10  3     52     24 0 0
54406 4027 11558   4879 2015 10  4     74     42 0 0
54406 4027 11558   4879 2015 10  5     74     24 0 0
54406 4027 11558   4879 2015 10  6     77     37 0 0
54406 4027 11558   4879 2015 10  7     66     21 0 0
54406 4027 11558   4879 2015 10  8     28     14 0 0
54406 4027 11558   4879 2015 10  9     30     19 0 0
54406 4027 11558   4879 2015 10 10     33     23 0 0
54406 4027 11558   4879 2015 10 11     32     20 0 0
54406 4027 11558   4879 2015 10 12     44     19 0 0
54406 4027 11558   4879 2015 10 13     58     13 0 0
54406 4027 11558   4879 2015 10 14     63     32 0 0
54406 4027 11558   4879 2015 10 15     68     24 0 0
54406 4027 11558   4879 2015 10 16     72     34 0 0
54406 4027 11558   4879 2015 10 17     79     43 0 0
54406 4027 11558   4879 2015 10 18     48     28 0 0
54406 4027 11558   4879 2015 10 19     69     47 0 0
54406 4027 11558   4879 2015 10 20     76     67 0 0
54406 4027 11558   4879 2015 10 21     87     77 0 0
54406 4027 11558   4879 2015 10 22     87     75 0 0
54406 4027 11558   4879 2015 10 23     74     40 0 0
54406 4027 11558   4879 2015 10 24     72     34 0 0
54406 4027 11558   4879 2015 10 25     62     44 0 0
54406 4027 11558   4879 2015 10 26     58     21 0 0
54406 4027 11558   4879 2015 10 27     33     20 0 0
54406 4027 11558   4879 2015 10 28     41     18 0 0
54406 4027 11558   4879 2015 10 29     31     18 0 0
54406 4027 11558   4879 2015 10 30     47     19 0 0
54406 4027 11558   4879 2015 10 31     44     17 0 0
54406 4027 11558   4879 2015 11  1     47     17 0 0
54406 4027 11558   4879 2015 11  2     48     18 0 0
54406 4027 11558   4879 2015 11  3     57     32 0 0
54406 4027 11558   4879 2015 11  4     68     48 0 0
54406 4027 11558   4879 2015 11  5     84     65 0 0
54406 4027 11558   4879 2015 11  6     85     75 0 0
54406 4027 11558   4879 2015 11  7     83     73 0 0
54406 4027 11558   4879 2015 11  8     85     73 0 0
54406 4027 11558   4879 2015 11  9     81     41 0 0
54406 4027 11558   4879 2015 11 10     93     83 0 0
54406 4027 11558   4879 2015 11 11     85     72 0 0
54406 4027 11558   4879 2015 11 12     90     77 0 0
54406 4027 11558   4879 2015 11 13     90     82 0 0
54406 4027 11558   4879 2015 11 14     87     69 0 0
54406 4027 11558   4879 2015 11 15     83     53 0 0
54406 4027 11558   4879 2015 11 16     80     68 0 0
54406 4027 11558   4879 2015 11 17     70     35 0 0
54406 4027 11558   4879 2015 11 18     85     55 0 0
54406 4027 11558   4879 2015 11 19     93     89 0 0
54406 4027 11558   4879 2015 11 20     86     75 0 0
54406 4027 11558   4879 2015 11 21     86     81 0 0
54406 4027 11558   4879 2015 11 22     78     52 0 0
54406 4027 11558   4879 2015 11 23     69     50 0 0
54406 4027 11558   4879 2015 11 24     68     54 0 0
54406 4027 11558   4879 2015 11 25     64     33 0 0
54406 4027 11558   4879 2015 11 26     49     34 0 0
54406 4027 11558   4879 2015 11 27     67     53 0 0
54406 4027 11558   4879 2015 11 28     78     66 0 0
54406 4027 11558   4879 2015 11 29     75     47 0 0
54406 4027 11558   4879 2015 11 30     77     49 0 0
54406 4027 11558   4879 2015 12  1     81     69 0 0
54406 4027 11558   4879 2015 12  2     41     31 0 0
54406 4027 11558   4879 2015 12  3     40     32 0 0
54406 4027 11558   4879 2015 12  4     44     34 0 0
54406 4027 11558   4879 2015 12  5     56     34 0 0
54406 4027 11558   4879 2015 12  6     70     44 0 0
54406 4027 11558   4879 2015 12  7     77     59 0 0
54406 4027 11558   4879 2015 12  8     83     76 0 0
54406 4027 11558   4879 2015 12  9     85     71 0 0
54406 4027 11558   4879 2015 12 10     66     29 0 0
54406 4027 11558   4879 2015 12 11     63     34 0 0
54406 4027 11558   4879 2015 12 12     68     45 0 0
54406 4027 11558   4879 2015 12 13     73     59 0 0
54406 4027 11558   4879 2015 12 14     65     35 0 0
54406 4027 11558   4879 2015 12 15     34     23 0 0
54406 4027 11558   4879 2015 12 16     40     26 0 0
54406 4027 11558   4879 2015 12 17     43     26 0 0
54406 4027 11558   4879 2015 12 18     52     30 0 0
54406 4027 11558   4879 2015 12 19     70     49 0 0
54406 4027 11558   4879 2015 12 20     75     53 0 0
54406 4027 11558   4879 2015 12 21     74     51 0 0
54406 4027 11558   4879 2015 12 22     78     58 0 0
54406 4027 11558   4879 2015 12 23     67     35 0 0
54406 4027 11558   4879 2015 12 24     53     24 0 0
54406 4027 11558   4879 2015 12 25     47     24 0 0
54406 4027 11558   4879 2015 12 26     43     29 0 0
54406 4027 11558   4879 2015 12 27     48     31 0 0
54406 4027 11558   4879 2015 12 28     60     34 0 0
54406 4027 11558   4879 2015 12 29     64     44 0 0
54406 4027 11558   4879 2015 12 30     45     33 0 0
54406 4027 11558   4879 2015 12 31     62     33 0 0
54406 4027 11558   4879 2016  1  1     65     37 0 0
54406 4027 11558   4879 2016  1  2     67     34 0 0
54406 4027 11558   4879 2016  1  3     63     29 0 0
54406 4027 11558   4879 2016  1  4     41     26 0 0
54406 4027 11558   4879 2016  1  5     37     21 0 0
54406 4027 11558   4879 2016  1  6     46     23 0 0
54406 4027 11558   4879 2016  1  7     44     30 0 0
54406 4027 11558   4879 2016  1  8     40     25 0 0
54406 4027 11558   4879 2016  1  9     50     20 0 0
54406 4027 11558   4879 2016  1 10     51     27 0 0
54406 4027 11558   4879 2016  1 11     41     27 0 0
54406 4027 11558   4879 2016  1 12     44     24 0 0
54406 4027 11558   4879 2016  1 13     25     13 0 0
54406 4027 11558   4879 2016  1 14     26     18 0 0
54406 4027 11558   4879 2016  1 15     44     21 0 0
54406 4027 11558   4879 2016  1 16     63     31 0 0
54406 4027 11558   4879 2016  1 17     54     33 0 0
54406 4027 11558   4879 2016  1 18     35     27 0 0
54406 4027 11558   4879 2016  1 19     41     19 0 0
54406 4027 11558   4879 2016  1 20     49     30 0 0
54406 4027 11558   4879 2016  1 21     61     33 0 0
54406 4027 11558   4879 2016  1 22     31     20 0 0
54406 4027 11558   4879 2016  1 23     29     21 0 0
54406 4027 11558   4879 2016  1 24     33     25 0 0
54406 4027 11558   4879 2016  1 25     31     19 0 0
54406 4027 11558   4879 2016  1 26     29     20 0 0
54406 4027 11558   4879 2016  1 27     42     19 0 0
54406 4027 11558   4879 2016  1 28     45     22 0 0
54406 4027 11558   4879 2016  1 29     45     33 0 0
54406 4027 11558   4879 2016  1 30     35     20 0 0
54406 4027 11558   4879 2016  1 31     37     21 0 0
54406 4027 11558   4879 2016  2  1     40     22 0 0
54406 4027 11558   4879 2016  2  2     43     17 0 0
54406 4027 11558   4879 2016  2  3     40     15 0 0
54406 4027 11558   4879 2016  2  4     35     19 0 0
54406 4027 11558   4879 2016  2  5     35     23 0 0
54406 4027 11558   4879 2016  2  6     29     17 0 0
54406 4027 11558   4879 2016  2  7     31     15 0 0
54406 4027 11558   4879 2016  2  8     26     14 0 0
54406 4027 11558   4879 2016  2  9     45     22 0 0
54406 4027 11558   4879 2016  2 10     36     19 0 0
54406 4027 11558   4879 2016  2 11     66     27 0 0
54406 4027 11558   4879 2016  2 12     85     70 0 0
54406 4027 11558   4879 2016  2 13     51     27 0 0
54406 4027 11558   4879 2016  2 14     38     24 0 0
54406 4027 11558   4879 2016  2 15     36     26 0 0
54406 4027 11558   4879 2016  2 16     36     29 0 0
54406 4027 11558   4879 2016  2 17     41     23 0 0
54406 4027 11558   4879 2016  2 18     23     17 0 0
54406 4027 11558   4879 2016  2 19     43     17 0 0
54406 4027 11558   4879 2016  2 20     29     18 0 0
54406 4027 11558   4879 2016  2 21     47     22 0 0
54406 4027 11558   4879 2016  2 22     48     13 0 0
54406 4027 11558   4879 2016  2 23     30     14 0 0
54406 4027 11558   4879 2016  2 24     36     14 0 0
54406 4027 11558   4879 2016  2 25     32     15 0 0
54406 4027 11558   4879 2016  2 26     34     16 0 0
54406 4027 11558   4879 2016  2 27     50     28 0 0
54406 4027 11558   4879 2016  2 28     42     16 0 0
54406 4027 11558   4879 2016  2 29     35     22 0 0
54406 4027 11558   4879 2016  3  1     39     18 0 0
54406 4027 11558   4879 2016  3  2     43     16 0 0
54406 4027 11558   4879 2016  3  3     50     13 0 0
54406 4027 11558   4879 2016  3  4     64     48 0 0
54406 4027 11558   4879 2016  3  5     22     15 0 0
54406 4027 11558   4879 2016  3  6     41     17 0 0
54406 4027 11558   4879 2016  3  7     37     12 0 0
54406 4027 11558   4879 2016  3  8     18     10 0 0
54406 4027 11558   4879 2016  3  9     21     11 0 0
54406 4027 11558   4879 2016  3 10     23     16 0 0
54406 4027 11558   4879 2016  3 11     24     12 0 0
54406 4027 11558   4879 2016  3 12     35      8 0 0
54406 4027 11558   4879 2016  3 13     27     11 0 0
54406 4027 11558   4879 2016  3 14     30      7 0 0
54406 4027 11558   4879 2016  3 15     34     17 0 0
54406 4027 11558   4879 2016  3 16     50     22 0 0
54406 4027 11558   4879 2016  3 17     59     30 0 0
54406 4027 11558   4879 2016  3 18     48     10 0 0
54406 4027 11558   4879 2016  3 19     38     21 0 0
54406 4027 11558   4879 2016  3 20     41     13 0 0
54406 4027 11558   4879 2016  3 21     38     17 0 0
54406 4027 11558   4879 2016  3 22     37     27 0 0
54406 4027 11558   4879 2016  3 23     23     13 0 0
54406 4027 11558   4879 2016  3 24     26     13 0 0
54406 4027 11558   4879 2016  3 25     29     13 0 0
54406 4027 11558   4879 2016  3 26     24      9 0 0
54406 4027 11558   4879 2016  3 27     25      7 0 0
54406 4027 11558   4879 2016  3 28     33     12 0 0
54406 4027 11558   4879 2016  3 29     29     12 0 0
54406 4027 11558   4879 2016  3 30     21     12 0 0
54406 4027 11558   4879 2016  3 31     45     20 0 0
54406 4027 11558   4879 2016  4  1     45     22 0 0
54406 4027 11558   4879 2016  4  2     25     11 0 0
54406 4027 11558   4879 2016  4  3     19      5 0 0
54406 4027 11558   4879 2016  4  4     33      9 0 0
54406 4027 11558   4879 2016  4  5     46     15 0 0
54406 4027 11558   4879 2016  4  6     42     31 0 0
54406 4027 11558   4879 2016  4  7     36     10 0 0
54406 4027 11558   4879 2016  4  8     11      5 0 0
54406 4027 11558   4879 2016  4  9     20      4 0 0
54406 4027 11558   4879 2016  4 10     30     14 0 0
54406 4027 11558   4879 2016  4 11     32     20 0 0
54406 4027 11558   4879 2016  4 12     71     28 0 0
54406 4027 11558   4879 2016  4 13     47      9 0 0
54406 4027 11558   4879 2016  4 14     27     13 0 0
54406 4027 11558   4879 2016  4 15     39     24 0 0
54406 4027 11558   4879 2016  4 16     39     24 0 0
54406 4027 11558   4879 2016  4 17     24     10 0 0
54406 4027 11558   4879 2016  4 18     31     11 0 0
54406 4027 11558   4879 2016  4 19     45     14 0 0
54406 4027 11558   4879 2016  4 20     45     11 0 0
54406 4027 11558   4879 2016  4 21     31      9 0 0
54406 4027 11558   4879 2016  4 22     13      6 0 0
54406 4027 11558   4879 2016  4 23     16      6 0 0
54406 4027 11558   4879 2016  4 24     31     17 0 0
54406 4027 11558   4879 2016  4 25     53     32 0 0
54406 4027 11558   4879 2016  4 26     45     31 0 0
54406 4027 11558   4879 2016  4 27     46     28 0 0
54406 4027 11558   4879 2016  4 28     54     30 0 0
54406 4027 11558   4879 2016  4 29     52     34 0 0
54406 4027 11558   4879 2016  4 30     52     21 0 0
54406 4027 11558   4879 2016  5  1     65     41 0 0
54406 4027 11558   4879 2016  5  2     77     44 0 0
54406 4027 11558   4879 2016  5  3     36     10 0 0
54406 4027 11558   4879 2016  5  4     33     10 0 0
54406 4027 11558   4879 2016  5  5     27      8 0 0
54406 4027 11558   4879 2016  5  6     24     10 0 0
54406 4027 11558   4879 2016  5  7     20      5 0 0
54406 4027 11558   4879 2016  5  8     40     19 0 0
54406 4027 11558   4879 2016  5  9     74     47 0 0
54406 4027 11558   4879 2016  5 10     68     23 0 0
54406 4027 11558   4879 2016  5 11     68     43 0 0
54406 4027 11558   4879 2016  5 12     50     17 0 0
54406 4027 11558   4879 2016  5 13     41     21 0 0
54406 4027 11558   4879 2016  5 14     78     31 0 0
54406 4027 11558   4879 2016  5 15     49     11 0 0
54406 4027 11558   4879 2016  5 16     32     11 0 0
54406 4027 11558   4879 2016  5 17     40     16 0 0
54406 4027 11558   4879 2016  5 18     51     30 0 0
54406 4027 11558   4879 2016  5 19     51     29 0 0
54406 4027 11558   4879 2016  5 20     49     31 0 0
54406 4027 11558   4879 2016  5 21     42     17 0 0
54406 4027 11558   4879 2016  5 22     37     22 0 0
54406 4027 11558   4879 2016  5 23     59     28 0 0
54406 4027 11558   4879 2016  5 24     47     20 0 0
54406 4027 11558   4879 2016  5 25     54     29 0 0
54406 4027 11558   4879 2016  5 26     33     18 0 0
54406 4027 11558   4879 2016  5 27     40     22 0 0
54406 4027 11558   4879 2016  5 28     48     26 0 0
54406 4027 11558   4879 2016  5 29     29      7 0 0
54406 4027 11558   4879 2016  5 30     39     13 0 0
54406 4027 11558   4879 2016  5 31     42     27 0 0
54406 4027 11558   4879 2016  6  1     42     27 0 0
54406 4027 11558   4879 2016  6  2     42     23 0 0
54406 4027 11558   4879 2016  6  3     40     27 0 0
54406 4027 11558   4879 2016  6  4     43     17 0 0
54406 4027 11558   4879 2016  6  5     48     22 0 0
54406 4027 11558   4879 2016  6  6     57     34 0 0
54406 4027 11558   4879 2016  6  7     66     46 0 0
54406 4027 11558   4879 2016  6  8     63     24 0 0
54406 4027 11558   4879 2016  6  9     69     27 0 0
54406 4027 11558   4879 2016  6 10     64     25 0 0
54406 4027 11558   4879 2016  6 11     40     21 0 0
54406 4027 11558   4879 2016  6 12     51     30 0 0
54406 4027 11558   4879 2016  6 13     78     50 0 0
54406 4027 11558   4879 2016  6 14     89     72 0 0
54406 4027 11558   4879 2016  6 15     56     21 0 0
54406 4027 11558   4879 2016  6 16     53     26 0 0
54406 4027 11558   4879 2016  6 17     61     40 0 0
54406 4027 11558   4879 2016  6 18     57     19 0 0
54406 4027 11558   4879 2016  6 19     44     16 0 0
54406 4027 11558   4879 2016  6 20     59     29 0 0
54406 4027 11558   4879 2016  6 21     67     35 0 0
54406 4027 11558   4879 2016  6 22     70     48 0 0
54406 4027 11558   4879 2016  6 23     55     24 0 0
54406 4027 11558   4879 2016  6 24     32     17 0 0
54406 4027 11558   4879 2016  6 25     34     19 0 0
54406 4027 11558   4879 2016  6 26     42     20 0 0
54406 4027 11558   4879 2016  6 27     59     25 0 0
54406 4027 11558   4879 2016  6 28     90     72 0 0
54406 4027 11558   4879 2016  6 29     78     48 0 0
54406 4027 11558   4879 2016  6 30     66     35 0 0
54406 4027 11558   4879 2016  7  1     45     26 0 0
54406 4027 11558   4879 2016  7  2     51     24 0 0
54406 4027 11558   4879 2016  7  3     64     35 0 0
54406 4027 11558   4879 2016  7  4     72     53 0 0
54406 4027 11558   4879 2016  7  5     63     45 0 0
54406 4027 11558   4879 2016  7  6     59     31 0 0
54406 4027 11558   4879 2016  7  7     61     39 0 0
54406 4027 11558   4879 2016  7  8     68     54 0 0
54406 4027 11558   4879 2016  7  9     67     37 0 0
54406 4027 11558   4879 2016  7 10     67     45 0 0
54406 4027 11558   4879 2016  7 11     63     47 0 0
54406 4027 11558   4879 2016  7 12     82     55 0 0
54406 4027 11558   4879 2016  7 13     67     36 0 0
54406 4027 11558   4879 2016  7 14     66     40 0 0
54406 4027 11558   4879 2016  7 15     89     74 0 0
54406 4027 11558   4879 2016  7 16     78     64 0 0
54406 4027 11558   4879 2016  7 17     70     50 0 0
54406 4027 11558   4879 2016  7 18     76     59 0 0
54406 4027 11558   4879 2016  7 19     90     77 0 0
54406 4027 11558   4879 2016  7 20     96     94 0 0
54406 4027 11558   4879 2016  7 21     90     70 0 0
54406 4027 11558   4879 2016  7 22     84     65 0 0
54406 4027 11558   4879 2016  7 23     79     53 0 0
54406 4027 11558   4879 2016  7 24     77     56 0 0
54406 4027 11558   4879 2016  7 25     74     52 0 0
54406 4027 11558   4879 2016  7 26     67     34 0 0
54406 4027 11558   4879 2016  7 27     75     42 0 0
54406 4027 11558   4879 2016  7 28     79     44 0 0
54406 4027 11558   4879 2016  7 29     78     58 0 0
54406 4027 11558   4879 2016  7 30     80     63 0 0
54406 4027 11558   4879 2016  7 31     85     69 0 0
54406 4027 11558   4879 2016  8  1     74     53 0 0
54406 4027 11558   4879 2016  8  2     68     42 0 0
54406 4027 11558   4879 2016  8  3     67     39 0 0
54406 4027 11558   4879 2016  8  4     75     47 0 0
54406 4027 11558   4879 2016  8  5     74     54 0 0
54406 4027 11558   4879 2016  8  6     79     59 0 0
54406 4027 11558   4879 2016  8  7     75     45 0 0
54406 4027 11558   4879 2016  8  8     65     44 0 0
54406 4027 11558   4879 2016  8  9     68     43 0 0
54406 4027 11558   4879 2016  8 10     75     56 0 0
54406 4027 11558   4879 2016  8 11     82     58 0 0
54406 4027 11558   4879 2016  8 12     83     62 0 0
54406 4027 11558   4879 2016  8 13     80     58 0 0
54406 4027 11558   4879 2016  8 14     68     40 0 0
54406 4027 11558   4879 2016  8 15     74     46 0 0
54406 4027 11558   4879 2016  8 16     75     51 0 0
54406 4027 11558   4879 2016  8 17     83     68 0 0
54406 4027 11558   4879 2016  8 18     96     87 0 0
54406 4027 11558   4879 2016  8 19     74     36 0 0
54406 4027 11558   4879 2016  8 20     71     47 0 0
54406 4027 11558   4879 2016  8 21     76     47 0 0
54406 4027 11558   4879 2016  8 22     75     58 0 0
54406 4027 11558   4879 2016  8 23     79     67 0 0
54406 4027 11558   4879 2016  8 24     78     52 0 0
54406 4027 11558   4879 2016  8 25     49     23 0 0
54406 4027 11558   4879 2016  8 26     54     26 0 0
54406 4027 11558   4879 2016  8 27     54     24 0 0
54406 4027 11558   4879 2016  8 28     47     23 0 0
54406 4027 11558   4879 2016  8 29     58     31 0 0
54406 4027 11558   4879 2016  8 30     64     32 0 0
54406 4027 11558   4879 2016  8 31     45     11 0 0
54406 4027 11558   4879 2016  9  1     33     13 0 0
54406 4027 11558   4879 2016  9  2     58     43 0 0
54406 4027 11558   4879 2016  9  3     64     38 0 0
54406 4027 11558   4879 2016  9  4     75     54 0 0
54406 4027 11558   4879 2016  9  5     71     35 0 0
54406 4027 11558   4879 2016  9  6     62     32 0 0
54406 4027 11558   4879 2016  9  7     61     31 0 0
54406 4027 11558   4879 2016  9  8     68     25 0 0
54406 4027 11558   4879 2016  9  9     64     30 0 0
54406 4027 11558   4879 2016  9 10     65     34 0 0
54406 4027 11558   4879 2016  9 11     79     55 0 0
54406 4027 11558   4879 2016  9 12     77     47 0 0
54406 4027 11558   4879 2016  9 13     78     52 0 0
54406 4027 11558   4879 2016  9 14     75     44 0 0
54406 4027 11558   4879 2016  9 15     72     34 0 0
54406 4027 11558   4879 2016  9 16     73     41 0 0
54406 4027 11558   4879 2016  9 17     79     63 0 0
54406 4027 11558   4879 2016  9 18     84     56 0 0
54406 4027 11558   4879 2016  9 19     65     37 0 0
54406 4027 11558   4879 2016  9 20     65     29 0 0
54406 4027 11558   4879 2016  9 21     77     56 0 0
54406 4027 11558   4879 2016  9 22     83     58 0 0
54406 4027 11558   4879 2016  9 23     86     57 0 0
54406 4027 11558   4879 2016  9 24     86     57 0 0
54406 4027 11558   4879 2016  9 25     85     56 0 0
54406 4027 11558   4879 2016  9 26     87     60 0 0
54406 4027 11558   4879 2016  9 27     56     32 0 0
54406 4027 11558   4879 2016  9 28     52     26 0 0
54406 4027 11558   4879 2016  9 29     61     37 0 0
54406 4027 11558   4879 2016  9 30     66     44 0 0
54406 4027 11558   4879 2016 10  1     65     47 0 0
54406 4027 11558   4879 2016 10  2     78     50 0 0
54406 4027 11558   4879 2016 10  3     77     35 0 0
54406 4027 11558   4879 2016 10  4     87     71 0 0
54406 4027 11558   4879 2016 10  5     73     18 0 0
54406 4027 11558   4879 2016 10  6     90     72 0 0
54406 4027 11558   4879 2016 10  7     92     85 0 0
54406 4027 11558   4879 2016 10  8     42     26 0 0
54406 4027 11558   4879 2016 10  9     67     37 0 0
54406 4027 11558   4879 2016 10 10     72     42 0 0
54406 4027 11558   4879 2016 10 11     75     19 0 0
54406 4027 11558   4879 2016 10 12     83     58 0 0
54406 4027 11558   4879 2016 10 13     82     55 0 0
54406 4027 11558   4879 2016 10 14     85     54 0 0
54406 4027 11558   4879 2016 10 15     82     62 0 0
54406 4027 11558   4879 2016 10 16     84     56 0 0
54406 4027 11558   4879 2016 10 17     64     29 0 0
54406 4027 11558   4879 2016 10 18     82     55 0 0
54406 4027 11558   4879 2016 10 19     79     51 0 0
54406 4027 11558   4879 2016 10 20     87     64 0 0
54406 4027 11558   4879 2016 10 21     92     84 0 0
54406 4027 11558   4879 2016 10 22     74     56 0 0
54406 4027 11558   4879 2016 10 23     61     36 0 0
54406 4027 11558   4879 2016 10 24     80     54 0 0
54406 4027 11558   4879 2016 10 25     78     34 0 0
54406 4027 11558   4879 2016 10 26     59     27 0 0
54406 4027 11558   4879 2016 10 27     84     67 0 0
54406 4027 11558   4879 2016 10 28     58     20 0 0
54406 4027 11558   4879 2016 10 29     49     24 0 0
54406 4027 11558   4879 2016 10 30     59     35 0 0
54406 4027 11558   4879 2016 10 31     26     16 0 0
54406 4027 11558   4879 2016 11  1     53     26 0 0
54406 4027 11558   4879 2016 11  2     48     19 0 0
54406 4027 11558   4879 2016 11  3     51     19 0 0
54406 4027 11558   4879 2016 11  4     61     20 0 0
54406 4027 11558   4879 2016 11  5     66     25 0 0
54406 4027 11558   4879 2016 11  6     53     44 0 0
54406 4027 11558   4879 2016 11  7     59     28 0 0
54406 4027 11558   4879 2016 11  8     53     27 0 0
54406 4027 11558   4879 2016 11  9     72     49 0 0
54406 4027 11558   4879 2016 11 10     60     25 0 0
54406 4027 11558   4879 2016 11 11     51     28 0 0
54406 4027 11558   4879 2016 11 12     64     30 0 0
54406 4027 11558   4879 2016 11 13     82     63 0 0
54406 4027 11558   4879 2016 11 14     36      9 0 0
54406 4027 11558   4879 2016 11 15     36     19 0 0
54406 4027 11558   4879 2016 11 16     58     33 0 0
54406 4027 11558   4879 2016 11 17     76     56 0 0
54406 4027 11558   4879 2016 11 18     81     74 0 0
54406 4027 11558   4879 2016 11 19     52     14 0 0
54406 4027 11558   4879 2016 11 20     69     22 0 0
54406 4027 11558   4879 2016 11 21     65     31 0 0
54406 4027 11558   4879 2016 11 22     45     37 0 0
54406 4027 11558   4879 2016 11 23     45     24 0 0
54406 4027 11558   4879 2016 11 24     46     18 0 0
54406 4027 11558   4879 2016 11 25     59     34 0 0
54406 4027 11558   4879 2016 11 26     53     21 0 0
54406 4027 11558   4879 2016 11 27     29     19 0 0
54406 4027 11558   4879 2016 11 28     49     25 0 0
54406 4027 11558   4879 2016 11 29     70     37 0 0
54406 4027 11558   4879 2016 11 30     63     24 0 0
54406 4027 11558   4879 2016 12  1     35     19 0 0
54406 4027 11558   4879 2016 12  2     58     25 0 0
54406 4027 11558   4879 2016 12  3     63     32 0 0
54406 4027 11558   4879 2016 12  4     63     44 0 0
54406 4027 11558   4879 2016 12  5     40     12 0 0
54406 4027 11558   4879 2016 12  6     37     18 0 0
54406 4027 11558   4879 2016 12  7     40     21 0 0
54406 4027 11558   4879 2016 12  8     39     22 0 0
54406 4027 11558   4879 2016 12  9     49     24 0 0
54406 4027 11558   4879 2016 12 10     57     30 0 0
54406 4027 11558   4879 2016 12 11     63     44 0 0
54406 4027 11558   4879 2016 12 12     64     42 0 0
54406 4027 11558   4879 2016 12 13     37     20 0 0
54406 4027 11558   4879 2016 12 14     39     20 0 0
54406 4027 11558   4879 2016 12 15     41     19 0 0
54406 4027 11558   4879 2016 12 16     40     16 0 0
54406 4027 11558   4879 2016 12 17     52     24 0 0
54406 4027 11558   4879 2016 12 18     60     31 0 0
54406 4027 11558   4879 2016 12 19     62     33 0 0
54406 4027 11558   4879 2016 12 20     67     42 0 0
54406 4027 11558   4879 2016 12 21     61     43 0 0
54406 4027 11558   4879 2016 12 22     40     30 0 0
54406 4027 11558   4879 2016 12 23     55     35 0 0
54406 4027 11558   4879 2016 12 24     60     43 0 0
54406 4027 11558   4879 2016 12 25     69     50 0 0
54406 4027 11558   4879 2016 12 26     42     24 0 0
54406 4027 11558   4879 2016 12 27     45     28 0 0
54406 4027 11558   4879 2016 12 28     50     24 0 0
54406 4027 11558   4879 2016 12 29     39     19 0 0
54406 4027 11558   4879 2016 12 30     52     30 0 0
54406 4027 11558   4879 2016 12 31     52     27 0 0
54406 4027 11558   4879 2017  1  1     60     28 0 0
54406 4027 11558   4879 2017  1  2     44     20 0 0
54406 4027 11558   4879 2017  1  3     48     16 0 0
54406 4027 11558   4879 2017  1  4     48     26 0 0
54406 4027 11558   4879 2017  1  5     75     36 0 0
54406 4027 11558   4879 2017  1  6     79     65 0 0
54406 4027 11558   4879 2017  1  7     76     63 0 0
54406 4027 11558   4879 2017  1  8     53     37 0 0
54406 4027 11558   4879 2017  1  9     46     27 0 0
54406 4027 11558   4879 2017  1 10     35     19 0 0
54406 4027 11558   4879 2017  1 11     40     22 0 0
54406 4027 11558   4879 2017  1 12     36     23 0 0
54406 4027 11558   4879 2017  1 13     32     17 0 0
54406 4027 11558   4879 2017  1 14     35     16 0 0
54406 4027 11558   4879 2017  1 15     72     23 0 0
54406 4027 11558   4879 2017  1 16     70     60 0 0
54406 4027 11558   4879 2017  1 17     56     26 0 0
54406 4027 11558   4879 2017  1 18     47     27 0 0
54406 4027 11558   4879 2017  1 19     46     19 0 0
54406 4027 11558   4879 2017  1 20     32     17 0 0
54406 4027 11558   4879 2017  1 21     33     16 0 0
54406 4027 11558   4879 2017  1 22     33     18 0 0
54406 4027 11558   4879 2017  1 23     48     22 0 0
54406 4027 11558   4879 2017  1 24     47     27 0 0
54406 4027 11558   4879 2017  1 25     49     27 0 0
54406 4027 11558   4879 2017  1 26     43     19 0 0
54406 4027 11558   4879 2017  1 27     42     17 0 0
54406 4027 11558   4879 2017  1 28     38     24 0 0
54406 4027 11558   4879 2017  1 29     29     19 0 0
54406 4027 11558   4879 2017  1 30     37     11 0 0
54406 4027 11558   4879 2017  1 31     29      9 0 0
54406 4027 11558   4879 2017  2  1     31      7 0 0
54406 4027 11558   4879 2017  2  2     33     12 0 0
54406 4027 11558   4879 2017  2  3     36     16 0 0
54406 4027 11558   4879 2017  2  4     37     27 0 0
54406 4027 11558   4879 2017  2  5     40     15 0 0
54406 4027 11558   4879 2017  2  6     29     15 0 0
54406 4027 11558   4879 2017  2  7     51     20 0 0
54406 4027 11558   4879 2017  2  8     42     17 0 0
54406 4027 11558   4879 2017  2  9     31     14 0 0
54406 4027 11558   4879 2017  2 10     24     10 0 0
54406 4027 11558   4879 2017  2 11     33     15 0 0
54406 4027 11558   4879 2017  2 12     39     16 0 0
54406 4027 11558   4879 2017  2 13     39     11 0 0
54406 4027 11558   4879 2017  2 14     50     21 0 0
54406 4027 11558   4879 2017  2 15     62     32 0 0
54406 4027 11558   4879 2017  2 16     46     17 0 0
54406 4027 11558   4879 2017  2 17     23      9 0 0
54406 4027 11558   4879 2017  2 18     30     10 0 0
54406 4027 11558   4879 2017  2 19     36     15 0 0
54406 4027 11558   4879 2017  2 20     27     15 0 0
54406 4027 11558   4879 2017  2 21     57     24 0 0
54406 4027 11558   4879 2017  2 22     66     28 0 0
54406 4027 11558   4879 2017  2 23     44     22 0 0
54406 4027 11558   4879 2017  2 24     43     20 0 0
54406 4027 11558   4879 2017  2 25     39     21 0 0
54406 4027 11558   4879 2017  2 26     50     20 0 0
54406 4027 11558   4879 2017  2 27     44     18 0 0
54406 4027 11558   4879 2017  2 28     34     12 0 0
54406 4027 11558   4879 2017  3  1     24     11 0 0
54406 4027 11558   4879 2017  3  2     27     13 0 0
54406 4027 11558   4879 2017  3  3     36     13 0 0
54406 4027 11558   4879 2017  3  4     39     20 0 0
54406 4027 11558   4879 2017  3  5     31     19 0 0
54406 4027 11558   4879 2017  3  6     32     19 0 0
54406 4027 11558   4879 2017  3  7     31     18 0 0
54406 4027 11558   4879 2017  3  8     25     12 0 0
54406 4027 11558   4879 2017  3  9     19      9 0 0
54406 4027 11558   4879 2017  3 10     28      8 0 0
54406 4027 11558   4879 2017  3 11     29     11 0 0
54406 4027 11558   4879 2017  3 12     21      9 0 0
54406 4027 11558   4879 2017  3 13     23     10 0 0
54406 4027 11558   4879 2017  3 14     24      8 0 0
54406 4027 11558   4879 2017  3 15     34     15 0 0
54406 4027 11558   4879 2017  3 16     41     20 0 0
54406 4027 11558   4879 2017  3 17     45     28 0 0
54406 4027 11558   4879 2017  3 18     50     21 0 0
54406 4027 11558   4879 2017  3 19     56     38 0 0
54406 4027 11558   4879 2017  3 20     82     50 0 0
54406 4027 11558   4879 2017  3 21     64     23 0 0
54406 4027 11558   4879 2017  3 22     63     45 0 0
54406 4027 11558   4879 2017  3 23     83     55 0 0
54406 4027 11558   4879 2017  3 24     92     79 0 0
54406 4027 11558   4879 2017  3 25     62     19 0 0
54406 4027 11558   4879 2017  3 26     47     25 0 0
54406 4027 11558   4879 2017  3 27     46     12 0 0
54406 4027 11558   4879 2017  3 28     42     21 0 0
54406 4027 11558   4879 2017  3 29     50     10 0 0
54406 4027 11558   4879 2017  3 30     57     32 0 0
54406 4027 11558   4879 2017  3 31     29     14 0 0
54406 4027 11558   4879 2017  4  1     31      9 0 0
54406 4027 11558   4879 2017  4  2     32      7 0 0
54406 4027 11558   4879 2017  4  3     37     19 0 0
54406 4027 11558   4879 2017  4  4     58     34 0 0
54406 4027 11558   4879 2017  4  5     61     35 0 0
54406 4027 11558   4879 2017  4  6     58     12 0 0
54406 4027 11558   4879 2017  4  7     62     42 0 0
54406 4027 11558   4879 2017  4  8     50     24 0 0
54406 4027 11558   4879 2017  4  9     45     16 0 0
54406 4027 11558   4879 2017  4 10     51     23 0 0
54406 4027 11558   4879 2017  4 11     27      8 0 0
54406 4027 11558   4879 2017  4 12     25      8 0 0
54406 4027 11558   4879 2017  4 13     37     15 0 0
54406 4027 11558   4879 2017  4 14     43     12 0 0
54406 4027 11558   4879 2017  4 15     29      5 0 0
54406 4027 11558   4879 2017  4 16     37     14 0 0
54406 4027 11558   4879 2017  4 17     36     12 0 0
54406 4027 11558   4879 2017  4 18     16      7 0 0
54406 4027 11558   4879 2017  4 19     28      8 0 0
54406 4027 11558   4879 2017  4 20     28     10 0 0
54406 4027 11558   4879 2017  4 21     41     14 0 0
54406 4027 11558   4879 2017  4 22     33      8 0 0
54406 4027 11558   4879 2017  4 23     24     11 0 0
54406 4027 11558   4879 2017  4 24     23      5 0 0
54406 4027 11558   4879 2017  4 25     19     11 0 0
54406 4027 11558   4879 2017  4 26     27     12 0 0
54406 4027 11558   4879 2017  4 27     21      6 0 0
54406 4027 11558   4879 2017  4 28     22      9 0 0
54406 4027 11558   4879 2017  4 29     22      4 0 0
54406 4027 11558   4879 2017  4 30     25      7 0 0
54406 4027 11558   4879 2017  5  1     23     11 0 0
54406 4027 11558   4879 2017  5  2     37     20 0 0
54406 4027 11558   4879 2017  5  3     66     40 0 0
54406 4027 11558   4879 2017  5  4     34     13 0 0
54406 4027 11558   4879 2017  5  5     25      9 0 0
54406 4027 11558   4879 2017  5  6     18     12 0 0
54406 4027 11558   4879 2017  5  7     32      9 0 0
54406 4027 11558   4879 2017  5  8     38     11 0 0
54406 4027 11558   4879 2017  5  9     49     35 0 0
54406 4027 11558   4879 2017  5 10     51      9 0 0
54406 4027 11558   4879 2017  5 11     26      5 0 0
54406 4027 11558   4879 2017  5 12     19      7 0 0
54406 4027 11558   4879 2017  5 13     28     12 0 0
54406 4027 11558   4879 2017  5 14     26     14 0 0
54406 4027 11558   4879 2017  5 15     32     15 0 0
54406 4027 11558   4879 2017  5 16     35     12 0 0
54406 4027 11558   4879 2017  5 17     42     19 0 0
54406 4027 11558   4879 2017  5 18     50     29 0 0
54406 4027 11558   4879 2017  5 19     52     26 0 0
54406 4027 11558   4879 2017  5 20     42     15 0 0
54406 4027 11558   4879 2017  5 21     53     31 0 0
54406 4027 11558   4879 2017  5 22     74     41 0 0
54406 4027 11558   4879 2017  5 23     46     16 0 0
54406 4027 11558   4879 2017  5 24     36     11 0 0
54406 4027 11558   4879 2017  5 25     38     15 0 0
54406 4027 11558   4879 2017  5 26     43     29 0 0
54406 4027 11558   4879 2017  5 27     47     28 0 0
54406 4027 11558   4879 2017  5 28     59     21 0 0
54406 4027 11558   4879 2017  5 29     54     32 0 0
54406 4027 11558   4879 2017  5 30     66     38 0 0
54406 4027 11558   4879 2017  5 31     49     12 0 0
54406 4027 11558   4879 2017  6  1     40     15 0 0
54406 4027 11558   4879 2017  6  2     45     33 0 0
54406 4027 11558   4879 2017  6  3     46     22 0 0
54406 4027 11558   4879 2017  6  4     38     14 0 0
54406 4027 11558   4879 2017  6  5     40     27 0 0
54406 4027 11558   4879 2017  6  6     86     33 0 0
54406 4027 11558   4879 2017  6  7     57     19 0 0
54406 4027 11558   4879 2017  6  8     47     14 0 0
54406 4027 11558   4879 2017  6  9     40      9 0 0
54406 4027 11558   4879 2017  6 10     29     15 0 0
54406 4027 11558   4879 2017  6 11     33     14 0 0
54406 4027 11558   4879 2017  6 12     41     25 0 0
54406 4027 11558   4879 2017  6 13     63     32 0 0
54406 4027 11558   4879 2017  6 14     49     15 0 0
54406 4027 11558   4879 2017  6 15     31     12 0 0
54406 4027 11558   4879 2017  6 16     36     12 0 0
54406 4027 11558   4879 2017  6 17     45     21 0 0
54406 4027 11558   4879 2017  6 18     55     31 0 0
54406 4027 11558   4879 2017  6 19     56     18 0 0
54406 4027 11558   4879 2017  6 20     46     18 0 0
54406 4027 11558   4879 2017  6 21     58     42 0 0
54406 4027 11558   4879 2017  6 22     85     58 0 0
54406 4027 11558   4879 2017  6 23     92     81 0 0
54406 4027 11558   4879 2017  6 24     79     45 0 0
54406 4027 11558   4879 2017  6 25     74     36 0 0
54406 4027 11558   4879 2017  6 26     67     28 0 0
54406 4027 11558   4879 2017  6 27     66     37 0 0
54406 4027 11558   4879 2017  6 28     74     57 0 0
54406 4027 11558   4879 2017  6 29     65     46 0 0
54406 4027 11558   4879 2017  6 30     67     47 0 0
