54416 4023 11652    718 2013 12  1     49     16 9 9
54416 4023 11652    718 2013 12  2     45     15 9 9
54416 4023 11652    718 2013 12  3     40     17 9 9
54416 4023 11652    718 2013 12  4     54     20 9 9
54416 4023 11652    718 2013 12  5     33     15 9 9
54416 4023 11652    718 2013 12  6     56     23 9 9
54416 4023 11652    718 2013 12  7     72     38 9 9
54416 4023 11652    718 2013 12  8     53     24 9 9
54416 4023 11652    718 2013 12  9     44     19 9 9
54416 4023 11652    718 2013 12 10     41     18 9 9
54416 4023 11652    718 2013 12 11     40     18 9 9
54416 4023 11652    718 2013 12 12     29     12 9 9
54416 4023 11652    718 2013 12 13     43     15 9 9
54416 4023 11652    718 2013 12 14     42     11 9 9
54416 4023 11652    718 2013 12 15     31     14 9 9
54416 4023 11652    718 2013 12 16     43     23 9 9
54416 4023 11652    718 2013 12 17     38     22 9 9
54416 4023 11652    718 2013 12 18     42     23 9 9
54416 4023 11652    718 2013 12 19     37     22 9 9
54416 4023 11652    718 2013 12 20     41     20 9 9
54416 4023 11652    718 2013 12 21     38     19 9 9
54416 4023 11652    718 2013 12 22     46     20 9 9
54416 4023 11652    718 2013 12 23     49     20 9 9
54416 4023 11652    718 2013 12 24     65     41 9 9
54416 4023 11652    718 2013 12 25     56     19 9 9
54416 4023 11652    718 2013 12 26     27     16 9 9
54416 4023 11652    718 2013 12 27     45     21 9 9
54416 4023 11652    718 2013 12 28     41     16 9 9
54416 4023 11652    718 2013 12 29     40     12 9 9
54416 4023 11652    718 2013 12 30     43     14 9 9
54416 4023 11652    718 2013 12 31     45     15 9 9
54416 4023 11652    718 2014  1  1     44     16 0 0
54416 4023 11652    718 2014  1  2     57     34 0 0
54416 4023 11652    718 2014  1  3     37     17 0 0
54416 4023 11652    718 2014  1  4     68     39 0 0
54416 4023 11652    718 2014  1  5     64     26 0 0
54416 4023 11652    718 2014  1  6     74     55 0 0
54416 4023 11652    718 2014  1  7     51     15 0 0
54416 4023 11652    718 2014  1  8     25     15 0 0
54416 4023 11652    718 2014  1  9     42     13 0 0
54416 4023 11652    718 2014  1 10     36     11 0 0
54416 4023 11652    718 2014  1 11     37     13 0 0
54416 4023 11652    718 2014  1 12     26     14 0 0
54416 4023 11652    718 2014  1 13     44     15 0 0
54416 4023 11652    718 2014  1 14     41     14 0 0
54416 4023 11652    718 2014  1 15     41     14 0 0
54416 4023 11652    718 2014  1 16     52     24 0 0
54416 4023 11652    718 2014  1 17     66     34 0 0
54416 4023 11652    718 2014  1 18     51     15 0 0
54416 4023 11652    718 2014  1 19     51     24 0 0
54416 4023 11652    718 2014  1 20     27     16 0 0
54416 4023 11652    718 2014  1 21     41     15 0 0
54416 4023 11652    718 2014  1 22     40     15 0 0
54416 4023 11652    718 2014  1 23     51     26 0 0
54416 4023 11652    718 2014  1 24     30     11 0 0
54416 4023 11652    718 2014  1 25     21     11 0 0
54416 4023 11652    718 2014  1 26     50     14 0 0
54416 4023 11652    718 2014  1 27     51     12 0 0
54416 4023 11652    718 2014  1 28     42     15 0 0
54416 4023 11652    718 2014  1 29     71     40 0 0
54416 4023 11652    718 2014  1 30     41      9 0 0
54416 4023 11652    718 2014  1 31     65     29 0 0
54416 4023 11652    718 2014  2  1     68     42 0 0
54416 4023 11652    718 2014  2  2     45      9 0 0
54416 4023 11652    718 2014  2  3     12      6 0 0
54416 4023 11652    718 2014  2  4     24      9 0 0
54416 4023 11652    718 2014  2  5     43     19 0 0
54416 4023 11652    718 2014  2  6     52     31 0 0
54416 4023 11652    718 2014  2  7     70     43 0 0
54416 4023 11652    718 2014  2  8     57     24 0 0
54416 4023 11652    718 2014  2  9     32     18 0 0
54416 4023 11652    718 2014  2 10     36     19 0 0
54416 4023 11652    718 2014  2 11     53     25 0 0
54416 4023 11652    718 2014  2 12     43     14 0 0
54416 4023 11652    718 2014  2 13     68     38 0 0
54416 4023 11652    718 2014  2 14     73     46 0 0
54416 4023 11652    718 2014  2 15     69     41 0 0
54416 4023 11652    718 2014  2 16     56     13 0 0
54416 4023 11652    718 2014  2 17     43     23 0 0
54416 4023 11652    718 2014  2 18     50     28 0 0
54416 4023 11652    718 2014  2 19     53     20 0 0
54416 4023 11652    718 2014  2 20     71     39 0 0
54416 4023 11652    718 2014  2 21     72     52 0 0
54416 4023 11652    718 2014  2 22     65     51 0 0
54416 4023 11652    718 2014  2 23     65     60 0 0
54416 4023 11652    718 2014  2 24     65     47 0 0
54416 4023 11652    718 2014  2 25     73     46 0 0
54416 4023 11652    718 2014  2 26     79     55 0 0
54416 4023 11652    718 2014  2 27     32     15 0 0
54416 4023 11652    718 2014  2 28     63     40 0 0
54416 4023 11652    718 2014  3  1     50     11 0 0
54416 4023 11652    718 2014  3  2     54     20 0 0
54416 4023 11652    718 2014  3  3     52     31 0 0
54416 4023 11652    718 2014  3  4     28      9 0 0
54416 4023 11652    718 2014  3  5     28     10 0 0
54416 4023 11652    718 2014  3  6     19      9 0 0
54416 4023 11652    718 2014  3  7     31      6 0 0
54416 4023 11652    718 2014  3  8     42     14 0 0
54416 4023 11652    718 2014  3  9     38     14 0 0
54416 4023 11652    718 2014  3 10     52     30 0 0
54416 4023 11652    718 2014  3 11     46     15 0 0
54416 4023 11652    718 2014  3 12     22     10 0 0
54416 4023 11652    718 2014  3 13     22     10 0 0
54416 4023 11652    718 2014  3 14     24     10 0 0
54416 4023 11652    718 2014  3 15     29      8 0 0
54416 4023 11652    718 2014  3 16     35     15 0 0
54416 4023 11652    718 2014  3 17     35     13 0 0
54416 4023 11652    718 2014  3 18     27     17 0 0
54416 4023 11652    718 2014  3 19     43     14 0 0
54416 4023 11652    718 2014  3 20     22     10 0 0
54416 4023 11652    718 2014  3 21     26      8 0 0
54416 4023 11652    718 2014  3 22     26      7 0 0
54416 4023 11652    718 2014  3 23     36     15 0 0
54416 4023 11652    718 2014  3 24     51     24 0 0
54416 4023 11652    718 2014  3 25     50     26 0 0
54416 4023 11652    718 2014  3 26     58     33 0 0
54416 4023 11652    718 2014  3 27     62     44 0 0
54416 4023 11652    718 2014  3 28     62     21 0 0
54416 4023 11652    718 2014  3 29     52     21 0 0
54416 4023 11652    718 2014  3 30     35     11 0 0
54416 4023 11652    718 2014  3 31     39     18 0 0
54416 4023 11652    718 2014  4  1     51      8 0 0
54416 4023 11652    718 2014  4  2     38     11 0 0
54416 4023 11652    718 2014  4  3     14      5 0 0
54416 4023 11652    718 2014  4  4     24      8 0 0
54416 4023 11652    718 2014  4  5     15      8 0 0
54416 4023 11652    718 2014  4  6     25      8 0 0
54416 4023 11652    718 2014  4  7     36     17 0 0
54416 4023 11652    718 2014  4  8     42     20 0 0
54416 4023 11652    718 2014  4  9     34     11 0 0
54416 4023 11652    718 2014  4 10     31     19 0 0
54416 4023 11652    718 2014  4 11     31     22 0 0
54416 4023 11652    718 2014  4 12     41     21 0 0
54416 4023 11652    718 2014  4 13     49     27 0 0
54416 4023 11652    718 2014  4 14     62     36 0 0
54416 4023 11652    718 2014  4 15     53     24 0 0
54416 4023 11652    718 2014  4 16     35     17 0 0
54416 4023 11652    718 2014  4 17     66     28 0 0
54416 4023 11652    718 2014  4 18     63     34 0 0
54416 4023 11652    718 2014  4 19     47     31 0 0
54416 4023 11652    718 2014  4 20     53     19 0 0
54416 4023 11652    718 2014  4 21     40     12 0 0
54416 4023 11652    718 2014  4 22     32     11 0 0
54416 4023 11652    718 2014  4 23     50     26 0 0
54416 4023 11652    718 2014  4 24     60     33 0 0
54416 4023 11652    718 2014  4 25     58     26 0 0
54416 4023 11652    718 2014  4 26     61     20 0 0
54416 4023 11652    718 2014  4 27     51     15 0 0
54416 4023 11652    718 2014  4 28     46     13 0 0
54416 4023 11652    718 2014  4 29     50     21 0 0
54416 4023 11652    718 2014  4 30     52     28 0 0
54416 4023 11652    718 2014  5  1     59     35 0 0
54416 4023 11652    718 2014  5  2     32     12 0 0
54416 4023 11652    718 2014  5  3     46     10 0 0
54416 4023 11652    718 2014  5  4     18     10 0 0
54416 4023 11652    718 2014  5  5     31     11 0 0
54416 4023 11652    718 2014  5  6     43     26 0 0
54416 4023 11652    718 2014  5  7     43     12 0 0
54416 4023 11652    718 2014  5  8     46     16 0 0
54416 4023 11652    718 2014  5  9     38     27 0 0
54416 4023 11652    718 2014  5 10     44     29 0 0
54416 4023 11652    718 2014  5 11     88     31 0 0
54416 4023 11652    718 2014  5 12     60     15 0 0
54416 4023 11652    718 2014  5 13     54      9 0 0
54416 4023 11652    718 2014  5 14     30     10 0 0
54416 4023 11652    718 2014  5 15     42     12 0 0
54416 4023 11652    718 2014  5 16     28     12 0 0
54416 4023 11652    718 2014  5 17     39     19 0 0
54416 4023 11652    718 2014  5 18     45     24 0 0
54416 4023 11652    718 2014  5 19     70     38 0 0
54416 4023 11652    718 2014  5 20     43     15 0 0
54416 4023 11652    718 2014  5 21     53     31 0 0
54416 4023 11652    718 2014  5 22     44     15 0 0
54416 4023 11652    718 2014  5 23     32     14 0 0
54416 4023 11652    718 2014  5 24     87     31 0 0
54416 4023 11652    718 2014  5 25     56     13 0 0
54416 4023 11652    718 2014  5 26     42      9 0 0
54416 4023 11652    718 2014  5 27     55      9 0 0
54416 4023 11652    718 2014  5 28     37     11 0 0
54416 4023 11652    718 2014  5 29     34     10 0 0
54416 4023 11652    718 2014  5 30     35     20 0 0
54416 4023 11652    718 2014  5 31     48     23 0 0
54416 4023 11652    718 2014  6  1     59     28 0 0
54416 4023 11652    718 2014  6  2     60     31 0 0
54416 4023 11652    718 2014  6  3     45     23 0 0
54416 4023 11652    718 2014  6  4     49     28 0 0
54416 4023 11652    718 2014  6  5     48     24 0 0
54416 4023 11652    718 2014  6  6     68     33 0 0
54416 4023 11652    718 2014  6  7     54     27 0 0
54416 4023 11652    718 2014  6  8     62     24 0 0
54416 4023 11652    718 2014  6  9     59     23 0 0
54416 4023 11652    718 2014  6 10     73     47 0 0
54416 4023 11652    718 2014  6 11     55     28 0 0
54416 4023 11652    718 2014  6 12     49     22 0 0
54416 4023 11652    718 2014  6 13     66     34 0 0
54416 4023 11652    718 2014  6 14     67     36 0 0
54416 4023 11652    718 2014  6 15     60     36 0 0
54416 4023 11652    718 2014  6 16     67     44 0 0
54416 4023 11652    718 2014  6 17     82     58 0 0
54416 4023 11652    718 2014  6 18     66     32 0 0
54416 4023 11652    718 2014  6 19     68     41 0 0
54416 4023 11652    718 2014  6 20     76     47 0 0
54416 4023 11652    718 2014  6 21     72     50 0 0
54416 4023 11652    718 2014  6 22     72     40 0 0
54416 4023 11652    718 2014  6 23     59     28 0 0
54416 4023 11652    718 2014  6 24     60     32 0 0
54416 4023 11652    718 2014  6 25     66     48 0 0
54416 4023 11652    718 2014  6 26     73     44 0 0
54416 4023 11652    718 2014  6 27     51     20 0 0
54416 4023 11652    718 2014  6 28     51     23 0 0
54416 4023 11652    718 2014  6 29     52     26 0 0
54416 4023 11652    718 2014  6 30     61     35 0 0
54416 4023 11652    718 2014  7  1     71     40 0 0
54416 4023 11652    718 2014  7  2     88     77 0 0
54416 4023 11652    718 2014  7  3     81     62 0 0
54416 4023 11652    718 2014  7  4     71     31 0 0
54416 4023 11652    718 2014  7  5     76     53 0 0
54416 4023 11652    718 2014  7  6     74     60 0 0
54416 4023 11652    718 2014  7  7     78     59 0 0
54416 4023 11652    718 2014  7  8     66     27 0 0
54416 4023 11652    718 2014  7  9     63     32 0 0
54416 4023 11652    718 2014  7 10     54     17 0 0
54416 4023 11652    718 2014  7 11     51     24 0 0
54416 4023 11652    718 2014  7 12     45     20 0 0
54416 4023 11652    718 2014  7 13     50     24 0 0
54416 4023 11652    718 2014  7 14     51     24 0 0
54416 4023 11652    718 2014  7 15     53     38 0 0
54416 4023 11652    718 2014  7 16     71     50 0 0
54416 4023 11652    718 2014  7 17     77     56 0 0
54416 4023 11652    718 2014  7 18     76     58 0 0
54416 4023 11652    718 2014  7 19     66     45 0 0
54416 4023 11652    718 2014  7 20     68     51 0 0
54416 4023 11652    718 2014  7 21     59     31 0 0
54416 4023 11652    718 2014  7 22     65     32 0 0
54416 4023 11652    718 2014  7 23     71     35 0 0
54416 4023 11652    718 2014  7 24     68     41 0 0
54416 4023 11652    718 2014  7 25     58     30 0 0
54416 4023 11652    718 2014  7 26     55     32 0 0
54416 4023 11652    718 2014  7 27     49     31 0 0
54416 4023 11652    718 2014  7 28     58     30 0 0
54416 4023 11652    718 2014  7 29     56     40 0 0
54416 4023 11652    718 2014  7 30     80     49 0 0
54416 4023 11652    718 2014  7 31     74     51 0 0
54416 4023 11652    718 2014  8  1     72     48 0 0
54416 4023 11652    718 2014  8  2     74     51 0 0
54416 4023 11652    718 2014  8  3     70     50 0 0
54416 4023 11652    718 2014  8  4     77     60 0 0
54416 4023 11652    718 2014  8  5     67     33 0 0
54416 4023 11652    718 2014  8  6     51     16 0 0
54416 4023 11652    718 2014  8  7     54     27 0 0
54416 4023 11652    718 2014  8  8     57     31 0 0
54416 4023 11652    718 2014  8  9     58     35 0 0
54416 4023 11652    718 2014  8 10     66     31 0 0
54416 4023 11652    718 2014  8 11     50     18 0 0
54416 4023 11652    718 2014  8 12     46     21 0 0
54416 4023 11652    718 2014  8 13     80     37 0 0
54416 4023 11652    718 2014  8 14     68     35 0 0
54416 4023 11652    718 2014  8 15     62     24 0 0
54416 4023 11652    718 2014  8 16     53     17 0 0
54416 4023 11652    718 2014  8 17     58     28 0 0
54416 4023 11652    718 2014  8 18     60     36 0 0
54416 4023 11652    718 2014  8 19     59     30 0 0
54416 4023 11652    718 2014  8 20     61     32 0 0
54416 4023 11652    718 2014  8 21     65     35 0 0
54416 4023 11652    718 2014  8 22     74     49 0 0
54416 4023 11652    718 2014  8 23     69     37 0 0
54416 4023 11652    718 2014  8 24     69     30 0 0
54416 4023 11652    718 2014  8 25     56     19 0 0
54416 4023 11652    718 2014  8 26     51     12 0 0
54416 4023 11652    718 2014  8 27     52     16 0 0
54416 4023 11652    718 2014  8 28     68     46 0 0
54416 4023 11652    718 2014  8 29     79     50 0 0
54416 4023 11652    718 2014  8 30     83     68 0 0
54416 4023 11652    718 2014  8 31     84     60 0 0
54416 4023 11652    718 2014  9  1     84     62 0 0
54416 4023 11652    718 2014  9  2     87     77 0 0
54416 4023 11652    718 2014  9  3     70     29 0 0
54416 4023 11652    718 2014  9  4     68     26 0 0
54416 4023 11652    718 2014  9  5     72     45 0 0
54416 4023 11652    718 2014  9  6     75     51 0 0
54416 4023 11652    718 2014  9  7     77     54 0 0
54416 4023 11652    718 2014  9  8     47     20 0 0
54416 4023 11652    718 2014  9  9     64     31 0 0
54416 4023 11652    718 2014  9 10     69     31 0 0
54416 4023 11652    718 2014  9 11     75     52 0 0
54416 4023 11652    718 2014  9 12     88     55 0 0
54416 4023 11652    718 2014  9 13     73     37 0 0
54416 4023 11652    718 2014  9 14     63     27 0 0
54416 4023 11652    718 2014  9 15     61     16 0 0
54416 4023 11652    718 2014  9 16     65     33 0 0
54416 4023 11652    718 2014  9 17     79     47 0 0
54416 4023 11652    718 2014  9 18     68     20 0 0
54416 4023 11652    718 2014  9 19     72     44 0 0
54416 4023 11652    718 2014  9 20     77     34 0 0
54416 4023 11652    718 2014  9 21     76     51 0 0
54416 4023 11652    718 2014  9 22     82     63 0 0
54416 4023 11652    718 2014  9 23     91     85 0 0
54416 4023 11652    718 2014  9 24     76     38 0 0
54416 4023 11652    718 2014  9 25     87     67 0 0
54416 4023 11652    718 2014  9 26     78     65 0 0
54416 4023 11652    718 2014  9 27     66     22 0 0
54416 4023 11652    718 2014  9 28     74     52 0 0
54416 4023 11652    718 2014  9 29     63     22 0 0
54416 4023 11652    718 2014  9 30     61     33 0 0
54416 4023 11652    718 2014 10  1     83     63 0 0
54416 4023 11652    718 2014 10  2     81     44 0 0
54416 4023 11652    718 2014 10  3     83     66 0 0
54416 4023 11652    718 2014 10  4     89     80 0 0
54416 4023 11652    718 2014 10  5     67     27 0 0
54416 4023 11652    718 2014 10  6     69     18 0 0
54416 4023 11652    718 2014 10  7     76     36 0 0
54416 4023 11652    718 2014 10  8     80     52 0 0
54416 4023 11652    718 2014 10  9     84     56 0 0
54416 4023 11652    718 2014 10 10     84     59 0 0
54416 4023 11652    718 2014 10 11     75     41 0 0
54416 4023 11652    718 2014 10 12     37     17 0 0
54416 4023 11652    718 2014 10 13     41     13 0 0
54416 4023 11652    718 2014 10 14     61     25 0 0
54416 4023 11652    718 2014 10 15     52     10 0 0
54416 4023 11652    718 2014 10 16     54     13 0 0
54416 4023 11652    718 2014 10 17     67     24 0 0
54416 4023 11652    718 2014 10 18     64     23 0 0
54416 4023 11652    718 2014 10 19     80     49 0 0
54416 4023 11652    718 2014 10 20     76     45 0 0
54416 4023 11652    718 2014 10 21     52     27 0 0
54416 4023 11652    718 2014 10 22     70     54 0 0
54416 4023 11652    718 2014 10 23     73     54 0 0
54416 4023 11652    718 2014 10 24     85     62 0 0
54416 4023 11652    718 2014 10 25     86     63 0 0
54416 4023 11652    718 2014 10 26     40     10 0 0
54416 4023 11652    718 2014 10 27     43     12 0 0
54416 4023 11652    718 2014 10 28     71     43 0 0
54416 4023 11652    718 2014 10 29     71     34 0 0
54416 4023 11652    718 2014 10 30     72     50 0 0
54416 4023 11652    718 2014 10 31     79     66 0 0
54416 4023 11652    718 2014 11  1     67     19 0 0
54416 4023 11652    718 2014 11  2     25     12 0 0
54416 4023 11652    718 2014 11  3     52     15 0 0
54416 4023 11652    718 2014 11  4     68     27 0 0
54416 4023 11652    718 2014 11  5     53     14 0 0
54416 4023 11652    718 2014 11  6     31     10 0 0
54416 4023 11652    718 2014 11  7     55     22 0 0
54416 4023 11652    718 2014 11  8     68     20 0 0
54416 4023 11652    718 2014 11  9     52     12 0 0
54416 4023 11652    718 2014 11 10     48     14 0 0
54416 4023 11652    718 2014 11 11     58     24 0 0
54416 4023 11652    718 2014 11 12     19     10 0 0
54416 4023 11652    718 2014 11 13     48     14 0 0
54416 4023 11652    718 2014 11 14     39     13 0 0
54416 4023 11652    718 2014 11 15     44     22 0 0
54416 4023 11652    718 2014 11 16     59     26 0 0
54416 4023 11652    718 2014 11 17     51     18 0 0
54416 4023 11652    718 2014 11 18     50     18 0 0
54416 4023 11652    718 2014 11 19     65     37 0 0
54416 4023 11652    718 2014 11 20     77     39 0 0
54416 4023 11652    718 2014 11 21     50     14 0 0
54416 4023 11652    718 2014 11 22     43     14 0 0
54416 4023 11652    718 2014 11 23     76     39 0 0
54416 4023 11652    718 2014 11 24     57     12 0 0
54416 4023 11652    718 2014 11 25     67     46 0 0
54416 4023 11652    718 2014 11 26     77     58 0 0
54416 4023 11652    718 2014 11 27     33     14 0 0
54416 4023 11652    718 2014 11 28     50     22 0 0
54416 4023 11652    718 2014 11 29     79     67 0 0
54416 4023 11652    718 2014 11 30     46      8 0 0
54416 4023 11652    718 2014 12  1     18      9 0 0
54416 4023 11652    718 2014 12  2     33     15 0 0
54416 4023 11652    718 2014 12  3     33     11 0 0
54416 4023 11652    718 2014 12  4     16     12 0 0
54416 4023 11652    718 2014 12  5     43     14 0 0
54416 4023 11652    718 2014 12  6     35     13 0 0
54416 4023 11652    718 2014 12  7     41     17 0 0
54416 4023 11652    718 2014 12  8     55     19 0 0
54416 4023 11652    718 2014 12  9     57     39 0 0
54416 4023 11652    718 2014 12 10     57     18 0 0
54416 4023 11652    718 2014 12 11     44     20 0 0
54416 4023 11652    718 2014 12 12     25     14 0 0
54416 4023 11652    718 2014 12 13     48     15 0 0
54416 4023 11652    718 2014 12 14     45     13 0 0
54416 4023 11652    718 2014 12 15     42     15 0 0
54416 4023 11652    718 2014 12 16     31     15 0 0
54416 4023 11652    718 2014 12 17     43     19 0 0
54416 4023 11652    718 2014 12 18     57     33 0 0
54416 4023 11652    718 2014 12 19     52     17 0 0
54416 4023 11652    718 2014 12 20     47     20 0 0
54416 4023 11652    718 2014 12 21     45     19 0 0
54416 4023 11652    718 2014 12 22     45     17 0 0
54416 4023 11652    718 2014 12 23     45     13 0 0
54416 4023 11652    718 2014 12 24     33     18 0 0
54416 4023 11652    718 2014 12 25     54     23 0 0
54416 4023 11652    718 2014 12 26     60     33 0 0
54416 4023 11652    718 2014 12 27     60     27 0 0
54416 4023 11652    718 2014 12 28     51     19 0 0
54416 4023 11652    718 2014 12 29     40     14 0 0
54416 4023 11652    718 2014 12 30     36     15 0 0
54416 4023 11652    718 2014 12 31     19     12 0 0
54416 4023 11652    718 2015  1  1     27     13 0 0
54416 4023 11652    718 2015  1  2     29     15 0 0
54416 4023 11652    718 2015  1  3     45     21 0 0
54416 4023 11652    718 2015  1  4     37     15 0 0
54416 4023 11652    718 2015  1  5     30     12 0 0
54416 4023 11652    718 2015  1  6     22     11 0 0
54416 4023 11652    718 2015  1  7     34     15 0 0
54416 4023 11652    718 2015  1  8     48     23 0 0
54416 4023 11652    718 2015  1  9     39     14 0 0
54416 4023 11652    718 2015  1 10     40     15 0 0
54416 4023 11652    718 2015  1 11     28     15 0 0
54416 4023 11652    718 2015  1 12     57     30 0 0
54416 4023 11652    718 2015  1 13     61     36 0 0
54416 4023 11652    718 2015  1 14     63     47 0 0
54416 4023 11652    718 2015  1 15     77     53 0 0
54416 4023 11652    718 2015  1 16     57     19 0 0
54416 4023 11652    718 2015  1 17     34     21 0 0
54416 4023 11652    718 2015  1 18     37     17 0 0
54416 4023 11652    718 2015  1 19     36     19 0 0
54416 4023 11652    718 2015  1 20     54     28 0 0
54416 4023 11652    718 2015  1 21     34     13 0 0
54416 4023 11652    718 2015  1 22     43     20 0 0
54416 4023 11652    718 2015  1 23     56     23 0 0
54416 4023 11652    718 2015  1 24     53     30 0 0
54416 4023 11652    718 2015  1 25     83     61 0 0
54416 4023 11652    718 2015  1 26     56     16 0 0
54416 4023 11652    718 2015  1 27     27     15 0 0
54416 4023 11652    718 2015  1 28     27     15 0 0
54416 4023 11652    718 2015  1 29     38     17 0 0
54416 4023 11652    718 2015  1 30     29     12 0 0
54416 4023 11652    718 2015  1 31     24     11 0 0
54416 4023 11652    718 2015  2  1     31     13 9 9
54416 4023 11652    718 2015  2  2     37     19 9 9
54416 4023 11652    718 2015  2  3     46     20 9 9
54416 4023 11652    718 2015  2  4     31     17 9 9
54416 4023 11652    718 2015  2  5     37     18 9 9
54416 4023 11652    718 2015  2  6     42     14 9 9
54416 4023 11652    718 2015  2  7     23      9 9 9
54416 4023 11652    718 2015  2  8     21     10 9 9
54416 4023 11652    718 2015  2  9     31     12 9 9
54416 4023 11652    718 2015  2 10     29     11 9 9
54416 4023 11652    718 2015  2 11     24     14 9 9
54416 4023 11652    718 2015  2 12     40     17 9 9
54416 4023 11652    718 2015  2 13     54     22 9 9
54416 4023 11652    718 2015  2 14     52     21 9 9
54416 4023 11652    718 2015  2 15     46     23 9 9
54416 4023 11652    718 2015  2 16     46     15 9 9
54416 4023 11652    718 2015  2 17     34     19 9 9
54416 4023 11652    718 2015  2 18     32     14 9 9
54416 4023 11652    718 2015  2 19     55     22 9 9
54416 4023 11652    718 2015  2 20     85     66 9 9
54416 4023 11652    718 2015  2 21     72     15 9 9
54416 4023 11652    718 2015  2 22     26     15 9 9
54416 4023 11652    718 2015  2 23     40     14 9 9
54416 4023 11652    718 2015  2 24     63     32 9 9
54416 4023 11652    718 2015  2 25     35     11 9 9
54416 4023 11652    718 2015  2 26     32     11 9 9
54416 4023 11652    718 2015  2 27     31     19 9 9
54416 4023 11652    718 2015  2 28     82     35 9 9
54416 4023 11652    718 2015  3  1     53     12 0 0
54416 4023 11652    718 2015  3  2     40     10 0 0
54416 4023 11652    718 2015  3  3     16     10 0 0
54416 4023 11652    718 2015  3  4     30      8 0 0
54416 4023 11652    718 2015  3  5     37     13 0 0
54416 4023 11652    718 2015  3  6     47     23 0 0
54416 4023 11652    718 2015  3  7     55     18 0 0
54416 4023 11652    718 2015  3  8     46     11 0 0
54416 4023 11652    718 2015  3  9     12      8 0 0
54416 4023 11652    718 2015  3 10     25      9 0 0
54416 4023 11652    718 2015  3 11     24      9 0 0
54416 4023 11652    718 2015  3 12     20      7 0 0
54416 4023 11652    718 2015  3 13     28      8 0 0
54416 4023 11652    718 2015  3 14     43     23 0 0
54416 4023 11652    718 2015  3 15     36      8 0 0
54416 4023 11652    718 2015  3 16     51     14 0 0
54416 4023 11652    718 2015  3 17     50     12 0 0
54416 4023 11652    718 2015  3 18     29     17 0 0
54416 4023 11652    718 2015  3 19     28     10 0 0
54416 4023 11652    718 2015  3 20     20      7 0 0
54416 4023 11652    718 2015  3 21      9      6 0 0
54416 4023 11652    718 2015  3 22     12      6 0 0
54416 4023 11652    718 2015  3 23     30      7 0 0
54416 4023 11652    718 2015  3 24     28     12 0 0
54416 4023 11652    718 2015  3 25     42     23 0 0
54416 4023 11652    718 2015  3 26     41     16 0 0
54416 4023 11652    718 2015  3 27     44     21 0 0
54416 4023 11652    718 2015  3 28     35     16 0 0
54416 4023 11652    718 2015  3 29     38     23 0 0
54416 4023 11652    718 2015  3 30     47     27 0 0
54416 4023 11652    718 2015  3 31     65     37 0 0
54416 4023 11652    718 2015  4  1     48     22 0 0
54416 4023 11652    718 2015  4  2     77     27 0 0
54416 4023 11652    718 2015  4  3     49     28 0 0
54416 4023 11652    718 2015  4  4     51     33 0 0
54416 4023 11652    718 2015  4  5     33     12 0 0
54416 4023 11652    718 2015  4  6     21     12 0 0
54416 4023 11652    718 2015  4  7     23     11 0 0
54416 4023 11652    718 2015  4  8     46     17 0 0
54416 4023 11652    718 2015  4  9     55     30 0 0
54416 4023 11652    718 2015  4 10     54     13 0 0
54416 4023 11652    718 2015  4 11     65     36 0 0
54416 4023 11652    718 2015  4 12     59     37 0 0
54416 4023 11652    718 2015  4 13     41     25 0 0
54416 4023 11652    718 2015  4 14     46     11 0 0
54416 4023 11652    718 2015  4 15     44     24 0 0
54416 4023 11652    718 2015  4 16     12      7 0 0
54416 4023 11652    718 2015  4 17     34     11 0 0
54416 4023 11652    718 2015  4 18     45     31 0 0
54416 4023 11652    718 2015  4 19     34      8 0 0
54416 4023 11652    718 2015  4 20     43      9 0 0
54416 4023 11652    718 2015  4 21     42     11 0 0
54416 4023 11652    718 2015  4 22     35     12 0 0
54416 4023 11652    718 2015  4 23     31      6 0 0
54416 4023 11652    718 2015  4 24     29      8 0 0
54416 4023 11652    718 2015  4 25     35     10 0 0
54416 4023 11652    718 2015  4 26     42     15 0 0
54416 4023 11652    718 2015  4 27     60     32 0 0
54416 4023 11652    718 2015  4 28     68     35 0 0
54416 4023 11652    718 2015  4 29     67     42 0 0
54416 4023 11652    718 2015  4 30     62     38 0 0
54416 4023 11652    718 2015  5  1     70     44 0 0
54416 4023 11652    718 2015  5  2     65     39 0 0
54416 4023 11652    718 2015  5  3     32     10 0 0
54416 4023 11652    718 2015  5  4     19     11 0 0
54416 4023 11652    718 2015  5  5     31      9 0 0
54416 4023 11652    718 2015  5  6     16     10 0 0
54416 4023 11652    718 2015  5  7     25     12 0 0
54416 4023 11652    718 2015  5  8     44     20 0 0
54416 4023 11652    718 2015  5  9     54     34 0 0
54416 4023 11652    718 2015  5 10     80     53 0 0
54416 4023 11652    718 2015  5 11     72     35 0 0
54416 4023 11652    718 2015  5 12     63     21 0 0
54416 4023 11652    718 2015  5 13     58     19 0 0
54416 4023 11652    718 2015  5 14     27     13 0 0
54416 4023 11652    718 2015  5 15     32     17 0 0
54416 4023 11652    718 2015  5 16     43     11 0 0
54416 4023 11652    718 2015  5 17     65     25 0 0
54416 4023 11652    718 2015  5 18     37      9 0 0
54416 4023 11652    718 2015  5 19     24      7 0 0
54416 4023 11652    718 2015  5 20     38     12 0 0
54416 4023 11652    718 2015  5 21     38     16 0 0
54416 4023 11652    718 2015  5 22     47     23 0 0
54416 4023 11652    718 2015  5 23     52     26 0 0
54416 4023 11652    718 2015  5 24     48     21 0 0
54416 4023 11652    718 2015  5 25     45     21 0 0
54416 4023 11652    718 2015  5 26     38     20 0 0
54416 4023 11652    718 2015  5 27     46     25 0 0
54416 4023 11652    718 2015  5 28     50     36 0 0
54416 4023 11652    718 2015  5 29     50     11 0 0
54416 4023 11652    718 2015  5 30     48     15 0 0
54416 4023 11652    718 2015  5 31     45     25 0 0
54416 4023 11652    718 2015  6  1     51     22 0 0
54416 4023 11652    718 2015  6  2     28      7 0 0
54416 4023 11652    718 2015  6  3     32      9 0 0
54416 4023 11652    718 2015  6  4     62     16 0 0
54416 4023 11652    718 2015  6  5     72     29 0 0
54416 4023 11652    718 2015  6  6     59     26 0 0
54416 4023 11652    718 2015  6  7     50     13 0 0
54416 4023 11652    718 2015  6  8     50     19 0 0
54416 4023 11652    718 2015  6  9     49     29 0 0
54416 4023 11652    718 2015  6 10     80     45 0 0
54416 4023 11652    718 2015  6 11     63     27 0 0
54416 4023 11652    718 2015  6 12     53     29 0 0
54416 4023 11652    718 2015  6 13     70     34 0 0
54416 4023 11652    718 2015  6 14     58     23 0 0
54416 4023 11652    718 2015  6 15     58     36 0 0
54416 4023 11652    718 2015  6 16     62     31 0 0
54416 4023 11652    718 2015  6 17     63     27 0 0
54416 4023 11652    718 2015  6 18     40     13 0 0
54416 4023 11652    718 2015  6 19     61     16 0 0
54416 4023 11652    718 2015  6 20     53     28 0 0
54416 4023 11652    718 2015  6 21     55     25 0 0
54416 4023 11652    718 2015  6 22     52     28 0 0
54416 4023 11652    718 2015  6 23     59     44 0 0
54416 4023 11652    718 2015  6 24     64     50 0 0
54416 4023 11652    718 2015  6 25     71     55 0 0
54416 4023 11652    718 2015  6 26     81     47 0 0
54416 4023 11652    718 2015  6 27     76     56 0 0
54416 4023 11652    718 2015  6 28     61     49 0 0
54416 4023 11652    718 2015  6 29     71     56 0 0
54416 4023 11652    718 2015  6 30     60     34 0 0
54416 4023 11652    718 2015  7  1     53     22 0 0
54416 4023 11652    718 2015  7  2     46     14 0 0
54416 4023 11652    718 2015  7  3     36     18 0 0
54416 4023 11652    718 2015  7  4     58     32 0 0
54416 4023 11652    718 2015  7  5     57     26 0 0
54416 4023 11652    718 2015  7  6     54     29 0 0
54416 4023 11652    718 2015  7  7     52     33 0 0
54416 4023 11652    718 2015  7  8     57     39 0 0
54416 4023 11652    718 2015  7  9     47     25 0 0
54416 4023 11652    718 2015  7 10     48     28 0 0
54416 4023 11652    718 2015  7 11     54     32 0 0
54416 4023 11652    718 2015  7 12     53     21 0 0
54416 4023 11652    718 2015  7 13     40     17 0 0
54416 4023 11652    718 2015  7 14     41     24 0 0
54416 4023 11652    718 2015  7 15     49     34 0 0
54416 4023 11652    718 2015  7 16     76     52 0 0
54416 4023 11652    718 2015  7 17     76     51 0 0
54416 4023 11652    718 2015  7 18     77     52 0 0
54416 4023 11652    718 2015  7 19     88     62 0 0
54416 4023 11652    718 2015  7 20     82     58 0 0
54416 4023 11652    718 2015  7 21     82     62 0 0
54416 4023 11652    718 2015  7 22     77     48 0 0
54416 4023 11652    718 2015  7 23     78     54 0 0
54416 4023 11652    718 2015  7 24     71     37 0 0
54416 4023 11652    718 2015  7 25     70     47 0 0
54416 4023 11652    718 2015  7 26     66     45 0 0
54416 4023 11652    718 2015  7 27     72     54 0 0
54416 4023 11652    718 2015  7 28     84     52 0 0
54416 4023 11652    718 2015  7 29     74     58 0 0
54416 4023 11652    718 2015  7 30     78     58 0 0
54416 4023 11652    718 2015  7 31     74     45 0 0
54416 4023 11652    718 2015  8  1     80     62 0 0
54416 4023 11652    718 2015  8  2     82     60 0 0
54416 4023 11652    718 2015  8  3     74     41 0 0
54416 4023 11652    718 2015  8  4     67     35 0 0
54416 4023 11652    718 2015  8  5     73     57 0 0
54416 4023 11652    718 2015  8  6     80     52 0 0
54416 4023 11652    718 2015  8  7     78     43 0 0
54416 4023 11652    718 2015  8  8     77     38 0 0
54416 4023 11652    718 2015  8  9     72     37 0 0
54416 4023 11652    718 2015  8 10     61     22 0 0
54416 4023 11652    718 2015  8 11     63     33 0 0
54416 4023 11652    718 2015  8 12     71     41 0 0
54416 4023 11652    718 2015  8 13     69     52 0 0
54416 4023 11652    718 2015  8 14     65     27 0 0
54416 4023 11652    718 2015  8 15     54     18 0 0
54416 4023 11652    718 2015  8 16     62     33 0 0
54416 4023 11652    718 2015  8 17     68     42 0 0
54416 4023 11652    718 2015  8 18     59     42 0 0
54416 4023 11652    718 2015  8 19     71     43 0 0
54416 4023 11652    718 2015  8 20     64     31 0 0
54416 4023 11652    718 2015  8 21     60     27 0 0
54416 4023 11652    718 2015  8 22     60     34 0 0
54416 4023 11652    718 2015  8 23     83     45 0 0
54416 4023 11652    718 2015  8 24     74     39 0 0
54416 4023 11652    718 2015  8 25     72     34 0 0
54416 4023 11652    718 2015  8 26     67     30 0 0
54416 4023 11652    718 2015  8 27     61     25 0 0
54416 4023 11652    718 2015  8 28     57     24 0 0
54416 4023 11652    718 2015  8 29     64     39 0 0
54416 4023 11652    718 2015  8 30     81     54 0 0
54416 4023 11652    718 2015  8 31     85     66 0 0
54416 4023 11652    718 2015  9  1     86     71 0 0
54416 4023 11652    718 2015  9  2     71     33 0 0
54416 4023 11652    718 2015  9  3     66     27 0 0
54416 4023 11652    718 2015  9  4     81     63 0 0
54416 4023 11652    718 2015  9  5     90     75 0 0
54416 4023 11652    718 2015  9  6     70     32 0 0
54416 4023 11652    718 2015  9  7     75     38 0 0
54416 4023 11652    718 2015  9  8     70     34 0 0
54416 4023 11652    718 2015  9  9     71     53 0 0
54416 4023 11652    718 2015  9 10     75     60 0 0
54416 4023 11652    718 2015  9 11     76     38 0 0
54416 4023 11652    718 2015  9 12     56     23 0 0
54416 4023 11652    718 2015  9 13     65     25 0 0
54416 4023 11652    718 2015  9 14     72     33 0 0
54416 4023 11652    718 2015  9 15     75     38 0 0
54416 4023 11652    718 2015  9 16     77     41 0 0
54416 4023 11652    718 2015  9 17     78     51 0 0
54416 4023 11652    718 2015  9 18     71     29 0 0
54416 4023 11652    718 2015  9 19     58     20 0 0
54416 4023 11652    718 2015  9 20     70     47 0 0
54416 4023 11652    718 2015  9 21     70     35 0 0
54416 4023 11652    718 2015  9 22     73     51 0 0
54416 4023 11652    718 2015  9 23     78     42 0 0
54416 4023 11652    718 2015  9 24     81     57 0 0
54416 4023 11652    718 2015  9 25     69     16 0 0
54416 4023 11652    718 2015  9 26     67     34 0 0
54416 4023 11652    718 2015  9 27     65     16 0 0
54416 4023 11652    718 2015  9 28     81     61 0 0
54416 4023 11652    718 2015  9 29     87     73 0 0
54416 4023 11652    718 2015  9 30     85     65 0 0
54416 4023 11652    718 2015 10  1     56     20 0 0
54416 4023 11652    718 2015 10  2     66     21 0 0
54416 4023 11652    718 2015 10  3     59     32 0 0
54416 4023 11652    718 2015 10  4     78     36 0 0
54416 4023 11652    718 2015 10  5     80     51 0 0
54416 4023 11652    718 2015 10  6     81     51 0 0
54416 4023 11652    718 2015 10  7     82     52 0 0
54416 4023 11652    718 2015 10  8     35     12 0 0
54416 4023 11652    718 2015 10  9     52     16 0 0
54416 4023 11652    718 2015 10 10     38     20 0 0
54416 4023 11652    718 2015 10 11     64     22 0 0
54416 4023 11652    718 2015 10 12     63     19 0 0
54416 4023 11652    718 2015 10 13     60     15 0 0
54416 4023 11652    718 2015 10 14     69     31 0 0
54416 4023 11652    718 2015 10 15     72     32 0 0
54416 4023 11652    718 2015 10 16     79     45 0 0
54416 4023 11652    718 2015 10 17     84     47 0 0
54416 4023 11652    718 2015 10 18     44     28 0 0
54416 4023 11652    718 2015 10 19     72     40 0 0
54416 4023 11652    718 2015 10 20     86     68 0 0
54416 4023 11652    718 2015 10 21     89     72 0 0
54416 4023 11652    718 2015 10 22     89     64 0 0
54416 4023 11652    718 2015 10 23     83     42 0 0
54416 4023 11652    718 2015 10 24     76     29 0 0
54416 4023 11652    718 2015 10 25     67     34 0 0
54416 4023 11652    718 2015 10 26     75     28 0 0
54416 4023 11652    718 2015 10 27     51     18 0 0
54416 4023 11652    718 2015 10 28     44     15 0 0
54416 4023 11652    718 2015 10 29     37     14 0 0
54416 4023 11652    718 2015 10 30     61     20 0 0
54416 4023 11652    718 2015 10 31     58     18 0 0
54416 4023 11652    718 2015 11  1     57     15 0 0
54416 4023 11652    718 2015 11  2     55     16 0 0
54416 4023 11652    718 2015 11  3     70     36 0 0
54416 4023 11652    718 2015 11  4     78     47 0 0
54416 4023 11652    718 2015 11  5     77     63 0 0
54416 4023 11652    718 2015 11  6     85     60 0 0
54416 4023 11652    718 2015 11  7     76     64 0 0
54416 4023 11652    718 2015 11  8     77     60 0 0
54416 4023 11652    718 2015 11  9     89     73 0 0
54416 4023 11652    718 2015 11 10     89     82 0 0
54416 4023 11652    718 2015 11 11     86     68 0 0
54416 4023 11652    718 2015 11 12     90     80 0 0
54416 4023 11652    718 2015 11 13     89     80 0 0
54416 4023 11652    718 2015 11 14     83     61 0 0
54416 4023 11652    718 2015 11 15     75     45 0 0
54416 4023 11652    718 2015 11 16     88     62 0 0
54416 4023 11652    718 2015 11 17     63     30 0 0
54416 4023 11652    718 2015 11 18     67     50 0 0
54416 4023 11652    718 2015 11 19     92     76 0 0
54416 4023 11652    718 2015 11 20     95     92 0 0
54416 4023 11652    718 2015 11 21     92     84 0 0
54416 4023 11652    718 2015 11 22     83     62 0 0
54416 4023 11652    718 2015 11 23     60     39 0 0
54416 4023 11652    718 2015 11 24     59     37 0 0
54416 4023 11652    718 2015 11 25     63     30 0 0
54416 4023 11652    718 2015 11 26     45     30 0 0
54416 4023 11652    718 2015 11 27     71     47 0 0
54416 4023 11652    718 2015 11 28     74     59 0 0
54416 4023 11652    718 2015 11 29     79     51 0 0
54416 4023 11652    718 2015 11 30     78     48 0 0
54416 4023 11652    718 2015 12  1     90     85 0 0
54416 4023 11652    718 2015 12  2     50     21 0 0
54416 4023 11652    718 2015 12  3     29     23 0 0
54416 4023 11652    718 2015 12  4     48     24 0 0
54416 4023 11652    718 2015 12  5     66     28 0 0
54416 4023 11652    718 2015 12  6     71     43 0 0
54416 4023 11652    718 2015 12  7     76     60 0 0
54416 4023 11652    718 2015 12  8     84     77 0 0
54416 4023 11652    718 2015 12  9     93     83 0 0
54416 4023 11652    718 2015 12 10     68     25 0 0
54416 4023 11652    718 2015 12 11     55     25 0 0
54416 4023 11652    718 2015 12 12     67     33 0 0
54416 4023 11652    718 2015 12 13     73     43 0 0
54416 4023 11652    718 2015 12 14     90     70 0 0
54416 4023 11652    718 2015 12 15     39     21 0 0
54416 4023 11652    718 2015 12 16     32     19 0 0
54416 4023 11652    718 2015 12 17     47     22 0 0
54416 4023 11652    718 2015 12 18     60     27 0 0
54416 4023 11652    718 2015 12 19     76     48 0 0
54416 4023 11652    718 2015 12 20     81     60 0 0
54416 4023 11652    718 2015 12 21     78     40 0 0
54416 4023 11652    718 2015 12 22     76     52 0 0
54416 4023 11652    718 2015 12 23     69     27 0 0
54416 4023 11652    718 2015 12 24     52     28 0 0
54416 4023 11652    718 2015 12 25     88     73 0 0
54416 4023 11652    718 2015 12 26     84     65 0 0
54416 4023 11652    718 2015 12 27     37     16 0 0
54416 4023 11652    718 2015 12 28     62     27 0 0
54416 4023 11652    718 2015 12 29     72     46 0 0
54416 4023 11652    718 2015 12 30     61     26 0 0
54416 4023 11652    718 2015 12 31     58     30 0 0
54416 4023 11652    718 2016  1  1     70     41 0 0
54416 4023 11652    718 2016  1  2     69     34 0 0
54416 4023 11652    718 2016  1  3     80     51 0 0
54416 4023 11652    718 2016  1  4     37     21 0 0
54416 4023 11652    718 2016  1  5     40     20 0 0
54416 4023 11652    718 2016  1  6     43     18 0 0
54416 4023 11652    718 2016  1  7     38     21 0 0
54416 4023 11652    718 2016  1  8     35     19 0 0
54416 4023 11652    718 2016  1  9     48     19 0 0
54416 4023 11652    718 2016  1 10     37     21 0 0
54416 4023 11652    718 2016  1 11     30     20 0 0
54416 4023 11652    718 2016  1 12     30     16 0 0
54416 4023 11652    718 2016  1 13     36     15 0 0
54416 4023 11652    718 2016  1 14     40     14 0 0
54416 4023 11652    718 2016  1 15     44     16 0 0
54416 4023 11652    718 2016  1 16     59     34 0 0
54416 4023 11652    718 2016  1 17     55     29 0 0
54416 4023 11652    718 2016  1 18     28     19 0 0
54416 4023 11652    718 2016  1 19     42     22 0 0
54416 4023 11652    718 2016  1 20     50     28 0 0
54416 4023 11652    718 2016  1 21     72     48 0 0
54416 4023 11652    718 2016  1 22     38     16 0 0
54416 4023 11652    718 2016  1 23     24     17 0 0
54416 4023 11652    718 2016  1 24     28     16 0 0
54416 4023 11652    718 2016  1 25     33     13 0 0
54416 4023 11652    718 2016  1 26     43     17 0 0
54416 4023 11652    718 2016  1 27     44     17 0 0
54416 4023 11652    718 2016  1 28     41     18 0 0
54416 4023 11652    718 2016  1 29     41     27 0 0
54416 4023 11652    718 2016  1 30     38     15 0 0
54416 4023 11652    718 2016  1 31     29     16 0 0
54416 4023 11652    718 2016  2  1     38     16 0 0
54416 4023 11652    718 2016  2  2     36     14 0 0
54416 4023 11652    718 2016  2  3     37     15 0 0
54416 4023 11652    718 2016  2  4     26     17 0 0
54416 4023 11652    718 2016  2  5     31     17 0 0
54416 4023 11652    718 2016  2  6     38     16 0 0
54416 4023 11652    718 2016  2  7     38     13 0 0
54416 4023 11652    718 2016  2  8     36     13 0 0
54416 4023 11652    718 2016  2  9     38     18 0 0
54416 4023 11652    718 2016  2 10     45     19 0 0
54416 4023 11652    718 2016  2 11     52     35 0 0
54416 4023 11652    718 2016  2 12     77     42 0 0
54416 4023 11652    718 2016  2 13     45     20 0 0
54416 4023 11652    718 2016  2 14     26     19 0 0
54416 4023 11652    718 2016  2 15     38     20 0 0
54416 4023 11652    718 2016  2 16     45     21 0 0
54416 4023 11652    718 2016  2 17     44     19 0 0
54416 4023 11652    718 2016  2 18     40     14 0 0
54416 4023 11652    718 2016  2 19     29     13 0 0
54416 4023 11652    718 2016  2 20     35     13 0 0
54416 4023 11652    718 2016  2 21     47     22 0 0
54416 4023 11652    718 2016  2 22     45     11 0 0
54416 4023 11652    718 2016  2 23     26     13 0 0
54416 4023 11652    718 2016  2 24     32     15 0 0
54416 4023 11652    718 2016  2 25     34     17 0 0
54416 4023 11652    718 2016  2 26     35     16 0 0
54416 4023 11652    718 2016  2 27     36     22 0 0
54416 4023 11652    718 2016  2 28     51     13 0 0
54416 4023 11652    718 2016  2 29     26     17 0 0
54416 4023 11652    718 2016  3  1     39     23 0 0
54416 4023 11652    718 2016  3  2     43     13 0 0
54416 4023 11652    718 2016  3  3     58     28 0 0
54416 4023 11652    718 2016  3  4     73     46 0 0
54416 4023 11652    718 2016  3  5     19     13 0 0
54416 4023 11652    718 2016  3  6     40     20 0 0
54416 4023 11652    718 2016  3  7     37     10 0 0
54416 4023 11652    718 2016  3  8     16     10 0 0
54416 4023 11652    718 2016  3  9     23     10 0 0
54416 4023 11652    718 2016  3 10     23     12 0 0
54416 4023 11652    718 2016  3 11     31     12 0 0
54416 4023 11652    718 2016  3 12     48     21 0 0
54416 4023 11652    718 2016  3 13     35     12 0 0
54416 4023 11652    718 2016  3 14     33     12 0 0
54416 4023 11652    718 2016  3 15     42     25 0 0
54416 4023 11652    718 2016  3 16     60     29 0 0
54416 4023 11652    718 2016  3 17     64     34 0 0
54416 4023 11652    718 2016  3 18     46     12 0 0
54416 4023 11652    718 2016  3 19     39     19 0 0
54416 4023 11652    718 2016  3 20     42     14 0 0
54416 4023 11652    718 2016  3 21     43     20 0 0
54416 4023 11652    718 2016  3 22     37     25 0 0
54416 4023 11652    718 2016  3 23     18     11 0 0
54416 4023 11652    718 2016  3 24     27     11 0 0
54416 4023 11652    718 2016  3 25     29     12 0 0
54416 4023 11652    718 2016  3 26     25      9 0 0
54416 4023 11652    718 2016  3 27     25      7 0 0
54416 4023 11652    718 2016  3 28     30     10 0 0
54416 4023 11652    718 2016  3 29     24     13 0 0
54416 4023 11652    718 2016  3 30     23     12 0 0
54416 4023 11652    718 2016  3 31     46     25 0 0
54416 4023 11652    718 2016  4  1     42     16 0 0
54416 4023 11652    718 2016  4  2     19      9 0 0
54416 4023 11652    718 2016  4  3     18      9 0 0
54416 4023 11652    718 2016  4  4     35     16 0 0
54416 4023 11652    718 2016  4  5     44     25 0 0
54416 4023 11652    718 2016  4  6     49     27 0 0
54416 4023 11652    718 2016  4  7     49     10 0 0
54416 4023 11652    718 2016  4  8     19      8 0 0
54416 4023 11652    718 2016  4  9     30     10 0 0
54416 4023 11652    718 2016  4 10     27     14 0 0
54416 4023 11652    718 2016  4 11     26     17 0 0
54416 4023 11652    718 2016  4 12     75     32 0 0
54416 4023 11652    718 2016  4 13     63     13 0 0
54416 4023 11652    718 2016  4 14     24     13 0 0
54416 4023 11652    718 2016  4 15     40     21 0 0
54416 4023 11652    718 2016  4 16     53     21 0 0
54416 4023 11652    718 2016  4 17     20     12 0 0
54416 4023 11652    718 2016  4 18     30     12 0 0
54416 4023 11652    718 2016  4 19     43     23 0 0
54416 4023 11652    718 2016  4 20     41     13 0 0
54416 4023 11652    718 2016  4 21     39      9 0 0
54416 4023 11652    718 2016  4 22     10      6 0 0
54416 4023 11652    718 2016  4 23     16      7 0 0
54416 4023 11652    718 2016  4 24     39     21 0 0
54416 4023 11652    718 2016  4 25     48     31 0 0
54416 4023 11652    718 2016  4 26     42     21 0 0
54416 4023 11652    718 2016  4 27     65     46 0 0
54416 4023 11652    718 2016  4 28     52     28 0 0
54416 4023 11652    718 2016  4 29     56     33 0 0
54416 4023 11652    718 2016  4 30     58     26 0 0
54416 4023 11652    718 2016  5  1     67     41 0 0
54416 4023 11652    718 2016  5  2     64     36 0 0
54416 4023 11652    718 2016  5  3     47      9 0 0
54416 4023 11652    718 2016  5  4     39     11 0 0
54416 4023 11652    718 2016  5  5     44     13 0 0
54416 4023 11652    718 2016  5  6     21     12 0 0
54416 4023 11652    718 2016  5  7     28     10 0 0
54416 4023 11652    718 2016  5  8     41     22 0 0
54416 4023 11652    718 2016  5  9     70     40 0 0
54416 4023 11652    718 2016  5 10     52     15 0 0
54416 4023 11652    718 2016  5 11     60     34 0 0
54416 4023 11652    718 2016  5 12     68     18 0 0
54416 4023 11652    718 2016  5 13     50     22 0 0
54416 4023 11652    718 2016  5 14     80     30 0 0
54416 4023 11652    718 2016  5 15     66     13 0 0
54416 4023 11652    718 2016  5 16     44     13 0 0
54416 4023 11652    718 2016  5 17     47     21 0 0
54416 4023 11652    718 2016  5 18     45     31 0 0
54416 4023 11652    718 2016  5 19     49     29 0 0
54416 4023 11652    718 2016  5 20     45     19 0 0
54416 4023 11652    718 2016  5 21     43     21 0 0
54416 4023 11652    718 2016  5 22     46     22 0 0
54416 4023 11652    718 2016  5 23     62     32 0 0
54416 4023 11652    718 2016  5 24     59     18 0 0
54416 4023 11652    718 2016  5 25     63     25 0 0
54416 4023 11652    718 2016  5 26     45     14 0 0
54416 4023 11652    718 2016  5 27     44     21 0 0
54416 4023 11652    718 2016  5 28     47     24 0 0
54416 4023 11652    718 2016  5 29     32     12 0 0
54416 4023 11652    718 2016  5 30     52     23 0 0
54416 4023 11652    718 2016  5 31     43     26 0 0
54416 4023 11652    718 2016  6  1     39     22 0 0
54416 4023 11652    718 2016  6  2     40     18 0 0
54416 4023 11652    718 2016  6  3     44     21 0 0
54416 4023 11652    718 2016  6  4     44     24 0 0
54416 4023 11652    718 2016  6  5     56     35 0 0
54416 4023 11652    718 2016  6  6     66     40 0 0
54416 4023 11652    718 2016  6  7     63     41 0 0
54416 4023 11652    718 2016  6  8     67     29 0 0
54416 4023 11652    718 2016  6  9     55     23 0 0
54416 4023 11652    718 2016  6 10     71     34 0 0
54416 4023 11652    718 2016  6 11     48     23 0 0
54416 4023 11652    718 2016  6 12     58     34 0 0
54416 4023 11652    718 2016  6 13     93     51 0 0
54416 4023 11652    718 2016  6 14     83     69 0 0
54416 4023 11652    718 2016  6 15     60     27 0 0
54416 4023 11652    718 2016  6 16     56     19 0 0
54416 4023 11652    718 2016  6 17     56     34 0 0
54416 4023 11652    718 2016  6 18     58     29 0 0
54416 4023 11652    718 2016  6 19     50     15 0 0
54416 4023 11652    718 2016  6 20     67     31 0 0
54416 4023 11652    718 2016  6 21     81     41 0 0
54416 4023 11652    718 2016  6 22     80     55 0 0
54416 4023 11652    718 2016  6 23     69     40 0 0
54416 4023 11652    718 2016  6 24     54     20 0 0
54416 4023 11652    718 2016  6 25     50     19 0 0
54416 4023 11652    718 2016  6 26     40     19 0 0
54416 4023 11652    718 2016  6 27     51     22 0 0
54416 4023 11652    718 2016  6 28     95     73 0 0
54416 4023 11652    718 2016  6 29     82     57 0 0
54416 4023 11652    718 2016  6 30     74     43 0 0
54416 4023 11652    718 2016  7  1     52     24 0 0
54416 4023 11652    718 2016  7  2     64     31 0 0
54416 4023 11652    718 2016  7  3     62     34 0 0
54416 4023 11652    718 2016  7  4     66     44 0 0
54416 4023 11652    718 2016  7  5     60     39 0 0
54416 4023 11652    718 2016  7  6     62     31 0 0
54416 4023 11652    718 2016  7  7     62     36 0 0
54416 4023 11652    718 2016  7  8     65     51 0 0
54416 4023 11652    718 2016  7  9     64     43 0 0
54416 4023 11652    718 2016  7 10     65     39 0 0
54416 4023 11652    718 2016  7 11     61     40 0 0
54416 4023 11652    718 2016  7 12     73     54 0 0
54416 4023 11652    718 2016  7 13     59     22 0 0
54416 4023 11652    718 2016  7 14     62     34 0 0
54416 4023 11652    718 2016  7 15     91     79 0 0
54416 4023 11652    718 2016  7 16     76     40 0 0
54416 4023 11652    718 2016  7 17     72     43 0 0
54416 4023 11652    718 2016  7 18     73     50 0 0
54416 4023 11652    718 2016  7 19     84     64 0 0
54416 4023 11652    718 2016  7 20     96     94 0 0
54416 4023 11652    718 2016  7 21     93     80 0 0
54416 4023 11652    718 2016  7 22     88     67 0 0
54416 4023 11652    718 2016  7 23     84     66 0 0
54416 4023 11652    718 2016  7 24     85     61 0 0
54416 4023 11652    718 2016  7 25     88     68 0 0
54416 4023 11652    718 2016  7 26     64     37 0 0
54416 4023 11652    718 2016  7 27     69     43 0 0
54416 4023 11652    718 2016  7 28     82     52 0 0
54416 4023 11652    718 2016  7 29     85     66 0 0
54416 4023 11652    718 2016  7 30     88     74 0 0
54416 4023 11652    718 2016  7 31     88     67 0 0
54416 4023 11652    718 2016  8  1     82     60 0 0
54416 4023 11652    718 2016  8  2     73     41 0 0
54416 4023 11652    718 2016  8  3     78     45 0 0
54416 4023 11652    718 2016  8  4     81     60 0 0
54416 4023 11652    718 2016  8  5     73     58 0 0
54416 4023 11652    718 2016  8  6     80     60 0 0
54416 4023 11652    718 2016  8  7     80     39 0 0
54416 4023 11652    718 2016  8  8     67     38 0 0
54416 4023 11652    718 2016  8  9     73     40 0 0
54416 4023 11652    718 2016  8 10     78     61 0 0
54416 4023 11652    718 2016  8 11     79     65 0 0
54416 4023 11652    718 2016  8 12     93     75 0 0
54416 4023 11652    718 2016  8 13     86     56 0 0
54416 4023 11652    718 2016  8 14     68     36 0 0
54416 4023 11652    718 2016  8 15     81     54 0 0
54416 4023 11652    718 2016  8 16     75     47 0 0
54416 4023 11652    718 2016  8 17     87     69 0 0
54416 4023 11652    718 2016  8 18     97     90 0 0
54416 4023 11652    718 2016  8 19     76     42 0 0
54416 4023 11652    718 2016  8 20     76     36 0 0
54416 4023 11652    718 2016  8 21     75     51 0 0
54416 4023 11652    718 2016  8 22     75     43 0 0
54416 4023 11652    718 2016  8 23     79     59 0 0
54416 4023 11652    718 2016  8 24     77     52 0 0
54416 4023 11652    718 2016  8 25     54     24 0 0
54416 4023 11652    718 2016  8 26     59     23 0 0
54416 4023 11652    718 2016  8 27     66     26 0 0
54416 4023 11652    718 2016  8 28     60     21 0 0
54416 4023 11652    718 2016  8 29     56     24 0 0
54416 4023 11652    718 2016  8 30     66     34 0 0
54416 4023 11652    718 2016  8 31     54     12 0 0
54416 4023 11652    718 2016  9  1     49     18 0 0
54416 4023 11652    718 2016  9  2     70     44 0 0
54416 4023 11652    718 2016  9  3     75     43 0 0
54416 4023 11652    718 2016  9  4     77     57 0 0
54416 4023 11652    718 2016  9  5     80     41 0 0
54416 4023 11652    718 2016  9  6     78     43 0 0
54416 4023 11652    718 2016  9  7     76     45 0 0
54416 4023 11652    718 2016  9  8     74     30 0 0
54416 4023 11652    718 2016  9  9     68     31 0 0
54416 4023 11652    718 2016  9 10     65     31 0 0
54416 4023 11652    718 2016  9 11     87     59 0 0
54416 4023 11652    718 2016  9 12     80     47 0 0
54416 4023 11652    718 2016  9 13     86     60 0 0
54416 4023 11652    718 2016  9 14     80     60 0 0
54416 4023 11652    718 2016  9 15     81     39 0 0
54416 4023 11652    718 2016  9 16     84     46 0 0
54416 4023 11652    718 2016  9 17     84     65 0 0
54416 4023 11652    718 2016  9 18     94     60 0 0
54416 4023 11652    718 2016  9 19     69     30 0 0
54416 4023 11652    718 2016  9 20     69     29 0 0
54416 4023 11652    718 2016  9 21     89     69 0 0
54416 4023 11652    718 2016  9 22     84     56 0 0
54416 4023 11652    718 2016  9 23     86     54 0 0
54416 4023 11652    718 2016  9 24     88     61 0 0
54416 4023 11652    718 2016  9 25     84     63 0 0
54416 4023 11652    718 2016  9 26     94     83 0 0
54416 4023 11652    718 2016  9 27     54     32 0 0
54416 4023 11652    718 2016  9 28     60     22 0 0
54416 4023 11652    718 2016  9 29     70     32 0 0
54416 4023 11652    718 2016  9 30     73     38 0 0
54416 4023 11652    718 2016 10  1     74     39 0 0
54416 4023 11652    718 2016 10  2     73     47 0 0
54416 4023 11652    718 2016 10  3     72     25 0 0
54416 4023 11652    718 2016 10  4     84     51 0 0
54416 4023 11652    718 2016 10  5     90     68 0 0
54416 4023 11652    718 2016 10  6     94     85 0 0
54416 4023 11652    718 2016 10  7     97     88 0 0
54416 4023 11652    718 2016 10  8     66     24 0 0
54416 4023 11652    718 2016 10  9     78     34 0 0
54416 4023 11652    718 2016 10 10     84     45 0 0
54416 4023 11652    718 2016 10 11     80     28 0 0
54416 4023 11652    718 2016 10 12     83     65 0 0
54416 4023 11652    718 2016 10 13     85     59 0 0
54416 4023 11652    718 2016 10 14     89     63 0 0
54416 4023 11652    718 2016 10 15     91     66 0 0
54416 4023 11652    718 2016 10 16     91     74 0 0
54416 4023 11652    718 2016 10 17     76     22 0 0
54416 4023 11652    718 2016 10 18     89     75 0 0
54416 4023 11652    718 2016 10 19     90     70 0 0
54416 4023 11652    718 2016 10 20     81     54 0 0
54416 4023 11652    718 2016 10 21     96     85 0 0
54416 4023 11652    718 2016 10 22     67     49 0 0
54416 4023 11652    718 2016 10 23     56     19 0 0
54416 4023 11652    718 2016 10 24     73     38 0 0
54416 4023 11652    718 2016 10 25     85     48 0 0
54416 4023 11652    718 2016 10 26     52     17 0 0
54416 4023 11652    718 2016 10 27     76     48 0 0
54416 4023 11652    718 2016 10 28     60     16 0 0
54416 4023 11652    718 2016 10 29     64     23 0 0
54416 4023 11652    718 2016 10 30     63     28 0 0
54416 4023 11652    718 2016 10 31     30     14 0 0
54416 4023 11652    718 2016 11  1     66     25 0 0
54416 4023 11652    718 2016 11  2     74     32 0 0
54416 4023 11652    718 2016 11  3     82     51 0 0
54416 4023 11652    718 2016 11  4     88     59 0 0
54416 4023 11652    718 2016 11  5     88     24 0 0
54416 4023 11652    718 2016 11  6     56     37 0 0
54416 4023 11652    718 2016 11  7     53     23 0 0
54416 4023 11652    718 2016 11  8     64     27 0 0
54416 4023 11652    718 2016 11  9     80     57 0 0
54416 4023 11652    718 2016 11 10     76     65 0 0
54416 4023 11652    718 2016 11 11     77     38 0 0
54416 4023 11652    718 2016 11 12     66     39 0 0
54416 4023 11652    718 2016 11 13     77     66 0 0
54416 4023 11652    718 2016 11 14     36     10 0 0
54416 4023 11652    718 2016 11 15     48     16 0 0
54416 4023 11652    718 2016 11 16     74     33 0 0
54416 4023 11652    718 2016 11 17     77     56 0 0
54416 4023 11652    718 2016 11 18     93     66 0 0
54416 4023 11652    718 2016 11 19     74     28 0 0
54416 4023 11652    718 2016 11 20     90     79 0 0
54416 4023 11652    718 2016 11 21     59     25 0 0
54416 4023 11652    718 2016 11 22     35     23 0 0
54416 4023 11652    718 2016 11 23     46     20 0 0
54416 4023 11652    718 2016 11 24     63     26 0 0
54416 4023 11652    718 2016 11 25     67     35 0 0
54416 4023 11652    718 2016 11 26     69     21 0 0
54416 4023 11652    718 2016 11 27     51     21 0 0
54416 4023 11652    718 2016 11 28     59     22 0 0
54416 4023 11652    718 2016 11 29     68     46 0 0
54416 4023 11652    718 2016 11 30     63     32 0 0
54416 4023 11652    718 2016 12  1     62     20 0 0
54416 4023 11652    718 2016 12  2     63     23 0 0
54416 4023 11652    718 2016 12  3     69     41 0 0
54416 4023 11652    718 2016 12  4     69     31 0 0
54416 4023 11652    718 2016 12  5     53     12 0 0
54416 4023 11652    718 2016 12  6     54     21 0 0
54416 4023 11652    718 2016 12  7     65     34 0 0
54416 4023 11652    718 2016 12  8     55     22 0 0
54416 4023 11652    718 2016 12  9     52     23 0 0
54416 4023 11652    718 2016 12 10     53     17 0 0
54416 4023 11652    718 2016 12 11     67     44 0 0
54416 4023 11652    718 2016 12 12     66     43 0 0
54416 4023 11652    718 2016 12 13     31     18 0 0
54416 4023 11652    718 2016 12 14     37     23 0 0
54416 4023 11652    718 2016 12 15     48     21 0 0
54416 4023 11652    718 2016 12 16     54     25 0 0
54416 4023 11652    718 2016 12 17     60     27 0 0
54416 4023 11652    718 2016 12 18     68     29 0 0
54416 4023 11652    718 2016 12 19     66     27 0 0
54416 4023 11652    718 2016 12 20     79     41 0 0
54416 4023 11652    718 2016 12 21     79     57 0 0
54416 4023 11652    718 2016 12 22     46     24 0 0
54416 4023 11652    718 2016 12 23     41     25 0 0
54416 4023 11652    718 2016 12 24     66     42 0 0
54416 4023 11652    718 2016 12 25     70     55 0 0
54416 4023 11652    718 2016 12 26     34     16 0 0
54416 4023 11652    718 2016 12 27     39     24 0 0
54416 4023 11652    718 2016 12 28     49     22 0 0
54416 4023 11652    718 2016 12 29     44     19 0 0
54416 4023 11652    718 2016 12 30     59     33 0 0
54416 4023 11652    718 2016 12 31     62     28 0 0
54416 4023 11652    718 2017  1  1     77     50 0 0
54416 4023 11652    718 2017  1  2     62     18 0 0
54416 4023 11652    718 2017  1  3     62     22 0 0
54416 4023 11652    718 2017  1  4     61     31 0 0
54416 4023 11652    718 2017  1  5     76     49 0 0
54416 4023 11652    718 2017  1  6     75     52 0 0
54416 4023 11652    718 2017  1  7     86     76 0 0
54416 4023 11652    718 2017  1  8     69     38 0 0
54416 4023 11652    718 2017  1  9     42     24 0 0
54416 4023 11652    718 2017  1 10     39     12 0 0
54416 4023 11652    718 2017  1 11     54     20 0 0
54416 4023 11652    718 2017  1 12     48     21 0 0
54416 4023 11652    718 2017  1 13     23     12 0 0
54416 4023 11652    718 2017  1 14     27     14 0 0
54416 4023 11652    718 2017  1 15     70     30 0 0
54416 4023 11652    718 2017  1 16     73     66 0 0
54416 4023 11652    718 2017  1 17     74     50 0 0
54416 4023 11652    718 2017  1 18     45     23 0 0
54416 4023 11652    718 2017  1 19     48     18 0 0
54416 4023 11652    718 2017  1 20     35     20 0 0
54416 4023 11652    718 2017  1 21     45     14 0 0
54416 4023 11652    718 2017  1 22     35     18 0 0
54416 4023 11652    718 2017  1 23     39     21 0 0
54416 4023 11652    718 2017  1 24     48     19 0 0
54416 4023 11652    718 2017  1 25     54     32 0 0
54416 4023 11652    718 2017  1 26     53     18 0 0
54416 4023 11652    718 2017  1 27     43     21 0 0
54416 4023 11652    718 2017  1 28     51     30 0 0
54416 4023 11652    718 2017  1 29     30     21 0 0
54416 4023 11652    718 2017  1 30     24     12 0 0
54416 4023 11652    718 2017  1 31     33     11 0 0
54416 4023 11652    718 2017  2  1     21      9 0 0
54416 4023 11652    718 2017  2  2     32     11 0 0
54416 4023 11652    718 2017  2  3     37     18 0 0
54416 4023 11652    718 2017  2  4     50     26 0 0
54416 4023 11652    718 2017  2  5     37     13 0 0
54416 4023 11652    718 2017  2  6     27     12 0 0
54416 4023 11652    718 2017  2  7     54     29 0 0
54416 4023 11652    718 2017  2  8     37     13 0 0
54416 4023 11652    718 2017  2  9     24     14 0 0
54416 4023 11652    718 2017  2 10     19     11 0 0
54416 4023 11652    718 2017  2 11     33     13 0 0
54416 4023 11652    718 2017  2 12     35     14 0 0
54416 4023 11652    718 2017  2 13     38     13 0 0
54416 4023 11652    718 2017  2 14     65     32 0 0
54416 4023 11652    718 2017  2 15     63     33 0 0
54416 4023 11652    718 2017  2 16     33     17 0 0
54416 4023 11652    718 2017  2 17     24     10 0 0
54416 4023 11652    718 2017  2 18     33     13 0 0
54416 4023 11652    718 2017  2 19     32     12 0 0
54416 4023 11652    718 2017  2 20     22     12 0 0
54416 4023 11652    718 2017  2 21     56     25 0 0
54416 4023 11652    718 2017  2 22     67     31 0 0
54416 4023 11652    718 2017  2 23     43     20 0 0
54416 4023 11652    718 2017  2 24     46     17 0 0
54416 4023 11652    718 2017  2 25     45     21 0 0
54416 4023 11652    718 2017  2 26     47     20 0 0
54416 4023 11652    718 2017  2 27     48     19 0 0
54416 4023 11652    718 2017  2 28     36     13 0 0
54416 4023 11652    718 2017  3  1     19     11 0 0
54416 4023 11652    718 2017  3  2     36     13 0 0
54416 4023 11652    718 2017  3  3     37     14 0 0
54416 4023 11652    718 2017  3  4     48     22 0 0
54416 4023 11652    718 2017  3  5     23     14 0 0
54416 4023 11652    718 2017  3  6     36     14 0 0
54416 4023 11652    718 2017  3  7     26     16 0 0
54416 4023 11652    718 2017  3  8     37     11 0 0
54416 4023 11652    718 2017  3  9     33     10 0 0
54416 4023 11652    718 2017  3 10     31      9 0 0
54416 4023 11652    718 2017  3 11     25     11 0 0
54416 4023 11652    718 2017  3 12     19      8 0 0
54416 4023 11652    718 2017  3 13     27     10 0 0
54416 4023 11652    718 2017  3 14     30     11 0 0
54416 4023 11652    718 2017  3 15     45     21 0 0
54416 4023 11652    718 2017  3 16     45     19 0 0
54416 4023 11652    718 2017  3 17     50     35 0 0
54416 4023 11652    718 2017  3 18     46     15 0 0
54416 4023 11652    718 2017  3 19     54     28 0 0
54416 4023 11652    718 2017  3 20     78     46 0 0
54416 4023 11652    718 2017  3 21     64     17 0 0
54416 4023 11652    718 2017  3 22     61     33 0 0
54416 4023 11652    718 2017  3 23     70     47 0 0
54416 4023 11652    718 2017  3 24     88     78 0 0
54416 4023 11652    718 2017  3 25     65     27 0 0
54416 4023 11652    718 2017  3 26     38     21 0 0
54416 4023 11652    718 2017  3 27     52     17 0 0
54416 4023 11652    718 2017  3 28     48     20 0 0
54416 4023 11652    718 2017  3 29     58     27 0 0
54416 4023 11652    718 2017  3 30     46     24 0 0
54416 4023 11652    718 2017  3 31     25     14 0 0
54416 4023 11652    718 2017  4  1     32     12 0 0
54416 4023 11652    718 2017  4  2     37     11 0 0
54416 4023 11652    718 2017  4  3     42     22 0 0
54416 4023 11652    718 2017  4  4     49     31 0 0
54416 4023 11652    718 2017  4  5     64     47 0 0
54416 4023 11652    718 2017  4  6     55     19 0 0
54416 4023 11652    718 2017  4  7     53     43 0 0
54416 4023 11652    718 2017  4  8     42     12 0 0
54416 4023 11652    718 2017  4  9     39     15 0 0
54416 4023 11652    718 2017  4 10     45     30 0 0
54416 4023 11652    718 2017  4 11     31      7 0 0
54416 4023 11652    718 2017  4 12     27     10 0 0
54416 4023 11652    718 2017  4 13     36     15 0 0
54416 4023 11652    718 2017  4 14     41     13 0 0
54416 4023 11652    718 2017  4 15     32      9 0 0
54416 4023 11652    718 2017  4 16     36     16 0 0
54416 4023 11652    718 2017  4 17     52     20 0 0
54416 4023 11652    718 2017  4 18     19      8 0 0
54416 4023 11652    718 2017  4 19     50     29 0 0
54416 4023 11652    718 2017  4 20     50     13 0 0
54416 4023 11652    718 2017  4 21     37     15 0 0
54416 4023 11652    718 2017  4 22     36     12 0 0
54416 4023 11652    718 2017  4 23     28     14 0 0
54416 4023 11652    718 2017  4 24     28      6 0 0
54416 4023 11652    718 2017  4 25     24     10 0 0
54416 4023 11652    718 2017  4 26     33     11 0 0
54416 4023 11652    718 2017  4 27     32      7 0 0
54416 4023 11652    718 2017  4 28     30     12 0 0
54416 4023 11652    718 2017  4 29     36     10 0 0
54416 4023 11652    718 2017  4 30     31     12 0 0
54416 4023 11652    718 2017  5  1     39     15 0 0
54416 4023 11652    718 2017  5  2     45     22 0 0
54416 4023 11652    718 2017  5  3     51     26 0 0
54416 4023 11652    718 2017  5  4     35     11 0 0
54416 4023 11652    718 2017  5  5     28      9 0 0
54416 4023 11652    718 2017  5  6     31     12 0 0
54416 4023 11652    718 2017  5  7     31     12 0 0
54416 4023 11652    718 2017  5  8     45     21 0 0
54416 4023 11652    718 2017  5  9     50     26 0 0
54416 4023 11652    718 2017  5 10     45     13 0 0
54416 4023 11652    718 2017  5 11     28      7 0 0
54416 4023 11652    718 2017  5 12     20      7 0 0
54416 4023 11652    718 2017  5 13     26     11 0 0
54416 4023 11652    718 2017  5 14     25     13 0 0
54416 4023 11652    718 2017  5 15     32     13 0 0
54416 4023 11652    718 2017  5 16     35     24 0 0
54416 4023 11652    718 2017  5 17     49     26 0 0
54416 4023 11652    718 2017  5 18     51     31 0 0
54416 4023 11652    718 2017  5 19     52     28 0 0
54416 4023 11652    718 2017  5 20     46     20 0 0
54416 4023 11652    718 2017  5 21     48     32 0 0
54416 4023 11652    718 2017  5 22     80     46 0 0
54416 4023 11652    718 2017  5 23     54     20 0 0
54416 4023 11652    718 2017  5 24     44     12 0 0
54416 4023 11652    718 2017  5 25     45     21 0 0
54416 4023 11652    718 2017  5 26     42     27 0 0
54416 4023 11652    718 2017  5 27     47     29 0 0
54416 4023 11652    718 2017  5 28     47     17 0 0
54416 4023 11652    718 2017  5 29     52     34 0 0
54416 4023 11652    718 2017  5 30     68     40 0 0
54416 4023 11652    718 2017  5 31     58     28 0 0
54416 4023 11652    718 2017  6  1     36     13 0 0
54416 4023 11652    718 2017  6  2     40     27 0 0
54416 4023 11652    718 2017  6  3     50     22 0 0
54416 4023 11652    718 2017  6  4     40     14 0 0
54416 4023 11652    718 2017  6  5     42     25 0 0
54416 4023 11652    718 2017  6  6     86     27 0 0
54416 4023 11652    718 2017  6  7     60     18 0 0
54416 4023 11652    718 2017  6  8     57     21 0 0
54416 4023 11652    718 2017  6  9     45     13 0 0
54416 4023 11652    718 2017  6 10     29     15 0 0
54416 4023 11652    718 2017  6 11     33     14 0 0
54416 4023 11652    718 2017  6 12     41     26 0 0
54416 4023 11652    718 2017  6 13     45     29 0 0
54416 4023 11652    718 2017  6 14     41     15 0 0
54416 4023 11652    718 2017  6 15     33     12 0 0
54416 4023 11652    718 2017  6 16     34     13 0 0
54416 4023 11652    718 2017  6 17     32     22 0 0
54416 4023 11652    718 2017  6 18     47     26 0 0
54416 4023 11652    718 2017  6 19     60     22 0 0
54416 4023 11652    718 2017  6 20     60     27 0 0
54416 4023 11652    718 2017  6 21     57     36 0 0
54416 4023 11652    718 2017  6 22     83     50 0 0
54416 4023 11652    718 2017  6 23     93     77 0 0
54416 4023 11652    718 2017  6 24     78     45 0 0
54416 4023 11652    718 2017  6 25     73     34 0 0
54416 4023 11652    718 2017  6 26     60     28 0 0
54416 4023 11652    718 2017  6 27     64     40 0 0
54416 4023 11652    718 2017  6 28     70     42 0 0
54416 4023 11652    718 2017  6 29     60     30 0 0
54416 4023 11652    718 2017  6 30     62     42 0 0
