54511 3948 11628    313 2013 12  1     47     18 0 0
54511 3948 11628    313 2013 12  2     47     19 0 0
54511 3948 11628    313 2013 12  3     42     16 0 0
54511 3948 11628    313 2013 12  4     47     20 0 0
54511 3948 11628    313 2013 12  5     32     16 0 0
54511 3948 11628    313 2013 12  6     50     27 0 0
54511 3948 11628    313 2013 12  7     74     57 0 0
54511 3948 11628    313 2013 12  8     66     20 0 0
54511 3948 11628    313 2013 12  9     29     18 0 0
54511 3948 11628    313 2013 12 10     38     17 0 0
54511 3948 11628    313 2013 12 11     28     18 0 0
54511 3948 11628    313 2013 12 12     26     13 0 0
54511 3948 11628    313 2013 12 13     31     16 0 0
54511 3948 11628    313 2013 12 14     28     14 0 0
54511 3948 11628    313 2013 12 15     31     15 0 0
54511 3948 11628    313 2013 12 16     41     29 0 0
54511 3948 11628    313 2013 12 17     49     24 0 0
54511 3948 11628    313 2013 12 18     37     24 0 0
54511 3948 11628    313 2013 12 19     44     23 0 0
54511 3948 11628    313 2013 12 20     36     19 0 0
54511 3948 11628    313 2013 12 21     36     24 0 0
54511 3948 11628    313 2013 12 22     52     27 0 0
54511 3948 11628    313 2013 12 23     55     24 0 0
54511 3948 11628    313 2013 12 24     61     41 0 0
54511 3948 11628    313 2013 12 25     55     18 0 0
54511 3948 11628    313 2013 12 26     22     17 0 0
54511 3948 11628    313 2013 12 27     25     18 0 0
54511 3948 11628    313 2013 12 28     24     13 0 0
54511 3948 11628    313 2013 12 29     31     11 0 0
54511 3948 11628    313 2013 12 30     19     13 0 0
54511 3948 11628    313 2013 12 31     25     16 0 0
54511 3948 11628    313 2014  1  1     33     15 0 0
54511 3948 11628    313 2014  1  2     55     32 0 0
54511 3948 11628    313 2014  1  3     31     18 0 0
54511 3948 11628    313 2014  1  4     74     31 0 0
54511 3948 11628    313 2014  1  5     46     24 0 0
54511 3948 11628    313 2014  1  6     77     37 0 0
54511 3948 11628    313 2014  1  7     51     17 0 0
54511 3948 11628    313 2014  1  8     20     13 0 0
54511 3948 11628    313 2014  1  9     19      9 0 0
54511 3948 11628    313 2014  1 10     31     12 0 0
54511 3948 11628    313 2014  1 11     40     17 0 0
54511 3948 11628    313 2014  1 12     21     13 0 0
54511 3948 11628    313 2014  1 13     37     18 0 0
54511 3948 11628    313 2014  1 14     53     32 0 0
54511 3948 11628    313 2014  1 15     49     18 0 0
54511 3948 11628    313 2014  1 16     68     28 0 0
54511 3948 11628    313 2014  1 17     67     31 0 0
54511 3948 11628    313 2014  1 18     59     22 0 0
54511 3948 11628    313 2014  1 19     54     19 0 0
54511 3948 11628    313 2014  1 20     23     18 0 0
54511 3948 11628    313 2014  1 21     25     16 0 0
54511 3948 11628    313 2014  1 22     35     17 0 0
54511 3948 11628    313 2014  1 23     51     35 0 0
54511 3948 11628    313 2014  1 24     34     12 0 0
54511 3948 11628    313 2014  1 25     23     10 0 0
54511 3948 11628    313 2014  1 26     61     20 0 0
54511 3948 11628    313 2014  1 27     51      8 0 0
54511 3948 11628    313 2014  1 28     36     11 0 0
54511 3948 11628    313 2014  1 29     67     46 0 0
54511 3948 11628    313 2014  1 30     43     10 0 0
54511 3948 11628    313 2014  1 31     71     54 0 0
54511 3948 11628    313 2014  2  1     86     72 0 0
54511 3948 11628    313 2014  2  2     51      9 0 0
54511 3948 11628    313 2014  2  3      9      6 0 0
54511 3948 11628    313 2014  2  4     12      8 0 0
54511 3948 11628    313 2014  2  5     36     15 0 0
54511 3948 11628    313 2014  2  6     49     30 0 0
54511 3948 11628    313 2014  2  7     83     43 0 0
54511 3948 11628    313 2014  2  8     59     24 0 0
54511 3948 11628    313 2014  2  9     31     19 0 0
54511 3948 11628    313 2014  2 10     34     23 0 0
54511 3948 11628    313 2014  2 11     54     32 0 0
54511 3948 11628    313 2014  2 12     51     22 0 0
54511 3948 11628    313 2014  2 13     65     47 0 0
54511 3948 11628    313 2014  2 14     69     46 0 0
54511 3948 11628    313 2014  2 15     71     52 0 0
54511 3948 11628    313 2014  2 16     64     32 0 0
54511 3948 11628    313 2014  2 17     35     20 0 0
54511 3948 11628    313 2014  2 18     50     36 0 0
54511 3948 11628    313 2014  2 19     50     23 0 0
54511 3948 11628    313 2014  2 20     84     41 0 0
54511 3948 11628    313 2014  2 21     76     55 0 0
54511 3948 11628    313 2014  2 22     66     56 0 0
54511 3948 11628    313 2014  2 23     66     61 0 0
54511 3948 11628    313 2014  2 24     63     52 0 0
54511 3948 11628    313 2014  2 25     69     50 0 0
54511 3948 11628    313 2014  2 26     73     56 0 0
54511 3948 11628    313 2014  2 27     27     16 0 0
54511 3948 11628    313 2014  2 28     51     28 0 0
54511 3948 11628    313 2014  3  1     29      8 0 0
54511 3948 11628    313 2014  3  2     54     19 0 0
54511 3948 11628    313 2014  3  3     64     43 0 0
54511 3948 11628    313 2014  3  4     25      6 0 0
54511 3948 11628    313 2014  3  5     21      9 0 0
54511 3948 11628    313 2014  3  6     13      7 0 0
54511 3948 11628    313 2014  3  7     35     10 0 0
54511 3948 11628    313 2014  3  8     53     19 0 0
54511 3948 11628    313 2014  3  9     45     23 0 0
54511 3948 11628    313 2014  3 10     59     34 0 0
54511 3948 11628    313 2014  3 11     53     23 0 0
54511 3948 11628    313 2014  3 12     18      9 0 0
54511 3948 11628    313 2014  3 13     16      9 0 0
54511 3948 11628    313 2014  3 14     12      9 0 0
54511 3948 11628    313 2014  3 15     26     12 0 0
54511 3948 11628    313 2014  3 16     31     18 0 0
54511 3948 11628    313 2014  3 17     39     15 0 0
54511 3948 11628    313 2014  3 18     26     20 0 0
54511 3948 11628    313 2014  3 19     37     27 0 0
54511 3948 11628    313 2014  3 20     17     10 0 0
54511 3948 11628    313 2014  3 21     18      9 0 0
54511 3948 11628    313 2014  3 22     21      6 0 0
54511 3948 11628    313 2014  3 23     35     10 0 0
54511 3948 11628    313 2014  3 24     51     29 0 0
54511 3948 11628    313 2014  3 25     48     29 0 0
54511 3948 11628    313 2014  3 26     63     40 0 0
54511 3948 11628    313 2014  3 27     66     45 0 0
54511 3948 11628    313 2014  3 28     58     34 0 0
54511 3948 11628    313 2014  3 29     36     24 0 0
54511 3948 11628    313 2014  3 30     32     10 0 0
54511 3948 11628    313 2014  3 31     50     17 0 0
54511 3948 11628    313 2014  4  1     60     13 0 0
54511 3948 11628    313 2014  4  2     47     27 0 0
54511 3948 11628    313 2014  4  3     22      4 0 0
54511 3948 11628    313 2014  4  4     27      5 0 0
54511 3948 11628    313 2014  4  5     27      8 0 0
54511 3948 11628    313 2014  4  6     28      8 0 0
54511 3948 11628    313 2014  4  7     38     19 0 0
54511 3948 11628    313 2014  4  8     44     23 0 0
54511 3948 11628    313 2014  4  9     42      8 0 0
54511 3948 11628    313 2014  4 10     34     18 0 0
54511 3948 11628    313 2014  4 11     35     21 0 0
54511 3948 11628    313 2014  4 12     37     20 0 0
54511 3948 11628    313 2014  4 13     51     31 0 0
54511 3948 11628    313 2014  4 14     62     43 0 0
54511 3948 11628    313 2014  4 15     45     24 0 0
54511 3948 11628    313 2014  4 16     27     11 0 0
54511 3948 11628    313 2014  4 17     63     25 0 0
54511 3948 11628    313 2014  4 18     68     44 0 0
54511 3948 11628    313 2014  4 19     57     31 0 0
54511 3948 11628    313 2014  4 20     50     19 0 0
54511 3948 11628    313 2014  4 21     36     13 0 0
54511 3948 11628    313 2014  4 22     39     17 0 0
54511 3948 11628    313 2014  4 23     60     35 0 0
54511 3948 11628    313 2014  4 24     57     41 0 0
54511 3948 11628    313 2014  4 25     47     29 0 0
54511 3948 11628    313 2014  4 26     63     21 0 0
54511 3948 11628    313 2014  4 27     52     14 0 0
54511 3948 11628    313 2014  4 28     42     18 0 0
54511 3948 11628    313 2014  4 29     41     22 0 0
54511 3948 11628    313 2014  4 30     48     29 0 0
54511 3948 11628    313 2014  5  1     55     26 0 0
54511 3948 11628    313 2014  5  2     28     11 0 0
54511 3948 11628    313 2014  5  3     33     10 0 0
54511 3948 11628    313 2014  5  4     17      8 0 0
54511 3948 11628    313 2014  5  5     24     10 0 0
54511 3948 11628    313 2014  5  6     39     20 0 0
54511 3948 11628    313 2014  5  7     37     10 0 0
54511 3948 11628    313 2014  5  8     53     21 0 0
54511 3948 11628    313 2014  5  9     45     33 0 0
54511 3948 11628    313 2014  5 10     46     32 0 0
54511 3948 11628    313 2014  5 11     87     38 0 0
54511 3948 11628    313 2014  5 12     52     20 0 0
54511 3948 11628    313 2014  5 13     35     12 0 0
54511 3948 11628    313 2014  5 14     21     10 0 0
54511 3948 11628    313 2014  5 15     30     13 0 0
54511 3948 11628    313 2014  5 16     27     14 0 0
54511 3948 11628    313 2014  5 17     34     21 0 0
54511 3948 11628    313 2014  5 18     41     24 0 0
54511 3948 11628    313 2014  5 19     51     34 0 0
54511 3948 11628    313 2014  5 20     41     17 0 0
54511 3948 11628    313 2014  5 21     48     36 0 0
54511 3948 11628    313 2014  5 22     49     18 0 0
54511 3948 11628    313 2014  5 23     38     25 0 0
54511 3948 11628    313 2014  5 24     80     36 0 0
54511 3948 11628    313 2014  5 25     53     12 0 0
54511 3948 11628    313 2014  5 26     25     12 0 0
54511 3948 11628    313 2014  5 27     20      9 0 0
54511 3948 11628    313 2014  5 28     25     11 0 0
54511 3948 11628    313 2014  5 29     25      7 0 0
54511 3948 11628    313 2014  5 30     37     21 0 0
54511 3948 11628    313 2014  5 31     46     35 0 0
54511 3948 11628    313 2014  6  1     59     33 0 0
54511 3948 11628    313 2014  6  2     54     38 0 0
54511 3948 11628    313 2014  6  3     46     27 0 0
54511 3948 11628    313 2014  6  4     48     34 0 0
54511 3948 11628    313 2014  6  5     46     27 0 0
54511 3948 11628    313 2014  6  6     74     38 0 0
54511 3948 11628    313 2014  6  7     49     19 0 0
54511 3948 11628    313 2014  6  8     52     28 0 0
54511 3948 11628    313 2014  6  9     54     23 0 0
54511 3948 11628    313 2014  6 10     68     45 0 0
54511 3948 11628    313 2014  6 11     59     31 0 0
54511 3948 11628    313 2014  6 12     43     20 0 0
54511 3948 11628    313 2014  6 13     59     37 0 0
54511 3948 11628    313 2014  6 14     61     39 0 0
54511 3948 11628    313 2014  6 15     63     38 0 0
54511 3948 11628    313 2014  6 16     66     47 0 0
54511 3948 11628    313 2014  6 17     77     54 0 0
54511 3948 11628    313 2014  6 18     71     41 0 0
54511 3948 11628    313 2014  6 19     75     63 0 0
54511 3948 11628    313 2014  6 20     73     45 0 0
54511 3948 11628    313 2014  6 21     74     45 0 0
54511 3948 11628    313 2014  6 22     73     46 0 0
54511 3948 11628    313 2014  6 23     56     30 0 0
54511 3948 11628    313 2014  6 24     51     37 0 0
54511 3948 11628    313 2014  6 25     70     44 0 0
54511 3948 11628    313 2014  6 26     71     44 0 0
54511 3948 11628    313 2014  6 27     39     20 0 0
54511 3948 11628    313 2014  6 28     34     19 0 0
54511 3948 11628    313 2014  6 29     49     28 0 0
54511 3948 11628    313 2014  6 30     46     24 0 0
54511 3948 11628    313 2014  7  1     52     34 0 0
54511 3948 11628    313 2014  7  2     85     57 0 0
54511 3948 11628    313 2014  7  3     78     60 0 0
54511 3948 11628    313 2014  7  4     77     58 0 0
54511 3948 11628    313 2014  7  5     71     54 0 0
54511 3948 11628    313 2014  7  6     72     55 0 0
54511 3948 11628    313 2014  7  7     71     60 0 0
54511 3948 11628    313 2014  7  8     55     21 0 0
54511 3948 11628    313 2014  7  9     44     19 0 0
54511 3948 11628    313 2014  7 10     43     21 0 0
54511 3948 11628    313 2014  7 11     42     18 0 0
54511 3948 11628    313 2014  7 12     34     23 0 0
54511 3948 11628    313 2014  7 13     47     23 0 0
54511 3948 11628    313 2014  7 14     56     28 0 0
54511 3948 11628    313 2014  7 15     53     29 0 0
54511 3948 11628    313 2014  7 16     76     53 0 0
54511 3948 11628    313 2014  7 17     80     68 0 0
54511 3948 11628    313 2014  7 18     68     49 0 0
54511 3948 11628    313 2014  7 19     64     46 0 0
54511 3948 11628    313 2014  7 20     66     48 0 0
54511 3948 11628    313 2014  7 21     50     28 0 0
54511 3948 11628    313 2014  7 22     43     31 0 0
54511 3948 11628    313 2014  7 23     60     43 0 0
54511 3948 11628    313 2014  7 24     66     50 0 0
54511 3948 11628    313 2014  7 25     58     33 0 0
54511 3948 11628    313 2014  7 26     54     32 0 0
54511 3948 11628    313 2014  7 27     51     33 0 0
54511 3948 11628    313 2014  7 28     61     34 0 0
54511 3948 11628    313 2014  7 29     59     42 0 0
54511 3948 11628    313 2014  7 30     84     48 0 0
54511 3948 11628    313 2014  7 31     75     54 0 0
54511 3948 11628    313 2014  8  1     75     53 0 0
54511 3948 11628    313 2014  8  2     70     52 0 0
54511 3948 11628    313 2014  8  3     70     53 0 0
54511 3948 11628    313 2014  8  4     81     56 0 0
54511 3948 11628    313 2014  8  5     69     40 0 0
54511 3948 11628    313 2014  8  6     57     20 0 0
54511 3948 11628    313 2014  8  7     58     32 0 0
54511 3948 11628    313 2014  8  8     52     27 0 0
54511 3948 11628    313 2014  8  9     55     33 0 0
54511 3948 11628    313 2014  8 10     63     39 0 0
54511 3948 11628    313 2014  8 11     43     23 0 0
54511 3948 11628    313 2014  8 12     43     28 0 0
54511 3948 11628    313 2014  8 13     87     38 0 0
54511 3948 11628    313 2014  8 14     69     45 0 0
54511 3948 11628    313 2014  8 15     59     31 0 0
54511 3948 11628    313 2014  8 16     61     35 0 0
54511 3948 11628    313 2014  8 17     56     37 0 0
54511 3948 11628    313 2014  8 18     61     47 0 0
54511 3948 11628    313 2014  8 19     62     36 0 0
54511 3948 11628    313 2014  8 20     60     37 0 0
54511 3948 11628    313 2014  8 21     67     46 0 0
54511 3948 11628    313 2014  8 22     65     45 0 0
54511 3948 11628    313 2014  8 23     72     47 0 0
54511 3948 11628    313 2014  8 24     51     26 0 0
54511 3948 11628    313 2014  8 25     41     19 0 0
54511 3948 11628    313 2014  8 26     39     13 0 0
54511 3948 11628    313 2014  8 27     47     26 0 0
54511 3948 11628    313 2014  8 28     57     45 0 0
54511 3948 11628    313 2014  8 29     75     54 0 0
54511 3948 11628    313 2014  8 30     77     61 0 0
54511 3948 11628    313 2014  8 31     84     58 0 0
54511 3948 11628    313 2014  9  1     80     61 0 0
54511 3948 11628    313 2014  9  2     94     72 0 0
54511 3948 11628    313 2014  9  3     58     22 0 0
54511 3948 11628    313 2014  9  4     56     27 0 0
54511 3948 11628    313 2014  9  5     65     43 0 0
54511 3948 11628    313 2014  9  6     74     46 0 0
54511 3948 11628    313 2014  9  7     67     49 0 0
54511 3948 11628    313 2014  9  8     27     17 0 0
54511 3948 11628    313 2014  9  9     53     29 0 0
54511 3948 11628    313 2014  9 10     54     31 0 0
54511 3948 11628    313 2014  9 11     63     46 0 0
54511 3948 11628    313 2014  9 12     73     56 0 0
54511 3948 11628    313 2014  9 13     63     37 0 0
54511 3948 11628    313 2014  9 14     57     28 0 0
54511 3948 11628    313 2014  9 15     42     14 0 0
54511 3948 11628    313 2014  9 16     54     30 0 0
54511 3948 11628    313 2014  9 17     61     48 0 0
54511 3948 11628    313 2014  9 18     62     23 0 0
54511 3948 11628    313 2014  9 19     73     44 0 0
54511 3948 11628    313 2014  9 20     74     47 0 0
54511 3948 11628    313 2014  9 21     71     58 0 0
54511 3948 11628    313 2014  9 22     77     68 0 0
54511 3948 11628    313 2014  9 23     92     76 0 0
54511 3948 11628    313 2014  9 24     77     43 0 0
54511 3948 11628    313 2014  9 25     87     70 0 0
54511 3948 11628    313 2014  9 26     80     62 0 0
54511 3948 11628    313 2014  9 27     57     29 0 0
54511 3948 11628    313 2014  9 28     72     45 0 0
54511 3948 11628    313 2014  9 29     66     29 0 0
54511 3948 11628    313 2014  9 30     42     31 0 0
54511 3948 11628    313 2014 10  1     79     43 0 0
54511 3948 11628    313 2014 10  2     84     54 0 0
54511 3948 11628    313 2014 10  3     88     69 0 0
54511 3948 11628    313 2014 10  4     90     77 0 0
54511 3948 11628    313 2014 10  5     66     29 0 0
54511 3948 11628    313 2014 10  6     53     21 0 0
54511 3948 11628    313 2014 10  7     65     40 0 0
54511 3948 11628    313 2014 10  8     83     54 0 0
54511 3948 11628    313 2014 10  9     85     61 0 0
54511 3948 11628    313 2014 10 10     82     56 0 0
54511 3948 11628    313 2014 10 11     76     43 0 0
54511 3948 11628    313 2014 10 12     33     20 0 0
54511 3948 11628    313 2014 10 13     25     11 0 0
54511 3948 11628    313 2014 10 14     48     22 0 0
54511 3948 11628    313 2014 10 15     41     10 0 0
54511 3948 11628    313 2014 10 16     32     14 0 0
54511 3948 11628    313 2014 10 17     51     24 0 0
54511 3948 11628    313 2014 10 18     65     34 0 0
54511 3948 11628    313 2014 10 19     75     54 0 0
54511 3948 11628    313 2014 10 20     91     78 0 0
54511 3948 11628    313 2014 10 21     41     25 0 0
54511 3948 11628    313 2014 10 22     66     43 0 0
54511 3948 11628    313 2014 10 23     70     55 0 0
54511 3948 11628    313 2014 10 24     83     62 0 0
54511 3948 11628    313 2014 10 25     90     68 0 0
54511 3948 11628    313 2014 10 26     43     11 0 0
54511 3948 11628    313 2014 10 27     42     13 0 0
54511 3948 11628    313 2014 10 28     61     39 0 0
54511 3948 11628    313 2014 10 29     64     42 0 0
54511 3948 11628    313 2014 10 30     65     50 0 0
54511 3948 11628    313 2014 10 31     77     61 0 0
54511 3948 11628    313 2014 11  1     53     16 0 0
54511 3948 11628    313 2014 11  2     19     12 0 0
54511 3948 11628    313 2014 11  3     41     15 0 0
54511 3948 11628    313 2014 11  4     57     32 0 0
54511 3948 11628    313 2014 11  5     37     13 0 0
54511 3948 11628    313 2014 11  6     26     12 0 0
54511 3948 11628    313 2014 11  7     48     30 0 0
54511 3948 11628    313 2014 11  8     70     36 0 0
54511 3948 11628    313 2014 11  9     61     21 0 0
54511 3948 11628    313 2014 11 10     65     24 0 0
54511 3948 11628    313 2014 11 11     43     24 0 0
54511 3948 11628    313 2014 11 12     15     11 0 0
54511 3948 11628    313 2014 11 13     28     14 0 0
54511 3948 11628    313 2014 11 14     36     16 0 0
54511 3948 11628    313 2014 11 15     45     25 0 0
54511 3948 11628    313 2014 11 16     59     27 0 0
54511 3948 11628    313 2014 11 17     34     16 0 0
54511 3948 11628    313 2014 11 18     46     19 0 0
54511 3948 11628    313 2014 11 19     70     45 0 0
54511 3948 11628    313 2014 11 20     79     56 0 0
54511 3948 11628    313 2014 11 21     68     19 0 0
54511 3948 11628    313 2014 11 22     31     16 0 0
54511 3948 11628    313 2014 11 23     85     37 0 0
54511 3948 11628    313 2014 11 24     51     16 0 0
54511 3948 11628    313 2014 11 25     82     46 0 0
54511 3948 11628    313 2014 11 26     84     57 0 0
54511 3948 11628    313 2014 11 27     38     15 0 0
54511 3948 11628    313 2014 11 28     57     23 0 0
54511 3948 11628    313 2014 11 29     96     70 0 0
54511 3948 11628    313 2014 11 30     41      9 0 0
54511 3948 11628    313 2014 12  1     19      8 0 0
54511 3948 11628    313 2014 12  2     25     18 0 0
54511 3948 11628    313 2014 12  3     19     10 0 0
54511 3948 11628    313 2014 12  4     15     11 0 0
54511 3948 11628    313 2014 12  5     22     12 0 0
54511 3948 11628    313 2014 12  6     36     16 0 0
54511 3948 11628    313 2014 12  7     44     14 0 0
54511 3948 11628    313 2014 12  8     38     24 0 0
54511 3948 11628    313 2014 12  9     62     44 0 0
54511 3948 11628    313 2014 12 10     55     15 0 0
54511 3948 11628    313 2014 12 11     30     18 0 0
54511 3948 11628    313 2014 12 12     21     14 0 0
54511 3948 11628    313 2014 12 13     22     16 0 0
54511 3948 11628    313 2014 12 14     35     15 0 0
54511 3948 11628    313 2014 12 15     29     17 0 0
54511 3948 11628    313 2014 12 16     22     17 0 0
54511 3948 11628    313 2014 12 17     29     19 0 0
54511 3948 11628    313 2014 12 18     55     35 0 0
54511 3948 11628    313 2014 12 19     40     19 0 0
54511 3948 11628    313 2014 12 20     24     15 0 0
54511 3948 11628    313 2014 12 21     24     17 0 0
54511 3948 11628    313 2014 12 22     34     18 0 0
54511 3948 11628    313 2014 12 23     46     17 0 0
54511 3948 11628    313 2014 12 24     24     17 0 0
54511 3948 11628    313 2014 12 25     36     20 0 0
54511 3948 11628    313 2014 12 26     53     34 0 0
54511 3948 11628    313 2014 12 27     55     33 0 0
54511 3948 11628    313 2014 12 28     48     19 0 0
54511 3948 11628    313 2014 12 29     46     14 0 0
54511 3948 11628    313 2014 12 30     35     20 0 0
54511 3948 11628    313 2014 12 31     19     13 0 0
54511 3948 11628    313 2015  1  1     22     12 0 0
54511 3948 11628    313 2015  1  2     31     17 0 0
54511 3948 11628    313 2015  1  3     38     26 0 0
54511 3948 11628    313 2015  1  4     42     19 0 0
54511 3948 11628    313 2015  1  5     35     13 0 0
54511 3948 11628    313 2015  1  6     18     10 0 0
54511 3948 11628    313 2015  1  7     35     17 0 0
54511 3948 11628    313 2015  1  8     65     31 0 0
54511 3948 11628    313 2015  1  9     34     15 0 0
54511 3948 11628    313 2015  1 10     38     14 0 0
54511 3948 11628    313 2015  1 11     33     18 0 0
54511 3948 11628    313 2015  1 12     51     25 0 0
54511 3948 11628    313 2015  1 13     67     42 0 0
54511 3948 11628    313 2015  1 14     71     54 0 0
54511 3948 11628    313 2015  1 15     90     73 0 0
54511 3948 11628    313 2015  1 16     45     21 0 0
54511 3948 11628    313 2015  1 17     34     25 0 0
54511 3948 11628    313 2015  1 18     34     18 0 0
54511 3948 11628    313 2015  1 19     34     20 0 0
54511 3948 11628    313 2015  1 20     62     35 0 0
54511 3948 11628    313 2015  1 21     30     18 0 0
54511 3948 11628    313 2015  1 22     42     25 0 0
54511 3948 11628    313 2015  1 23     51     26 0 0
54511 3948 11628    313 2015  1 24     56     32 0 0
54511 3948 11628    313 2015  1 25     83     61 0 0
54511 3948 11628    313 2015  1 26     57     14 0 0
54511 3948 11628    313 2015  1 27     24     15 0 0
54511 3948 11628    313 2015  1 28     26     19 0 0
54511 3948 11628    313 2015  1 29     38     18 0 0
54511 3948 11628    313 2015  1 30     20     13 0 0
54511 3948 11628    313 2015  1 31     22     13 0 0
54511 3948 11628    313 2015  2  1     32     17 9 9
54511 3948 11628    313 2015  2  2     36     22 9 9
54511 3948 11628    313 2015  2  3     54     17 9 9
54511 3948 11628    313 2015  2  4     25     17 9 9
54511 3948 11628    313 2015  2  5     28     20 9 9
54511 3948 11628    313 2015  2  6     37     19 9 9
54511 3948 11628    313 2015  2  7     20      8 9 9
54511 3948 11628    313 2015  2  8     17      9 9 9
54511 3948 11628    313 2015  2  9     28     14 9 9
54511 3948 11628    313 2015  2 10     34     11 9 9
54511 3948 11628    313 2015  2 11     27     14 9 9
54511 3948 11628    313 2015  2 12     32     14 9 9
54511 3948 11628    313 2015  2 13     48     22 9 9
54511 3948 11628    313 2015  2 14     46     25 9 9
54511 3948 11628    313 2015  2 15     52     37 9 9
54511 3948 11628    313 2015  2 16     47     17 9 9
54511 3948 11628    313 2015  2 17     31     21 9 9
54511 3948 11628    313 2015  2 18     39     15 9 9
54511 3948 11628    313 2015  2 19     56     27 9 9
54511 3948 11628    313 2015  2 20     97     83 9 9
54511 3948 11628    313 2015  2 21     77     19 9 9
54511 3948 11628    313 2015  2 22     26     17 9 9
54511 3948 11628    313 2015  2 23     33     21 9 9
54511 3948 11628    313 2015  2 24     66     39 9 9
54511 3948 11628    313 2015  2 25     33     10 9 9
54511 3948 11628    313 2015  2 26     18     12 9 9
54511 3948 11628    313 2015  2 27     35     15 9 9
54511 3948 11628    313 2015  2 28     91     46 9 9
54511 3948 11628    313 2015  3  1     33     12 0 0
54511 3948 11628    313 2015  3  2     33     10 0 0
54511 3948 11628    313 2015  3  3     11      9 0 0
54511 3948 11628    313 2015  3  4     17      8 0 0
54511 3948 11628    313 2015  3  5     23     14 0 0
54511 3948 11628    313 2015  3  6     39     22 0 0
54511 3948 11628    313 2015  3  7     53     32 0 0
54511 3948 11628    313 2015  3  8     53     11 0 0
54511 3948 11628    313 2015  3  9     11      6 0 0
54511 3948 11628    313 2015  3 10     15      6 0 0
54511 3948 11628    313 2015  3 11     22      9 0 0
54511 3948 11628    313 2015  3 12     27     11 0 0
54511 3948 11628    313 2015  3 13     36      7 0 0
54511 3948 11628    313 2015  3 14     52     14 0 0
54511 3948 11628    313 2015  3 15     33      8 0 0
54511 3948 11628    313 2015  3 16     58     19 0 0
54511 3948 11628    313 2015  3 17     58     24 0 0
54511 3948 11628    313 2015  3 18     29     17 0 0
54511 3948 11628    313 2015  3 19     30     11 0 0
54511 3948 11628    313 2015  3 20     18      7 0 0
54511 3948 11628    313 2015  3 21      8      5 0 0
54511 3948 11628    313 2015  3 22     16      6 0 0
54511 3948 11628    313 2015  3 23     27      6 0 0
54511 3948 11628    313 2015  3 24     31     13 0 0
54511 3948 11628    313 2015  3 25     46     29 0 0
54511 3948 11628    313 2015  3 26     36     13 0 0
54511 3948 11628    313 2015  3 27     41     30 0 0
54511 3948 11628    313 2015  3 28     31     19 0 0
54511 3948 11628    313 2015  3 29     34     19 0 0
54511 3948 11628    313 2015  3 30     46     25 0 0
54511 3948 11628    313 2015  3 31     75     49 0 0
54511 3948 11628    313 2015  4  1     57     22 0 0
54511 3948 11628    313 2015  4  2     75     33 0 0
54511 3948 11628    313 2015  4  3     53     32 0 0
54511 3948 11628    313 2015  4  4     56     37 0 0
54511 3948 11628    313 2015  4  5     31     13 0 0
54511 3948 11628    313 2015  4  6     24     15 0 0
54511 3948 11628    313 2015  4  7     28     12 0 0
54511 3948 11628    313 2015  4  8     52     24 0 0
54511 3948 11628    313 2015  4  9     58     37 0 0
54511 3948 11628    313 2015  4 10     60     24 0 0
54511 3948 11628    313 2015  4 11     65     35 0 0
54511 3948 11628    313 2015  4 12     56     30 0 0
54511 3948 11628    313 2015  4 13     46     24 0 0
54511 3948 11628    313 2015  4 14     46     16 0 0
54511 3948 11628    313 2015  4 15     42     23 0 0
54511 3948 11628    313 2015  4 16     13      7 0 0
54511 3948 11628    313 2015  4 17     32     16 0 0
54511 3948 11628    313 2015  4 18     53     30 0 0
54511 3948 11628    313 2015  4 19     43      8 0 0
54511 3948 11628    313 2015  4 20     55     12 0 0
54511 3948 11628    313 2015  4 21     35      5 0 0
54511 3948 11628    313 2015  4 22     36     15 0 0
54511 3948 11628    313 2015  4 23     33      5 0 0
54511 3948 11628    313 2015  4 24     37      5 0 0
54511 3948 11628    313 2015  4 25     36     14 0 0
54511 3948 11628    313 2015  4 26     49     24 0 0
54511 3948 11628    313 2015  4 27     56     35 0 0
54511 3948 11628    313 2015  4 28     56     37 0 0
54511 3948 11628    313 2015  4 29     65     47 0 0
54511 3948 11628    313 2015  4 30     58     32 0 0
54511 3948 11628    313 2015  5  1     73     44 0 0
54511 3948 11628    313 2015  5  2     67     47 0 0
54511 3948 11628    313 2015  5  3     31      9 0 0
54511 3948 11628    313 2015  5  4     19     11 0 0
54511 3948 11628    313 2015  5  5     33      8 0 0
54511 3948 11628    313 2015  5  6     15      9 0 0
54511 3948 11628    313 2015  5  7     38     16 0 0
54511 3948 11628    313 2015  5  8     47     28 0 0
54511 3948 11628    313 2015  5  9     54     39 0 0
54511 3948 11628    313 2015  5 10     75     48 0 0
54511 3948 11628    313 2015  5 11     65     34 0 0
54511 3948 11628    313 2015  5 12     44     19 0 0
54511 3948 11628    313 2015  5 13     48     23 0 0
54511 3948 11628    313 2015  5 14     27     14 0 0
54511 3948 11628    313 2015  5 15     31     20 0 0
54511 3948 11628    313 2015  5 16     43     17 0 0
54511 3948 11628    313 2015  5 17     64     46 0 0
54511 3948 11628    313 2015  5 18     35     11 0 0
54511 3948 11628    313 2015  5 19     14      7 0 0
54511 3948 11628    313 2015  5 20     23     14 0 0
54511 3948 11628    313 2015  5 21     33     22 0 0
54511 3948 11628    313 2015  5 22     41     27 0 0
54511 3948 11628    313 2015  5 23     46     25 0 0
54511 3948 11628    313 2015  5 24     47     23 0 0
54511 3948 11628    313 2015  5 25     44     28 0 0
54511 3948 11628    313 2015  5 26     45     24 0 0
54511 3948 11628    313 2015  5 27     50     29 0 0
54511 3948 11628    313 2015  5 28     55     41 0 0
54511 3948 11628    313 2015  5 29     56     35 0 0
54511 3948 11628    313 2015  5 30     53     18 0 0
54511 3948 11628    313 2015  5 31     47     30 0 0
54511 3948 11628    313 2015  6  1     51     23 0 0
54511 3948 11628    313 2015  6  2     28      6 0 0
54511 3948 11628    313 2015  6  3     37     11 0 0
54511 3948 11628    313 2015  6  4     64     20 0 0
54511 3948 11628    313 2015  6  5     54     26 0 0
54511 3948 11628    313 2015  6  6     54     29 0 0
54511 3948 11628    313 2015  6  7     48     14 0 0
54511 3948 11628    313 2015  6  8     50     19 0 0
54511 3948 11628    313 2015  6  9     51     37 0 0
54511 3948 11628    313 2015  6 10     77     50 0 0
54511 3948 11628    313 2015  6 11     53     25 0 0
54511 3948 11628    313 2015  6 12     42     27 0 0
54511 3948 11628    313 2015  6 13     56     35 0 0
54511 3948 11628    313 2015  6 14     51     28 0 0
54511 3948 11628    313 2015  6 15     53     33 0 0
54511 3948 11628    313 2015  6 16     52     27 0 0
54511 3948 11628    313 2015  6 17     56     25 0 0
54511 3948 11628    313 2015  6 18     36     15 0 0
54511 3948 11628    313 2015  6 19     59     19 0 0
54511 3948 11628    313 2015  6 20     52     32 0 0
54511 3948 11628    313 2015  6 21     44     27 0 0
54511 3948 11628    313 2015  6 22     54     33 0 0
54511 3948 11628    313 2015  6 23     64     38 0 0
54511 3948 11628    313 2015  6 24     64     47 0 0
54511 3948 11628    313 2015  6 25     68     53 0 0
54511 3948 11628    313 2015  6 26     81     50 0 0
54511 3948 11628    313 2015  6 27     76     58 0 0
54511 3948 11628    313 2015  6 28     70     46 0 0
54511 3948 11628    313 2015  6 29     82     58 0 0
54511 3948 11628    313 2015  6 30     60     36 0 0
54511 3948 11628    313 2015  7  1     53     21 0 0
54511 3948 11628    313 2015  7  2     30     14 0 0
54511 3948 11628    313 2015  7  3     41     19 0 0
54511 3948 11628    313 2015  7  4     54     33 0 0
54511 3948 11628    313 2015  7  5     63     37 0 0
54511 3948 11628    313 2015  7  6     55     34 0 0
54511 3948 11628    313 2015  7  7     53     35 0 0
54511 3948 11628    313 2015  7  8     58     39 0 0
54511 3948 11628    313 2015  7  9     50     32 0 0
54511 3948 11628    313 2015  7 10     55     32 0 0
54511 3948 11628    313 2015  7 11     57     37 0 0
54511 3948 11628    313 2015  7 12     54     24 0 0
54511 3948 11628    313 2015  7 13     43     21 0 0
54511 3948 11628    313 2015  7 14     46     32 0 0
54511 3948 11628    313 2015  7 15     47     35 0 0
54511 3948 11628    313 2015  7 16     78     49 0 0
54511 3948 11628    313 2015  7 17     78     60 0 0
54511 3948 11628    313 2015  7 18     81     59 0 0
54511 3948 11628    313 2015  7 19     88     59 0 0
54511 3948 11628    313 2015  7 20     81     57 0 0
54511 3948 11628    313 2015  7 21     83     60 0 0
54511 3948 11628    313 2015  7 22     70     48 0 0
54511 3948 11628    313 2015  7 23     74     55 0 0
54511 3948 11628    313 2015  7 24     68     36 0 0
54511 3948 11628    313 2015  7 25     68     48 0 0
54511 3948 11628    313 2015  7 26     64     42 0 0
54511 3948 11628    313 2015  7 27     69     57 0 0
54511 3948 11628    313 2015  7 28     82     56 0 0
54511 3948 11628    313 2015  7 29     76     64 0 0
54511 3948 11628    313 2015  7 30     85     60 0 0
54511 3948 11628    313 2015  7 31     77     55 0 0
54511 3948 11628    313 2015  8  1     80     68 0 0
54511 3948 11628    313 2015  8  2     89     68 0 0
54511 3948 11628    313 2015  8  3     78     41 0 0
54511 3948 11628    313 2015  8  4     57     37 0 0
54511 3948 11628    313 2015  8  5     73     49 0 0
54511 3948 11628    313 2015  8  6     67     52 0 0
54511 3948 11628    313 2015  8  7     82     59 0 0
54511 3948 11628    313 2015  8  8     76     47 0 0
54511 3948 11628    313 2015  8  9     69     46 0 0
54511 3948 11628    313 2015  8 10     60     31 0 0
54511 3948 11628    313 2015  8 11     67     39 0 0
54511 3948 11628    313 2015  8 12     63     35 0 0
54511 3948 11628    313 2015  8 13     62     41 0 0
54511 3948 11628    313 2015  8 14     52     26 0 0
54511 3948 11628    313 2015  8 15     49     20 0 0
54511 3948 11628    313 2015  8 16     53     35 0 0
54511 3948 11628    313 2015  8 17     58     33 0 0
54511 3948 11628    313 2015  8 18     64     40 0 0
54511 3948 11628    313 2015  8 19     68     49 0 0
54511 3948 11628    313 2015  8 20     60     26 0 0
54511 3948 11628    313 2015  8 21     40     26 0 0
54511 3948 11628    313 2015  8 22     50     31 0 0
54511 3948 11628    313 2015  8 23     68     50 0 0
54511 3948 11628    313 2015  8 24     64     42 0 0
54511 3948 11628    313 2015  8 25     58     35 0 0
54511 3948 11628    313 2015  8 26     55     33 0 0
54511 3948 11628    313 2015  8 27     53     32 0 0
54511 3948 11628    313 2015  8 28     57     26 0 0
54511 3948 11628    313 2015  8 29     55     41 0 0
54511 3948 11628    313 2015  8 30     81     52 0 0
54511 3948 11628    313 2015  8 31     88     73 0 0
54511 3948 11628    313 2015  9  1     90     67 0 0
54511 3948 11628    313 2015  9  2     61     35 0 0
54511 3948 11628    313 2015  9  3     62     39 0 0
54511 3948 11628    313 2015  9  4     92     56 0 0
54511 3948 11628    313 2015  9  5     94     74 0 0
54511 3948 11628    313 2015  9  6     66     38 0 0
54511 3948 11628    313 2015  9  7     68     41 0 0
54511 3948 11628    313 2015  9  8     61     39 0 0
54511 3948 11628    313 2015  9  9     66     53 0 0
54511 3948 11628    313 2015  9 10     80     60 0 0
54511 3948 11628    313 2015  9 11     73     41 0 0
54511 3948 11628    313 2015  9 12     40     23 0 0
54511 3948 11628    313 2015  9 13     54     24 0 0
54511 3948 11628    313 2015  9 14     60     28 0 0
54511 3948 11628    313 2015  9 15     66     36 0 0
54511 3948 11628    313 2015  9 16     69     42 0 0
54511 3948 11628    313 2015  9 17     71     50 0 0
54511 3948 11628    313 2015  9 18     64     24 0 0
54511 3948 11628    313 2015  9 19     48     26 0 0
54511 3948 11628    313 2015  9 20     70     42 0 0
54511 3948 11628    313 2015  9 21     57     40 0 0
54511 3948 11628    313 2015  9 22     71     53 0 0
54511 3948 11628    313 2015  9 23     69     42 0 0
54511 3948 11628    313 2015  9 24     77     58 0 0
54511 3948 11628    313 2015  9 25     59     12 0 0
54511 3948 11628    313 2015  9 26     51     33 0 0
54511 3948 11628    313 2015  9 27     48     18 0 0
54511 3948 11628    313 2015  9 28     77     38 0 0
54511 3948 11628    313 2015  9 29     89     73 0 0
54511 3948 11628    313 2015  9 30     88     60 0 0
54511 3948 11628    313 2015 10  1     50     22 0 0
54511 3948 11628    313 2015 10  2     53     23 0 0
54511 3948 11628    313 2015 10  3     54     33 0 0
54511 3948 11628    313 2015 10  4     70     41 0 0
54511 3948 11628    313 2015 10  5     77     52 0 0
54511 3948 11628    313 2015 10  6     81     53 0 0
54511 3948 11628    313 2015 10  7     78     57 0 0
54511 3948 11628    313 2015 10  8     20     11 0 0
54511 3948 11628    313 2015 10  9     35     17 0 0
54511 3948 11628    313 2015 10 10     29     21 0 0
54511 3948 11628    313 2015 10 11     28     22 0 0
54511 3948 11628    313 2015 10 12     33     15 0 0
54511 3948 11628    313 2015 10 13     43     15 0 0
54511 3948 11628    313 2015 10 14     62     36 0 0
54511 3948 11628    313 2015 10 15     63     33 0 0
54511 3948 11628    313 2015 10 16     73     40 0 0
54511 3948 11628    313 2015 10 17     76     46 0 0
54511 3948 11628    313 2015 10 18     50     35 0 0
54511 3948 11628    313 2015 10 19     63     49 0 0
54511 3948 11628    313 2015 10 20     69     34 0 0
54511 3948 11628    313 2015 10 21     95     61 0 0
54511 3948 11628    313 2015 10 22     83     68 0 0
54511 3948 11628    313 2015 10 23     81     54 0 0
54511 3948 11628    313 2015 10 24     72     35 0 0
54511 3948 11628    313 2015 10 25     55     26 0 0
54511 3948 11628    313 2015 10 26     71     20 0 0
54511 3948 11628    313 2015 10 27     37     18 0 0
54511 3948 11628    313 2015 10 28     26     18 0 0
54511 3948 11628    313 2015 10 29     24     13 0 0
54511 3948 11628    313 2015 10 30     43     22 0 0
54511 3948 11628    313 2015 10 31     57     21 0 0
54511 3948 11628    313 2015 11  1     58     24 0 0
54511 3948 11628    313 2015 11  2     62     20 0 0
54511 3948 11628    313 2015 11  3     70     38 0 0
54511 3948 11628    313 2015 11  4     68     47 0 0
54511 3948 11628    313 2015 11  5     78     59 0 0
54511 3948 11628    313 2015 11  6     89     63 0 0
54511 3948 11628    313 2015 11  7     85     63 0 0
54511 3948 11628    313 2015 11  8     75     63 0 0
54511 3948 11628    313 2015 11  9     84     80 0 0
54511 3948 11628    313 2015 11 10     85     79 0 0
54511 3948 11628    313 2015 11 11     87     74 0 0
54511 3948 11628    313 2015 11 12     88     79 0 0
54511 3948 11628    313 2015 11 13     84     69 0 0
54511 3948 11628    313 2015 11 14     86     76 0 0
54511 3948 11628    313 2015 11 15     80     59 0 0
54511 3948 11628    313 2015 11 16     73     49 0 0
54511 3948 11628    313 2015 11 17     78     32 0 0
54511 3948 11628    313 2015 11 18     74     53 0 0
54511 3948 11628    313 2015 11 19     95     79 0 0
54511 3948 11628    313 2015 11 20     97     93 0 0
54511 3948 11628    313 2015 11 21     99     95 0 0
54511 3948 11628    313 2015 11 22     92     75 0 0
54511 3948 11628    313 2015 11 23     72     45 0 0
54511 3948 11628    313 2015 11 24     56     41 0 0
54511 3948 11628    313 2015 11 25     60     33 0 0
54511 3948 11628    313 2015 11 26     40     29 0 0
54511 3948 11628    313 2015 11 27     65     55 0 0
54511 3948 11628    313 2015 11 28     70     54 0 0
54511 3948 11628    313 2015 11 29     76     46 0 0
54511 3948 11628    313 2015 11 30     89     68 0 0
54511 3948 11628    313 2015 12  1     97     92 0 0
54511 3948 11628    313 2015 12  2     29     21 0 0
54511 3948 11628    313 2015 12  3     28     23 0 0
54511 3948 11628    313 2015 12  4     35     21 0 0
54511 3948 11628    313 2015 12  5     47     23 0 0
54511 3948 11628    313 2015 12  6     64     41 0 0
54511 3948 11628    313 2015 12  7     71     56 0 0
54511 3948 11628    313 2015 12  8     90     81 0 0
54511 3948 11628    313 2015 12  9     88     75 0 0
54511 3948 11628    313 2015 12 10     57     21 0 0
54511 3948 11628    313 2015 12 11     48     25 0 0
54511 3948 11628    313 2015 12 12     71     46 0 0
54511 3948 11628    313 2015 12 13     72     50 0 0
54511 3948 11628    313 2015 12 14     86     45 0 0
54511 3948 11628    313 2015 12 15     29     20 0 0
54511 3948 11628    313 2015 12 16     27     21 0 0
54511 3948 11628    313 2015 12 17     43     24 0 0
54511 3948 11628    313 2015 12 18     47     23 0 0
54511 3948 11628    313 2015 12 19     70     48 0 0
54511 3948 11628    313 2015 12 20     82     59 0 0
54511 3948 11628    313 2015 12 21     81     47 0 0
54511 3948 11628    313 2015 12 22     87     76 0 0
54511 3948 11628    313 2015 12 23     80     39 0 0
54511 3948 11628    313 2015 12 24     72     48 0 0
54511 3948 11628    313 2015 12 25     98     94 0 0
54511 3948 11628    313 2015 12 26     82     56 0 0
54511 3948 11628    313 2015 12 27     60     49 0 0
54511 3948 11628    313 2015 12 28     58     30 0 0
54511 3948 11628    313 2015 12 29     72     49 0 0
54511 3948 11628    313 2015 12 30     47     26 0 0
54511 3948 11628    313 2015 12 31     53     31 0 0
54511 3948 11628    313 2016  1  1     63     37 0 0
54511 3948 11628    313 2016  1  2     69     38 0 0
54511 3948 11628    313 2016  1  3     77     44 0 0
54511 3948 11628    313 2016  1  4     44     20 0 0
54511 3948 11628    313 2016  1  5     28     20 0 0
54511 3948 11628    313 2016  1  6     36     16 0 0
54511 3948 11628    313 2016  1  7     30     19 0 0
54511 3948 11628    313 2016  1  8     29     18 0 0
54511 3948 11628    313 2016  1  9     43     18 0 0
54511 3948 11628    313 2016  1 10     45     25 0 0
54511 3948 11628    313 2016  1 11     24     18 0 0
54511 3948 11628    313 2016  1 12     25     15 0 0
54511 3948 11628    313 2016  1 13     26     14 0 0
54511 3948 11628    313 2016  1 14     35     13 0 0
54511 3948 11628    313 2016  1 15     37     18 0 0
54511 3948 11628    313 2016  1 16     60     30 0 0
54511 3948 11628    313 2016  1 17     41     20 0 0
54511 3948 11628    313 2016  1 18     24     16 0 0
54511 3948 11628    313 2016  1 19     37     18 0 0
54511 3948 11628    313 2016  1 20     46     29 0 0
54511 3948 11628    313 2016  1 21     76     47 0 0
54511 3948 11628    313 2016  1 22     21     14 0 0
54511 3948 11628    313 2016  1 23     22     14 0 0
54511 3948 11628    313 2016  1 24     25     15 0 0
54511 3948 11628    313 2016  1 25     25     13 0 0
54511 3948 11628    313 2016  1 26     19     14 0 0
54511 3948 11628    313 2016  1 27     37     17 0 0
54511 3948 11628    313 2016  1 28     35     18 0 0
54511 3948 11628    313 2016  1 29     40     26 0 0
54511 3948 11628    313 2016  1 30     48     20 0 0
54511 3948 11628    313 2016  1 31     23     15 0 0
54511 3948 11628    313 2016  2  1     29     15 0 0
54511 3948 11628    313 2016  2  2     32     15 0 0
54511 3948 11628    313 2016  2  3     34     14 0 0
54511 3948 11628    313 2016  2  4     20     13 0 0
54511 3948 11628    313 2016  2  5     23     16 0 0
54511 3948 11628    313 2016  2  6     29     16 0 0
54511 3948 11628    313 2016  2  7     34     13 0 0
54511 3948 11628    313 2016  2  8     28     12 0 0
54511 3948 11628    313 2016  2  9     35     15 0 0
54511 3948 11628    313 2016  2 10     40     23 0 0
54511 3948 11628    313 2016  2 11     75     39 0 0
54511 3948 11628    313 2016  2 12     83     49 0 0
54511 3948 11628    313 2016  2 13     46     20 0 0
54511 3948 11628    313 2016  2 14     24     18 0 0
54511 3948 11628    313 2016  2 15     27     17 0 0
54511 3948 11628    313 2016  2 16     28     18 0 0
54511 3948 11628    313 2016  2 17     40     20 0 0
54511 3948 11628    313 2016  2 18     23     11 0 0
54511 3948 11628    313 2016  2 19     24     10 0 0
54511 3948 11628    313 2016  2 20     18     11 0 0
54511 3948 11628    313 2016  2 21     40     17 0 0
54511 3948 11628    313 2016  2 22     44     11 0 0
54511 3948 11628    313 2016  2 23     21     13 0 0
54511 3948 11628    313 2016  2 24     26     12 0 0
54511 3948 11628    313 2016  2 25     23     15 0 0
54511 3948 11628    313 2016  2 26     23     16 0 0
54511 3948 11628    313 2016  2 27     35     22 0 0
54511 3948 11628    313 2016  2 28     47     13 0 0
54511 3948 11628    313 2016  2 29     26     17 0 0
54511 3948 11628    313 2016  3  1     38     21 0 0
54511 3948 11628    313 2016  3  2     40     14 0 0
54511 3948 11628    313 2016  3  3     55     29 0 0
54511 3948 11628    313 2016  3  4     67     58 0 0
54511 3948 11628    313 2016  3  5     15     10 0 0
54511 3948 11628    313 2016  3  6     35     15 0 0
54511 3948 11628    313 2016  3  7     23      8 0 0
54511 3948 11628    313 2016  3  8     12      8 0 0
54511 3948 11628    313 2016  3  9     13      8 0 0
54511 3948 11628    313 2016  3 10     15      9 0 0
54511 3948 11628    313 2016  3 11     19     12 0 0
54511 3948 11628    313 2016  3 12     41     21 0 0
54511 3948 11628    313 2016  3 13     18     10 0 0
54511 3948 11628    313 2016  3 14     32      9 0 0
54511 3948 11628    313 2016  3 15     35     16 0 0
54511 3948 11628    313 2016  3 16     59     31 0 0
54511 3948 11628    313 2016  3 17     54     36 0 0
54511 3948 11628    313 2016  3 18     40     10 0 0
54511 3948 11628    313 2016  3 19     37     16 0 0
54511 3948 11628    313 2016  3 20     36     14 0 0
54511 3948 11628    313 2016  3 21     38     22 0 0
54511 3948 11628    313 2016  3 22     39     31 0 0
54511 3948 11628    313 2016  3 23     27     10 0 0
54511 3948 11628    313 2016  3 24     16     10 0 0
54511 3948 11628    313 2016  3 25     20     13 0 0
54511 3948 11628    313 2016  3 26     22     10 0 0
54511 3948 11628    313 2016  3 27     14      6 0 0
54511 3948 11628    313 2016  3 28     22     13 0 0
54511 3948 11628    313 2016  3 29     20     13 0 0
54511 3948 11628    313 2016  3 30     22     12 0 0
54511 3948 11628    313 2016  3 31     48     27 0 0
54511 3948 11628    313 2016  4  1     30     14 0 0
54511 3948 11628    313 2016  4  2     22      8 0 0
54511 3948 11628    313 2016  4  3     13      7 0 0
54511 3948 11628    313 2016  4  4     41     21 0 0
54511 3948 11628    313 2016  4  5     48     34 0 0
54511 3948 11628    313 2016  4  6     49     26 0 0
54511 3948 11628    313 2016  4  7     35     10 0 0
54511 3948 11628    313 2016  4  8     10      5 0 0
54511 3948 11628    313 2016  4  9     34     13 0 0
54511 3948 11628    313 2016  4 10     20     14 0 0
54511 3948 11628    313 2016  4 11     38     20 0 0
54511 3948 11628    313 2016  4 12     58     40 0 0
54511 3948 11628    313 2016  4 13     49      9 0 0
54511 3948 11628    313 2016  4 14     19      9 0 0
54511 3948 11628    313 2016  4 15     38     26 0 0
54511 3948 11628    313 2016  4 16     42     19 0 0
54511 3948 11628    313 2016  4 17     16      9 0 0
54511 3948 11628    313 2016  4 18     26     10 0 0
54511 3948 11628    313 2016  4 19     51     20 0 0
54511 3948 11628    313 2016  4 20     39     11 0 0
54511 3948 11628    313 2016  4 21     37      9 0 0
54511 3948 11628    313 2016  4 22      8      6 0 0
54511 3948 11628    313 2016  4 23     13      7 0 0
54511 3948 11628    313 2016  4 24     40     17 0 0
54511 3948 11628    313 2016  4 25     45     22 0 0
54511 3948 11628    313 2016  4 26     41     29 0 0
54511 3948 11628    313 2016  4 27     55     32 0 0
54511 3948 11628    313 2016  4 28     52     28 0 0
54511 3948 11628    313 2016  4 29     47     34 0 0
54511 3948 11628    313 2016  4 30     57     30 0 0
54511 3948 11628    313 2016  5  1     55     30 0 0
54511 3948 11628    313 2016  5  2     64     35 0 0
54511 3948 11628    313 2016  5  3     37      7 0 0
54511 3948 11628    313 2016  5  4     27     10 0 0
54511 3948 11628    313 2016  5  5     39     15 0 0
54511 3948 11628    313 2016  5  6     18      9 0 0
54511 3948 11628    313 2016  5  7     15      8 0 0
54511 3948 11628    313 2016  5  8     39     18 0 0
54511 3948 11628    313 2016  5  9     56     34 0 0
54511 3948 11628    313 2016  5 10     49     21 0 0
54511 3948 11628    313 2016  5 11     58     39 0 0
54511 3948 11628    313 2016  5 12     54     16 0 0
54511 3948 11628    313 2016  5 13     43     20 0 0
54511 3948 11628    313 2016  5 14     80     30 0 0
54511 3948 11628    313 2016  5 15     46     10 0 0
54511 3948 11628    313 2016  5 16     28     10 0 0
54511 3948 11628    313 2016  5 17     38     16 0 0
54511 3948 11628    313 2016  5 18     47     29 0 0
54511 3948 11628    313 2016  5 19     41     24 0 0
54511 3948 11628    313 2016  5 20     46     24 0 0
54511 3948 11628    313 2016  5 21     40     12 0 0
54511 3948 11628    313 2016  5 22     35     19 0 0
54511 3948 11628    313 2016  5 23     46     28 0 0
54511 3948 11628    313 2016  5 24     42     19 0 0
54511 3948 11628    313 2016  5 25     33     22 0 0
54511 3948 11628    313 2016  5 26     28     13 0 0
54511 3948 11628    313 2016  5 27     38     21 0 0
54511 3948 11628    313 2016  5 28     40     24 0 0
54511 3948 11628    313 2016  5 29     32     10 0 0
54511 3948 11628    313 2016  5 30     44     33 0 0
54511 3948 11628    313 2016  5 31     34     22 0 0
54511 3948 11628    313 2016  6  1     28     20 0 0
54511 3948 11628    313 2016  6  2     29     18 0 0
54511 3948 11628    313 2016  6  3     39     24 0 0
54511 3948 11628    313 2016  6  4     43     27 0 0
54511 3948 11628    313 2016  6  5     55     32 0 0
54511 3948 11628    313 2016  6  6     59     34 0 0
54511 3948 11628    313 2016  6  7     76     42 0 0
54511 3948 11628    313 2016  6  8     73     48 0 0
54511 3948 11628    313 2016  6  9     47     23 0 0
54511 3948 11628    313 2016  6 10     64     26 0 0
54511 3948 11628    313 2016  6 11     35     23 0 0
54511 3948 11628    313 2016  6 12     55     28 0 0
54511 3948 11628    313 2016  6 13     79     35 0 0
54511 3948 11628    313 2016  6 14     86     63 0 0
54511 3948 11628    313 2016  6 15     52     31 0 0
54511 3948 11628    313 2016  6 16     47     20 0 0
54511 3948 11628    313 2016  6 17     39     25 0 0
54511 3948 11628    313 2016  6 18     50     36 0 0
54511 3948 11628    313 2016  6 19     46     19 0 0
54511 3948 11628    313 2016  6 20     63     33 0 0
54511 3948 11628    313 2016  6 21     60     34 0 0
54511 3948 11628    313 2016  6 22     59     35 0 0
54511 3948 11628    313 2016  6 23     59     42 0 0
54511 3948 11628    313 2016  6 24     30     15 0 0
54511 3948 11628    313 2016  6 25     21     13 0 0
54511 3948 11628    313 2016  6 26     29     15 0 0
54511 3948 11628    313 2016  6 27     50     25 0 0
54511 3948 11628    313 2016  6 28     82     67 0 0
54511 3948 11628    313 2016  6 29     80     58 0 0
54511 3948 11628    313 2016  6 30     71     37 0 0
54511 3948 11628    313 2016  7  1     47     34 0 0
54511 3948 11628    313 2016  7  2     59     31 0 0
54511 3948 11628    313 2016  7  3     59     42 0 0
54511 3948 11628    313 2016  7  4     66     48 0 0
54511 3948 11628    313 2016  7  5     62     40 0 0
54511 3948 11628    313 2016  7  6     50     33 0 0
54511 3948 11628    313 2016  7  7     58     40 0 0
54511 3948 11628    313 2016  7  8     71     44 0 0
54511 3948 11628    313 2016  7  9     66     43 0 0
54511 3948 11628    313 2016  7 10     60     39 0 0
54511 3948 11628    313 2016  7 11     59     38 0 0
54511 3948 11628    313 2016  7 12     66     47 0 0
54511 3948 11628    313 2016  7 13     52     25 0 0
54511 3948 11628    313 2016  7 14     51     30 0 0
54511 3948 11628    313 2016  7 15     80     60 0 0
54511 3948 11628    313 2016  7 16     63     45 0 0
54511 3948 11628    313 2016  7 17     61     43 0 0
54511 3948 11628    313 2016  7 18     75     58 0 0
54511 3948 11628    313 2016  7 19     88     68 0 0
54511 3948 11628    313 2016  7 20     94     76 0 0
54511 3948 11628    313 2016  7 21     91     83 0 0
54511 3948 11628    313 2016  7 22     84     67 0 0
54511 3948 11628    313 2016  7 23     80     62 0 0
54511 3948 11628    313 2016  7 24     80     63 0 0
54511 3948 11628    313 2016  7 25     85     56 0 0
54511 3948 11628    313 2016  7 26     61     41 0 0
54511 3948 11628    313 2016  7 27     72     50 0 0
54511 3948 11628    313 2016  7 28     74     59 0 0
54511 3948 11628    313 2016  7 29     77     62 0 0
54511 3948 11628    313 2016  7 30     81     58 0 0
54511 3948 11628    313 2016  7 31     82     68 0 0
54511 3948 11628    313 2016  8  1     76     60 0 0
54511 3948 11628    313 2016  8  2     69     49 0 0
54511 3948 11628    313 2016  8  3     67     42 0 0
54511 3948 11628    313 2016  8  4     72     60 0 0
54511 3948 11628    313 2016  8  5     74     51 0 0
54511 3948 11628    313 2016  8  6     77     58 0 0
54511 3948 11628    313 2016  8  7     71     48 0 0
54511 3948 11628    313 2016  8  8     67     36 0 0
54511 3948 11628    313 2016  8  9     66     43 0 0
54511 3948 11628    313 2016  8 10     76     57 0 0
54511 3948 11628    313 2016  8 11     74     60 0 0
54511 3948 11628    313 2016  8 12     86     62 0 0
54511 3948 11628    313 2016  8 13     72     42 0 0
54511 3948 11628    313 2016  8 14     50     36 0 0
54511 3948 11628    313 2016  8 15     73     51 0 0
54511 3948 11628    313 2016  8 16     69     50 0 0
54511 3948 11628    313 2016  8 17     77     65 0 0
54511 3948 11628    313 2016  8 18     94     86 0 0
54511 3948 11628    313 2016  8 19     68     43 0 0
54511 3948 11628    313 2016  8 20     71     53 0 0
54511 3948 11628    313 2016  8 21     68     49 0 0
54511 3948 11628    313 2016  8 22     62     41 0 0
54511 3948 11628    313 2016  8 23     69     50 0 0
54511 3948 11628    313 2016  8 24     70     58 0 0
54511 3948 11628    313 2016  8 25     45     24 0 0
54511 3948 11628    313 2016  8 26     37     20 0 0
54511 3948 11628    313 2016  8 27     43     15 0 0
54511 3948 11628    313 2016  8 28     37     18 0 0
54511 3948 11628    313 2016  8 29     44     24 0 0
54511 3948 11628    313 2016  8 30     49     28 0 0
54511 3948 11628    313 2016  8 31     36     11 0 0
54511 3948 11628    313 2016  9  1     32     10 0 0
54511 3948 11628    313 2016  9  2     51     34 0 0
54511 3948 11628    313 2016  9  3     60     41 0 0
54511 3948 11628    313 2016  9  4     67     45 0 0
54511 3948 11628    313 2016  9  5     56     28 0 0
54511 3948 11628    313 2016  9  6     54     23 0 0
54511 3948 11628    313 2016  9  7     68     38 0 0
54511 3948 11628    313 2016  9  8     63     25 0 0
54511 3948 11628    313 2016  9  9     49     24 0 0
54511 3948 11628    313 2016  9 10     47     29 0 0
54511 3948 11628    313 2016  9 11     72     52 0 0
54511 3948 11628    313 2016  9 12     67     47 0 0
54511 3948 11628    313 2016  9 13     71     52 0 0
54511 3948 11628    313 2016  9 14     70     46 0 0
54511 3948 11628    313 2016  9 15     64     40 0 0
54511 3948 11628    313 2016  9 16     68     42 0 0
54511 3948 11628    313 2016  9 17     69     49 0 0
54511 3948 11628    313 2016  9 18     81     62 0 0
54511 3948 11628    313 2016  9 19     52     28 0 0
54511 3948 11628    313 2016  9 20     54     25 0 0
54511 3948 11628    313 2016  9 21     61     40 0 0
54511 3948 11628    313 2016  9 22     71     50 0 0
54511 3948 11628    313 2016  9 23     78     53 0 0
54511 3948 11628    313 2016  9 24     73     56 0 0
54511 3948 11628    313 2016  9 25     76     57 0 0
54511 3948 11628    313 2016  9 26     90     74 0 0
54511 3948 11628    313 2016  9 27     50     28 0 0
54511 3948 11628    313 2016  9 28     37     22 0 0
54511 3948 11628    313 2016  9 29     56     30 0 0
54511 3948 11628    313 2016  9 30     55     36 0 0
54511 3948 11628    313 2016 10  1     64     32 0 0
54511 3948 11628    313 2016 10  2     70     49 0 0
54511 3948 11628    313 2016 10  3     73     38 0 0
54511 3948 11628    313 2016 10  4     76     61 0 0
54511 3948 11628    313 2016 10  5     78     58 0 0
54511 3948 11628    313 2016 10  6     85     72 0 0
54511 3948 11628    313 2016 10  7     93     88 0 0
54511 3948 11628    313 2016 10  8     40     23 0 0
54511 3948 11628    313 2016 10  9     62     25 0 0
54511 3948 11628    313 2016 10 10     74     45 0 0
54511 3948 11628    313 2016 10 11     75     61 0 0
54511 3948 11628    313 2016 10 12     69     56 0 0
54511 3948 11628    313 2016 10 13     82     58 0 0
54511 3948 11628    313 2016 10 14     83     52 0 0
54511 3948 11628    313 2016 10 15     84     70 0 0
54511 3948 11628    313 2016 10 16     82     61 0 0
54511 3948 11628    313 2016 10 17     67     26 0 0
54511 3948 11628    313 2016 10 18     84     58 0 0
54511 3948 11628    313 2016 10 19     90     75 0 0
54511 3948 11628    313 2016 10 20     71     46 0 0
54511 3948 11628    313 2016 10 21     87     74 0 0
54511 3948 11628    313 2016 10 22     71     47 0 0
54511 3948 11628    313 2016 10 23     54     27 0 0
54511 3948 11628    313 2016 10 24     79     53 0 0
54511 3948 11628    313 2016 10 25     83     54 0 0
54511 3948 11628    313 2016 10 26     57     24 0 0
54511 3948 11628    313 2016 10 27     73     55 0 0
54511 3948 11628    313 2016 10 28     40     18 0 0
54511 3948 11628    313 2016 10 29     55     24 0 0
54511 3948 11628    313 2016 10 30     54     26 0 0
54511 3948 11628    313 2016 10 31     20     12 0 0
54511 3948 11628    313 2016 11  1     51     28 0 0
54511 3948 11628    313 2016 11  2     59     36 0 0
54511 3948 11628    313 2016 11  3     81     53 0 0
54511 3948 11628    313 2016 11  4     89     66 0 0
54511 3948 11628    313 2016 11  5     80     47 0 0
54511 3948 11628    313 2016 11  6     52     32 0 0
54511 3948 11628    313 2016 11  7     55     25 0 0
54511 3948 11628    313 2016 11  8     51     27 0 0
54511 3948 11628    313 2016 11  9     77     50 0 0
54511 3948 11628    313 2016 11 10     77     61 0 0
54511 3948 11628    313 2016 11 11     74     45 0 0
54511 3948 11628    313 2016 11 12     67     43 0 0
54511 3948 11628    313 2016 11 13     78     64 0 0
54511 3948 11628    313 2016 11 14     32      9 0 0
54511 3948 11628    313 2016 11 15     47     15 0 0
54511 3948 11628    313 2016 11 16     70     34 0 0
54511 3948 11628    313 2016 11 17     69     53 0 0
54511 3948 11628    313 2016 11 18     79     61 0 0
54511 3948 11628    313 2016 11 19     60     14 0 0
54511 3948 11628    313 2016 11 20     81     69 0 0
54511 3948 11628    313 2016 11 21     62     30 0 0
54511 3948 11628    313 2016 11 22     29     23 0 0
54511 3948 11628    313 2016 11 23     39     27 0 0
54511 3948 11628    313 2016 11 24     49     27 0 0
54511 3948 11628    313 2016 11 25     60     36 0 0
54511 3948 11628    313 2016 11 26     71     39 0 0
54511 3948 11628    313 2016 11 27     40     16 0 0
54511 3948 11628    313 2016 11 28     49     24 0 0
54511 3948 11628    313 2016 11 29     67     50 0 0
54511 3948 11628    313 2016 11 30     59     24 0 0
54511 3948 11628    313 2016 12  1     32     17 0 0
54511 3948 11628    313 2016 12  2     54     27 0 0
54511 3948 11628    313 2016 12  3     69     46 0 0
54511 3948 11628    313 2016 12  4     75     28 0 0
54511 3948 11628    313 2016 12  5     46     12 0 0
54511 3948 11628    313 2016 12  6     44     22 0 0
54511 3948 11628    313 2016 12  7     52     39 0 0
54511 3948 11628    313 2016 12  8     53     16 0 0
54511 3948 11628    313 2016 12  9     36     23 0 0
54511 3948 11628    313 2016 12 10     50     23 0 0
54511 3948 11628    313 2016 12 11     65     50 0 0
54511 3948 11628    313 2016 12 12     63     46 0 0
54511 3948 11628    313 2016 12 13     51     27 0 0
54511 3948 11628    313 2016 12 14     30     19 0 0
54511 3948 11628    313 2016 12 15     35     17 0 0
54511 3948 11628    313 2016 12 16     56     28 0 0
54511 3948 11628    313 2016 12 17     65     46 0 0
54511 3948 11628    313 2016 12 18     76     45 0 0
54511 3948 11628    313 2016 12 19     75     37 0 0
54511 3948 11628    313 2016 12 20     91     75 0 0
54511 3948 11628    313 2016 12 21     83     66 0 0
54511 3948 11628    313 2016 12 22     44     24 0 0
54511 3948 11628    313 2016 12 23     41     27 0 0
54511 3948 11628    313 2016 12 24     56     35 0 0
54511 3948 11628    313 2016 12 25     66     57 0 0
54511 3948 11628    313 2016 12 26     41     22 0 0
54511 3948 11628    313 2016 12 27     37     22 0 0
54511 3948 11628    313 2016 12 28     51     18 0 0
54511 3948 11628    313 2016 12 29     38     22 0 0
54511 3948 11628    313 2016 12 30     74     49 0 0
54511 3948 11628    313 2016 12 31     80     52 0 0
54511 3948 11628    313 2017  1  1     90     79 0 0
54511 3948 11628    313 2017  1  2     77     48 0 0
54511 3948 11628    313 2017  1  3     82     51 0 0
54511 3948 11628    313 2017  1  4     85     57 0 0
54511 3948 11628    313 2017  1  5     76     51 0 0
54511 3948 11628    313 2017  1  6     73     50 0 0
54511 3948 11628    313 2017  1  7     80     56 0 0
54511 3948 11628    313 2017  1  8     65     30 0 0
54511 3948 11628    313 2017  1  9     38     25 0 0
54511 3948 11628    313 2017  1 10     28     14 0 0
54511 3948 11628    313 2017  1 11     50     24 0 0
54511 3948 11628    313 2017  1 12     40     26 0 0
54511 3948 11628    313 2017  1 13     21     12 0 0
54511 3948 11628    313 2017  1 14     28     12 0 0
54511 3948 11628    313 2017  1 15     67     46 0 0
54511 3948 11628    313 2017  1 16     65     54 0 0
54511 3948 11628    313 2017  1 17     68     52 0 0
54511 3948 11628    313 2017  1 18     44     24 0 0
54511 3948 11628    313 2017  1 19     43     17 0 0
54511 3948 11628    313 2017  1 20     26     17 0 0
54511 3948 11628    313 2017  1 21     25     14 0 0
54511 3948 11628    313 2017  1 22     30     19 0 0
54511 3948 11628    313 2017  1 23     38     22 0 0
54511 3948 11628    313 2017  1 24     48     26 0 0
54511 3948 11628    313 2017  1 25     59     39 0 0
54511 3948 11628    313 2017  1 26     51     19 0 0
54511 3948 11628    313 2017  1 27     33     21 0 0
54511 3948 11628    313 2017  1 28     53     27 0 0
54511 3948 11628    313 2017  1 29     33     15 0 0
54511 3948 11628    313 2017  1 30     17      7 0 0
54511 3948 11628    313 2017  1 31     21     11 0 0
54511 3948 11628    313 2017  2  1     20     11 0 0
54511 3948 11628    313 2017  2  2     34     14 0 0
54511 3948 11628    313 2017  2  3     42     21 0 0
54511 3948 11628    313 2017  2  4     61     37 0 0
54511 3948 11628    313 2017  2  5     26     12 0 0
54511 3948 11628    313 2017  2  6     26     16 0 0
54511 3948 11628    313 2017  2  7     51     27 0 0
54511 3948 11628    313 2017  2  8     35     16 0 0
54511 3948 11628    313 2017  2  9     21     13 0 0
54511 3948 11628    313 2017  2 10     17     11 0 0
54511 3948 11628    313 2017  2 11     28     13 0 0
54511 3948 11628    313 2017  2 12     35     18 0 0
54511 3948 11628    313 2017  2 13     36     13 0 0
54511 3948 11628    313 2017  2 14     70     29 0 0
54511 3948 11628    313 2017  2 15     63     36 0 0
54511 3948 11628    313 2017  2 16     33     17 0 0
54511 3948 11628    313 2017  2 17     20     10 0 0
54511 3948 11628    313 2017  2 18     34     19 0 0
54511 3948 11628    313 2017  2 19     40     12 0 0
54511 3948 11628    313 2017  2 20     18     11 0 0
54511 3948 11628    313 2017  2 21     59     18 0 0
54511 3948 11628    313 2017  2 22     70     28 0 0
54511 3948 11628    313 2017  2 23     38     22 0 0
54511 3948 11628    313 2017  2 24     43     18 0 0
54511 3948 11628    313 2017  2 25     28     17 0 0
54511 3948 11628    313 2017  2 26     36     22 0 0
54511 3948 11628    313 2017  2 27     41     17 0 0
54511 3948 11628    313 2017  2 28     24     11 0 0
54511 3948 11628    313 2017  3  1     14      9 0 0
54511 3948 11628    313 2017  3  2     23     12 0 0
54511 3948 11628    313 2017  3  3     38     22 0 0
54511 3948 11628    313 2017  3  4     40     23 0 0
54511 3948 11628    313 2017  3  5     22     13 0 0
54511 3948 11628    313 2017  3  6     28     17 0 0
54511 3948 11628    313 2017  3  7     21     15 0 0
54511 3948 11628    313 2017  3  8     21     11 0 0
54511 3948 11628    313 2017  3  9     19      8 0 0
54511 3948 11628    313 2017  3 10     26      8 0 0
54511 3948 11628    313 2017  3 11     22     10 0 0
54511 3948 11628    313 2017  3 12     15      8 0 0
54511 3948 11628    313 2017  3 13     15      8 0 0
54511 3948 11628    313 2017  3 14     18      8 0 0
54511 3948 11628    313 2017  3 15     39     14 0 0
54511 3948 11628    313 2017  3 16     36     18 0 0
54511 3948 11628    313 2017  3 17     50     31 0 0
54511 3948 11628    313 2017  3 18     49     17 0 0
54511 3948 11628    313 2017  3 19     56     35 0 0
54511 3948 11628    313 2017  3 20     59     33 0 0
54511 3948 11628    313 2017  3 21     55     32 0 0
54511 3948 11628    313 2017  3 22     47     30 0 0
54511 3948 11628    313 2017  3 23     77     38 0 0
54511 3948 11628    313 2017  3 24     92     52 0 0
54511 3948 11628    313 2017  3 25     62     22 0 0
54511 3948 11628    313 2017  3 26     33     19 0 0
54511 3948 11628    313 2017  3 27     31     15 0 0
54511 3948 11628    313 2017  3 28     47     21 0 0
54511 3948 11628    313 2017  3 29     58     30 0 0
54511 3948 11628    313 2017  3 30     46     25 0 0
54511 3948 11628    313 2017  3 31     28     13 0 0
54511 3948 11628    313 2017  4  1     29     13 0 0
54511 3948 11628    313 2017  4  2     31     14 0 0
54511 3948 11628    313 2017  4  3     44     19 0 0
54511 3948 11628    313 2017  4  4     52     32 0 0
54511 3948 11628    313 2017  4  5     67     45 0 0
54511 3948 11628    313 2017  4  6     63     31 0 0
54511 3948 11628    313 2017  4  7     57     49 0 0
54511 3948 11628    313 2017  4  8     54     22 0 0
54511 3948 11628    313 2017  4  9     54     27 0 0
54511 3948 11628    313 2017  4 10     43     26 0 0
54511 3948 11628    313 2017  4 11     27      6 0 0
54511 3948 11628    313 2017  4 12     28      9 0 0
54511 3948 11628    313 2017  4 13     29     19 0 0
54511 3948 11628    313 2017  4 14     43     13 0 0
54511 3948 11628    313 2017  4 15     31      7 0 0
54511 3948 11628    313 2017  4 16     43     19 0 0
54511 3948 11628    313 2017  4 17     50     16 0 0
54511 3948 11628    313 2017  4 18     13      8 0 0
54511 3948 11628    313 2017  4 19     41     12 0 0
54511 3948 11628    313 2017  4 20     42     11 0 0
54511 3948 11628    313 2017  4 21     29     17 0 0
54511 3948 11628    313 2017  4 22     33     11 0 0
54511 3948 11628    313 2017  4 23     25     14 0 0
54511 3948 11628    313 2017  4 24     30      5 0 0
54511 3948 11628    313 2017  4 25     17      6 0 0
54511 3948 11628    313 2017  4 26     18      9 0 0
54511 3948 11628    313 2017  4 27     16      6 0 0
54511 3948 11628    313 2017  4 28     20      8 0 0
54511 3948 11628    313 2017  4 29     24     11 0 0
54511 3948 11628    313 2017  4 30     23     12 0 0
54511 3948 11628    313 2017  5  1     28     15 0 0
54511 3948 11628    313 2017  5  2     36     19 0 0
54511 3948 11628    313 2017  5  3     55     27 0 0
54511 3948 11628    313 2017  5  4     30      8 0 0
54511 3948 11628    313 2017  5  5     23      7 0 0
54511 3948 11628    313 2017  5  6     21     12 0 0
54511 3948 11628    313 2017  5  7     28     12 0 0
54511 3948 11628    313 2017  5  8     35     13 0 0
54511 3948 11628    313 2017  5  9     46     26 0 0
54511 3948 11628    313 2017  5 10     45     12 0 0
54511 3948 11628    313 2017  5 11     28      6 0 0
54511 3948 11628    313 2017  5 12     18      6 0 0
54511 3948 11628    313 2017  5 13     21     12 0 0
54511 3948 11628    313 2017  5 14     27     19 0 0
54511 3948 11628    313 2017  5 15     30     18 0 0
54511 3948 11628    313 2017  5 16     36     19 0 0
54511 3948 11628    313 2017  5 17     48     29 0 0
54511 3948 11628    313 2017  5 18     51     28 0 0
54511 3948 11628    313 2017  5 19     50     20 0 0
54511 3948 11628    313 2017  5 20     46     23 0 0
54511 3948 11628    313 2017  5 21     56     35 0 0
54511 3948 11628    313 2017  5 22     80     54 0 0
54511 3948 11628    313 2017  5 23     55     21 0 0
54511 3948 11628    313 2017  5 24     36     14 0 0
54511 3948 11628    313 2017  5 25     38     20 0 0
54511 3948 11628    313 2017  5 26     39     28 0 0
54511 3948 11628    313 2017  5 27     48     32 0 0
54511 3948 11628    313 2017  5 28     50     24 0 0
54511 3948 11628    313 2017  5 29     41     30 0 0
54511 3948 11628    313 2017  5 30     64     45 0 0
54511 3948 11628    313 2017  5 31     55     29 0 0
54511 3948 11628    313 2017  6  1     36     18 0 0
54511 3948 11628    313 2017  6  2     50     26 0 0
54511 3948 11628    313 2017  6  3     46     22 0 0
54511 3948 11628    313 2017  6  4     37     20 0 0
54511 3948 11628    313 2017  6  5     38     26 0 0
54511 3948 11628    313 2017  6  6     76     26 0 0
54511 3948 11628    313 2017  6  7     57     27 0 0
54511 3948 11628    313 2017  6  8     41     18 0 0
54511 3948 11628    313 2017  6  9     34     12 0 0
54511 3948 11628    313 2017  6 10     22     15 0 0
54511 3948 11628    313 2017  6 11     37     16 0 0
54511 3948 11628    313 2017  6 12     37     24 0 0
54511 3948 11628    313 2017  6 13     56     41 0 0
54511 3948 11628    313 2017  6 14     49     17 0 0
54511 3948 11628    313 2017  6 15     34     14 0 0
54511 3948 11628    313 2017  6 16     33     16 0 0
54511 3948 11628    313 2017  6 17     36     24 0 0
54511 3948 11628    313 2017  6 18     42     28 0 0
54511 3948 11628    313 2017  6 19     45     22 0 0
54511 3948 11628    313 2017  6 20     43     30 0 0
54511 3948 11628    313 2017  6 21     52     39 0 0
54511 3948 11628    313 2017  6 22     86     56 0 0
54511 3948 11628    313 2017  6 23     91     77 0 0
54511 3948 11628    313 2017  6 24     72     51 0 0
54511 3948 11628    313 2017  6 25     62     33 0 0
54511 3948 11628    313 2017  6 26     54     31 0 0
54511 3948 11628    313 2017  6 27     58     32 0 0
54511 3948 11628    313 2017  6 28     62     42 0 0
54511 3948 11628    313 2017  6 29     61     45 0 0
54511 3948 11628    313 2017  6 30     57     39 0 0
