54406 4027 11558   4879 2013 12  1     81 0
54406 4027 11558   4879 2013 12  2     73 0
54406 4027 11558   4879 2013 12  3     82 0
54406 4027 11558   4879 2013 12  4     79 0
54406 4027 11558   4879 2013 12  5     81 0
54406 4027 11558   4879 2013 12  6     80 0
54406 4027 11558   4879 2013 12  7     77 0
54406 4027 11558   4879 2013 12  8     15 0
54406 4027 11558   4879 2013 12  9     80 0
54406 4027 11558   4879 2013 12 10     78 0
54406 4027 11558   4879 2013 12 11     79 0
54406 4027 11558   4879 2013 12 12     78 0
54406 4027 11558   4879 2013 12 13     78 0
54406 4027 11558   4879 2013 12 14     78 0
54406 4027 11558   4879 2013 12 15     70 0
54406 4027 11558   4879 2013 12 16     59 0
54406 4027 11558   4879 2013 12 17     76 0
54406 4027 11558   4879 2013 12 18     80 0
54406 4027 11558   4879 2013 12 19     79 0
54406 4027 11558   4879 2013 12 20     79 0
54406 4027 11558   4879 2013 12 21     76 0
54406 4027 11558   4879 2013 12 22     70 0
54406 4027 11558   4879 2013 12 23     77 0
54406 4027 11558   4879 2013 12 24     69 0
54406 4027 11558   4879 2013 12 25     71 0
54406 4027 11558   4879 2013 12 26     77 0
54406 4027 11558   4879 2013 12 27     53 0
54406 4027 11558   4879 2013 12 28     78 0
54406 4027 11558   4879 2013 12 29     79 0
54406 4027 11558   4879 2013 12 30     78 0
54406 4027 11558   4879 2013 12 31     77 0
54406 4027 11558   4879 2014  1  1     77 0
54406 4027 11558   4879 2014  1  2     73 0
54406 4027 11558   4879 2014  1  3     78 0
54406 4027 11558   4879 2014  1  4     72 0
54406 4027 11558   4879 2014  1  5     79 0
54406 4027 11558   4879 2014  1  6      0 0
54406 4027 11558   4879 2014  1  7     66 0
54406 4027 11558   4879 2014  1  8     79 0
54406 4027 11558   4879 2014  1  9     81 0
54406 4027 11558   4879 2014  1 10     83 0
54406 4027 11558   4879 2014  1 11     78 0
54406 4027 11558   4879 2014  1 12     83 0
54406 4027 11558   4879 2014  1 13     81 0
54406 4027 11558   4879 2014  1 14     79 0
54406 4027 11558   4879 2014  1 15     78 0
54406 4027 11558   4879 2014  1 16     72 0
54406 4027 11558   4879 2014  1 17     61 0
54406 4027 11558   4879 2014  1 18     75 0
54406 4027 11558   4879 2014  1 19     53 0
54406 4027 11558   4879 2014  1 20     84 0
54406 4027 11558   4879 2014  1 21     87 0
54406 4027 11558   4879 2014  1 22     77 0
54406 4027 11558   4879 2014  1 23     46 0
54406 4027 11558   4879 2014  1 24      0 0
54406 4027 11558   4879 2014  1 25     76 0
54406 4027 11558   4879 2014  1 26     61 0
54406 4027 11558   4879 2014  1 27     73 0
54406 4027 11558   4879 2014  1 28     84 0
54406 4027 11558   4879 2014  1 29     65 0
54406 4027 11558   4879 2014  1 30     75 0
54406 4027 11558   4879 2014  1 31     68 0
54406 4027 11558   4879 2014  2  1     39 0
54406 4027 11558   4879 2014  2  2     87 0
54406 4027 11558   4879 2014  2  3     92 0
54406 4027 11558   4879 2014  2  4     82 0
54406 4027 11558   4879 2014  2  5     79 0
54406 4027 11558   4879 2014  2  6      0 0
54406 4027 11558   4879 2014  2  7      0 0
54406 4027 11558   4879 2014  2  8     91 0
54406 4027 11558   4879 2014  2  9     91 0
54406 4027 11558   4879 2014  2 10     90 0
54406 4027 11558   4879 2014  2 11     78 0
54406 4027 11558   4879 2014  2 12     90 0
54406 4027 11558   4879 2014  2 13      0 0
54406 4027 11558   4879 2014  2 14     26 0
54406 4027 11558   4879 2014  2 15     30 0
54406 4027 11558   4879 2014  2 16     82 0
54406 4027 11558   4879 2014  2 17     31 0
54406 4027 11558   4879 2014  2 18      0 0
54406 4027 11558   4879 2014  2 19     91 0
54406 4027 11558   4879 2014  2 20     82 0
54406 4027 11558   4879 2014  2 21     35 0
54406 4027 11558   4879 2014  2 22      0 0
54406 4027 11558   4879 2014  2 23      0 0
54406 4027 11558   4879 2014  2 24     14 0
54406 4027 11558   4879 2014  2 25      0 0
54406 4027 11558   4879 2014  2 26      0 0
54406 4027 11558   4879 2014  2 27    100 0
54406 4027 11558   4879 2014  2 28     11 0
54406 4027 11558   4879 2014  3  1     91 0
54406 4027 11558   4879 2014  3  2    100 0
54406 4027 11558   4879 2014  3  3      0 0
54406 4027 11558   4879 2014  3  4    105 0
54406 4027 11558   4879 2014  3  5    104 0
54406 4027 11558   4879 2014  3  6    106 0
54406 4027 11558   4879 2014  3  7    104 0
54406 4027 11558   4879 2014  3  8    101 0
54406 4027 11558   4879 2014  3  9     95 0
54406 4027 11558   4879 2014  3 10     69 0
54406 4027 11558   4879 2014  3 11     32 0
54406 4027 11558   4879 2014  3 12     80 0
54406 4027 11558   4879 2014  3 13     98 0
54406 4027 11558   4879 2014  3 14    106 0
54406 4027 11558   4879 2014  3 15    102 0
54406 4027 11558   4879 2014  3 16     93 0
54406 4027 11558   4879 2014  3 17     99 0
54406 4027 11558   4879 2014  3 18     85 0
54406 4027 11558   4879 2014  3 19     43 0
54406 4027 11558   4879 2014  3 20    111 0
54406 4027 11558   4879 2014  3 21    107 0
54406 4027 11558   4879 2014  3 22    110 0
54406 4027 11558   4879 2014  3 23     91 0
54406 4027 11558   4879 2014  3 24     95 0
54406 4027 11558   4879 2014  3 25     96 0
54406 4027 11558   4879 2014  3 26     93 0
54406 4027 11558   4879 2014  3 27      0 0
54406 4027 11558   4879 2014  3 28     82 0
54406 4027 11558   4879 2014  3 29    115 0
54406 4027 11558   4879 2014  3 30    110 0
54406 4027 11558   4879 2014  3 31      0 0
54406 4027 11558   4879 2014  4  1    108 0
54406 4027 11558   4879 2014  4  2    103 0
54406 4027 11558   4879 2014  4  3    120 0
54406 4027 11558   4879 2014  4  4    118 0
54406 4027 11558   4879 2014  4  5    120 0
54406 4027 11558   4879 2014  4  6    118 0
54406 4027 11558   4879 2014  4  7    107 0
54406 4027 11558   4879 2014  4  8     91 0
54406 4027 11558   4879 2014  4  9    108 0
54406 4027 11558   4879 2014  4 10     12 0
54406 4027 11558   4879 2014  4 11     55 0
54406 4027 11558   4879 2014  4 12     97 0
54406 4027 11558   4879 2014  4 13    103 0
54406 4027 11558   4879 2014  4 14     94 0
54406 4027 11558   4879 2014  4 15      0 0
54406 4027 11558   4879 2014  4 16     16 0
54406 4027 11558   4879 2014  4 17      9 0
54406 4027 11558   4879 2014  4 18     65 0
54406 4027 11558   4879 2014  4 19     34 0
54406 4027 11558   4879 2014  4 20     96 0
54406 4027 11558   4879 2014  4 21    106 0
54406 4027 11558   4879 2014  4 22    122 0
54406 4027 11558   4879 2014  4 23     88 0
54406 4027 11558   4879 2014  4 24     74 0
54406 4027 11558   4879 2014  4 25     47 0
54406 4027 11558   4879 2014  4 26    116 0
54406 4027 11558   4879 2014  4 27    122 0
54406 4027 11558   4879 2014  4 28    118 0
54406 4027 11558   4879 2014  4 29    118 0
54406 4027 11558   4879 2014  4 30    118 0
54406 4027 11558   4879 2014  5  1     56 0
54406 4027 11558   4879 2014  5  2     73 0
54406 4027 11558   4879 2014  5  3     96 0
54406 4027 11558   4879 2014  5  4    113 0
54406 4027 11558   4879 2014  5  5    128 0
54406 4027 11558   4879 2014  5  6     69 0
54406 4027 11558   4879 2014  5  7    128 0
54406 4027 11558   4879 2014  5  8     86 0
54406 4027 11558   4879 2014  5  9      0 0
54406 4027 11558   4879 2014  5 10      0 0
54406 4027 11558   4879 2014  5 11      0 0
54406 4027 11558   4879 2014  5 12    110 0
54406 4027 11558   4879 2014  5 13    113 0
54406 4027 11558   4879 2014  5 14     55 0
54406 4027 11558   4879 2014  5 15    118 0
54406 4027 11558   4879 2014  5 16    121 0
54406 4027 11558   4879 2014  5 17     83 0
54406 4027 11558   4879 2014  5 18     90 0
54406 4027 11558   4879 2014  5 19    119 0
54406 4027 11558   4879 2014  5 20    119 0
54406 4027 11558   4879 2014  5 21    108 0
54406 4027 11558   4879 2014  5 22    121 0
54406 4027 11558   4879 2014  5 23    103 0
54406 4027 11558   4879 2014  5 24     18 0
54406 4027 11558   4879 2014  5 25    113 0
54406 4027 11558   4879 2014  5 26    123 0
54406 4027 11558   4879 2014  5 27    118 0
54406 4027 11558   4879 2014  5 28    130 0
54406 4027 11558   4879 2014  5 29    134 0
54406 4027 11558   4879 2014  5 30    118 0
54406 4027 11558   4879 2014  5 31     81 0
54406 4027 11558   4879 2014  6  1      0 0
54406 4027 11558   4879 2014  6  2     90 0
54406 4027 11558   4879 2014  6  3    121 0
54406 4027 11558   4879 2014  6  4     83 0
54406 4027 11558   4879 2014  6  5    122 0
54406 4027 11558   4879 2014  6  6     15 0
54406 4027 11558   4879 2014  6  7    133 0
54406 4027 11558   4879 2014  6  8     78 0
54406 4027 11558   4879 2014  6  9    105 0
54406 4027 11558   4879 2014  6 10     65 0
54406 4027 11558   4879 2014  6 11    133 0
54406 4027 11558   4879 2014  6 12    128 0
54406 4027 11558   4879 2014  6 13     66 0
54406 4027 11558   4879 2014  6 14    133 0
54406 4027 11558   4879 2014  6 15     59 0
54406 4027 11558   4879 2014  6 16     73 0
54406 4027 11558   4879 2014  6 17     56 0
54406 4027 11558   4879 2014  6 18    122 0
54406 4027 11558   4879 2014  6 19     57 0
54406 4027 11558   4879 2014  6 20     92 0
54406 4027 11558   4879 2014  6 21     40 0
54406 4027 11558   4879 2014  6 22     65 0
54406 4027 11558   4879 2014  6 23    135 0
54406 4027 11558   4879 2014  6 24    114 0
54406 4027 11558   4879 2014  6 25      0 0
54406 4027 11558   4879 2014  6 26     85 0
54406 4027 11558   4879 2014  6 27    136 0
54406 4027 11558   4879 2014  6 28    134 0
54406 4027 11558   4879 2014  6 29     96 0
54406 4027 11558   4879 2014  6 30     50 0
54406 4027 11558   4879 2014  7  1     56 0
54406 4027 11558   4879 2014  7  2     11 0
54406 4027 11558   4879 2014  7  3     20 0
54406 4027 11558   4879 2014  7  4    105 0
54406 4027 11558   4879 2014  7  5     97 0
54406 4027 11558   4879 2014  7  6     71 0
54406 4027 11558   4879 2014  7  7      0 0
54406 4027 11558   4879 2014  7  8     79 0
54406 4027 11558   4879 2014  7  9     29 0
54406 4027 11558   4879 2014  7 10    124 0
54406 4027 11558   4879 2014  7 11    135 0
54406 4027 11558   4879 2014  7 12    115 0
54406 4027 11558   4879 2014  7 13    132 0
54406 4027 11558   4879 2014  7 14    113 0
54406 4027 11558   4879 2014  7 15     93 0
54406 4027 11558   4879 2014  7 16     67 0
54406 4027 11558   4879 2014  7 17     58 0
54406 4027 11558   4879 2014  7 18     73 0
54406 4027 11558   4879 2014  7 19    107 0
54406 4027 11558   4879 2014  7 20     89 0
54406 4027 11558   4879 2014  7 21     18 0
54406 4027 11558   4879 2014  7 22      5 0
54406 4027 11558   4879 2014  7 23     41 0
54406 4027 11558   4879 2014  7 24     55 0
54406 4027 11558   4879 2014  7 25    130 0
54406 4027 11558   4879 2014  7 26    111 0
54406 4027 11558   4879 2014  7 27    113 0
54406 4027 11558   4879 2014  7 28    117 0
54406 4027 11558   4879 2014  7 29     55 0
54406 4027 11558   4879 2014  7 30     82 0
54406 4027 11558   4879 2014  7 31     85 0
54406 4027 11558   4879 2014  8  1     18 0
54406 4027 11558   4879 2014  8  2     83 0
54406 4027 11558   4879 2014  8  3     17 0
54406 4027 11558   4879 2014  8  4     15 0
54406 4027 11558   4879 2014  8  5     91 0
54406 4027 11558   4879 2014  8  6    125 0
54406 4027 11558   4879 2014  8  7    122 0
54406 4027 11558   4879 2014  8  8     68 0
54406 4027 11558   4879 2014  8  9     78 0
54406 4027 11558   4879 2014  8 10    127 0
54406 4027 11558   4879 2014  8 11    127 0
54406 4027 11558   4879 2014  8 12     71 0
54406 4027 11558   4879 2014  8 13     25 0
54406 4027 11558   4879 2014  8 14     99 0
54406 4027 11558   4879 2014  8 15    114 0
54406 4027 11558   4879 2014  8 16    119 0
54406 4027 11558   4879 2014  8 17     77 0
54406 4027 11558   4879 2014  8 18     94 0
54406 4027 11558   4879 2014  8 19     92 0
54406 4027 11558   4879 2014  8 20     86 0
54406 4027 11558   4879 2014  8 21     64 0
54406 4027 11558   4879 2014  8 22     22 0
54406 4027 11558   4879 2014  8 23     94 0
54406 4027 11558   4879 2014  8 24     85 0
54406 4027 11558   4879 2014  8 25    121 0
54406 4027 11558   4879 2014  8 26    121 0
54406 4027 11558   4879 2014  8 27    116 0
54406 4027 11558   4879 2014  8 28      0 0
54406 4027 11558   4879 2014  8 29      4 0
54406 4027 11558   4879 2014  8 30      0 0
54406 4027 11558   4879 2014  8 31     44 0
54406 4027 11558   4879 2014  9  1      0 0
54406 4027 11558   4879 2014  9  2      0 0
54406 4027 11558   4879 2014  9  3    108 0
54406 4027 11558   4879 2014  9  4    121 0
54406 4027 11558   4879 2014  9  5    101 0
54406 4027 11558   4879 2014  9  6     49 0
54406 4027 11558   4879 2014  9  7     51 0
54406 4027 11558   4879 2014  9  8    121 0
54406 4027 11558   4879 2014  9  9    115 0
54406 4027 11558   4879 2014  9 10     95 0
54406 4027 11558   4879 2014  9 11      0 0
54406 4027 11558   4879 2014  9 12      0 0
54406 4027 11558   4879 2014  9 13     59 0
54406 4027 11558   4879 2014  9 14     23 0
54406 4027 11558   4879 2014  9 15    112 0
54406 4027 11558   4879 2014  9 16      6 0
54406 4027 11558   4879 2014  9 17     47 0
54406 4027 11558   4879 2014  9 18     97 0
54406 4027 11558   4879 2014  9 19     84 0
54406 4027 11558   4879 2014  9 20     60 0
54406 4027 11558   4879 2014  9 21     41 0
54406 4027 11558   4879 2014  9 22      0 0
54406 4027 11558   4879 2014  9 23      0 0
54406 4027 11558   4879 2014  9 24     22 0
54406 4027 11558   4879 2014  9 25     44 0
54406 4027 11558   4879 2014  9 26      0 0
54406 4027 11558   4879 2014  9 27    100 0
54406 4027 11558   4879 2014  9 28     14 0
54406 4027 11558   4879 2014  9 29     87 0
54406 4027 11558   4879 2014  9 30     39 0
54406 4027 11558   4879 2014 10  1      0 0
54406 4027 11558   4879 2014 10  2     31 0
54406 4027 11558   4879 2014 10  3     29 0
54406 4027 11558   4879 2014 10  4     17 0
54406 4027 11558   4879 2014 10  5    101 0
54406 4027 11558   4879 2014 10  6    103 0
54406 4027 11558   4879 2014 10  7     97 0
54406 4027 11558   4879 2014 10  8      0 0
54406 4027 11558   4879 2014 10  9      0 0
54406 4027 11558   4879 2014 10 10      0 0
54406 4027 11558   4879 2014 10 11      0 0
54406 4027 11558   4879 2014 10 12     24 0
54406 4027 11558   4879 2014 10 13    102 0
54406 4027 11558   4879 2014 10 14     99 0
54406 4027 11558   4879 2014 10 15     99 0
54406 4027 11558   4879 2014 10 16     97 0
54406 4027 11558   4879 2014 10 17     89 0
54406 4027 11558   4879 2014 10 18     92 0
54406 4027 11558   4879 2014 10 19      0 0
54406 4027 11558   4879 2014 10 20     20 0
54406 4027 11558   4879 2014 10 21     32 0
54406 4027 11558   4879 2014 10 22     71 0
54406 4027 11558   4879 2014 10 23     36 0
54406 4027 11558   4879 2014 10 24     43 0
54406 4027 11558   4879 2014 10 25     47 0
54406 4027 11558   4879 2014 10 26     92 0
54406 4027 11558   4879 2014 10 27     93 0
54406 4027 11558   4879 2014 10 28     68 0
54406 4027 11558   4879 2014 10 29     47 0
54406 4027 11558   4879 2014 10 30      0 0
54406 4027 11558   4879 2014 10 31      0 0
54406 4027 11558   4879 2014 11  1     45 0
54406 4027 11558   4879 2014 11  2     92 0
54406 4027 11558   4879 2014 11  3     93 0
54406 4027 11558   4879 2014 11  4     82 0
54406 4027 11558   4879 2014 11  5     91 0
54406 4027 11558   4879 2014 11  6     60 0
54406 4027 11558   4879 2014 11  7     41 0
54406 4027 11558   4879 2014 11  8     82 0
54406 4027 11558   4879 2014 11  9     91 0
54406 4027 11558   4879 2014 11 10     54 0
54406 4027 11558   4879 2014 11 11     39 0
54406 4027 11558   4879 2014 11 12     89 0
54406 4027 11558   4879 2014 11 13     90 0
54406 4027 11558   4879 2014 11 14     91 0
54406 4027 11558   4879 2014 11 15     47 0
54406 4027 11558   4879 2014 11 16     64 0
54406 4027 11558   4879 2014 11 17     88 0
54406 4027 11558   4879 2014 11 18     81 0
54406 4027 11558   4879 2014 11 19     43 0
54406 4027 11558   4879 2014 11 20     44 0
54406 4027 11558   4879 2014 11 21     83 0
54406 4027 11558   4879 2014 11 22     73 0
54406 4027 11558   4879 2014 11 23     34 0
54406 4027 11558   4879 2014 11 24     76 0
54406 4027 11558   4879 2014 11 25     62 0
54406 4027 11558   4879 2014 11 26     25 0
54406 4027 11558   4879 2014 11 27      0 0
54406 4027 11558   4879 2014 11 28     76 0
54406 4027 11558   4879 2014 11 29      0 0
54406 4027 11558   4879 2014 11 30     55 0
54406 4027 11558   4879 2014 12  1     81 0
54406 4027 11558   4879 2014 12  2     84 0
54406 4027 11558   4879 2014 12  3     86 0
54406 4027 11558   4879 2014 12  4     81 0
54406 4027 11558   4879 2014 12  5     81 0
54406 4027 11558   4879 2014 12  6     54 0
54406 4027 11558   4879 2014 12  7     73 0
54406 4027 11558   4879 2014 12  8     80 0
54406 4027 11558   4879 2014 12  9      0 0
54406 4027 11558   4879 2014 12 10     75 0
54406 4027 11558   4879 2014 12 11     80 0
54406 4027 11558   4879 2014 12 12     77 0
54406 4027 11558   4879 2014 12 13     78 0
54406 4027 11558   4879 2014 12 14     79 0
54406 4027 11558   4879 2014 12 15     71 0
54406 4027 11558   4879 2014 12 16     75 0
54406 4027 11558   4879 2014 12 17     79 0
54406 4027 11558   4879 2014 12 18     62 0
54406 4027 11558   4879 2014 12 19     79 0
54406 4027 11558   4879 2014 12 20     80 0
54406 4027 11558   4879 2014 12 21     71 0
54406 4027 11558   4879 2014 12 22     74 0
54406 4027 11558   4879 2014 12 23     72 0
54406 4027 11558   4879 2014 12 24     74 0
54406 4027 11558   4879 2014 12 25     76 0
54406 4027 11558   4879 2014 12 26     63 0
54406 4027 11558   4879 2014 12 27     63 0
54406 4027 11558   4879 2014 12 28     71 0
54406 4027 11558   4879 2014 12 29     77 0
54406 4027 11558   4879 2014 12 30     48 0
54406 4027 11558   4879 2014 12 31     79 0
54406 4027 11558   4879 2015  1  1     79 0
54406 4027 11558   4879 2015  1  2     79 0
54406 4027 11558   4879 2015  1  3     65 0
54406 4027 11558   4879 2015  1  4     66 0
54406 4027 11558   4879 2015  1  5     44 0
54406 4027 11558   4879 2015  1  6     80 0
54406 4027 11558   4879 2015  1  7     66 0
54406 4027 11558   4879 2015  1  8     77 0
54406 4027 11558   4879 2015  1  9     81 0
54406 4027 11558   4879 2015  1 10     76 0
54406 4027 11558   4879 2015  1 11     81 0
54406 4027 11558   4879 2015  1 12     25 0
54406 4027 11558   4879 2015  1 13     58 0
54406 4027 11558   4879 2015  1 14      0 0
54406 4027 11558   4879 2015  1 15      0 0
54406 4027 11558   4879 2015  1 16     80 0
54406 4027 11558   4879 2015  1 17     76 0
54406 4027 11558   4879 2015  1 18     51 0
54406 4027 11558   4879 2015  1 19     85 0
54406 4027 11558   4879 2015  1 20     60 0
54406 4027 11558   4879 2015  1 21     84 0
54406 4027 11558   4879 2015  1 22     81 0
54406 4027 11558   4879 2015  1 23     55 0
54406 4027 11558   4879 2015  1 24      0 0
54406 4027 11558   4879 2015  1 25     22 0
54406 4027 11558   4879 2015  1 26     70 0
54406 4027 11558   4879 2015  1 27     87 0
54406 4027 11558   4879 2015  1 28     80 0
54406 4027 11558   4879 2015  1 29     81 0
54406 4027 11558   4879 2015  1 30     87 0
54406 4027 11558   4879 2015  1 31     88 0
54406 4027 11558   4879 2015  2  1     69 0
54406 4027 11558   4879 2015  2  2     21 0
54406 4027 11558   4879 2015  2  3     73 0
54406 4027 11558   4879 2015  2  4     83 0
54406 4027 11558   4879 2015  2  5     89 0
54406 4027 11558   4879 2015  2  6     79 0
54406 4027 11558   4879 2015  2  7     73 0
54406 4027 11558   4879 2015  2  8     91 0
54406 4027 11558   4879 2015  2  9     87 0
54406 4027 11558   4879 2015  2 10     79 0
54406 4027 11558   4879 2015  2 11     92 0
54406 4027 11558   4879 2015  2 12     88 0
54406 4027 11558   4879 2015  2 13     94 0
54406 4027 11558   4879 2015  2 14     80 0
54406 4027 11558   4879 2015  2 15      0 0
54406 4027 11558   4879 2015  2 16     94 0
54406 4027 11558   4879 2015  2 17     93 0
54406 4027 11558   4879 2015  2 18     92 0
54406 4027 11558   4879 2015  2 19      0 0
54406 4027 11558   4879 2015  2 20      0 0
54406 4027 11558   4879 2015  2 21     27 0
54406 4027 11558   4879 2015  2 22     88 0
54406 4027 11558   4879 2015  2 23     93 0
54406 4027 11558   4879 2015  2 24     88 0
54406 4027 11558   4879 2015  2 25     90 0
54406 4027 11558   4879 2015  2 26     93 0
54406 4027 11558   4879 2015  2 27      0 0
54406 4027 11558   4879 2015  2 28     62 0
54406 4027 11558   4879 2015  3  1    102 0
54406 4027 11558   4879 2015  3  2     76 0
54406 4027 11558   4879 2015  3  3    102 0
54406 4027 11558   4879 2015  3  4    100 0
54406 4027 11558   4879 2015  3  5     91 0
54406 4027 11558   4879 2015  3  6     81 0
54406 4027 11558   4879 2015  3  7     75 0
54406 4027 11558   4879 2015  3  8     83 0
54406 4027 11558   4879 2015  3  9    102 0
54406 4027 11558   4879 2015  3 10    106 0
54406 4027 11558   4879 2015  3 11    107 0
54406 4027 11558   4879 2015  3 12     94 0
54406 4027 11558   4879 2015  3 13     99 0
54406 4027 11558   4879 2015  3 14     37 0
54406 4027 11558   4879 2015  3 15    102 0
54406 4027 11558   4879 2015  3 16     72 0
54406 4027 11558   4879 2015  3 17     93 0
54406 4027 11558   4879 2015  3 18     47 0
54406 4027 11558   4879 2015  3 19     58 0
54406 4027 11558   4879 2015  3 20    102 0
54406 4027 11558   4879 2015  3 21    111 0
54406 4027 11558   4879 2015  3 22    112 0
54406 4027 11558   4879 2015  3 23    111 0
54406 4027 11558   4879 2015  3 24    104 0
54406 4027 11558   4879 2015  3 25     82 0
54406 4027 11558   4879 2015  3 26     75 0
54406 4027 11558   4879 2015  3 27     82 0
54406 4027 11558   4879 2015  3 28    108 0
54406 4027 11558   4879 2015  3 29     77 0
54406 4027 11558   4879 2015  3 30     58 0
54406 4027 11558   4879 2015  3 31      0 0
54406 4027 11558   4879 2015  4  1     10 0
54406 4027 11558   4879 2015  4  2      0 0
54406 4027 11558   4879 2015  4  3     98 0
54406 4027 11558   4879 2015  4  4     17 0
54406 4027 11558   4879 2015  4  5    103 0
54406 4027 11558   4879 2015  4  6     92 0
54406 4027 11558   4879 2015  4  7    115 0
54406 4027 11558   4879 2015  4  8     98 0
54406 4027 11558   4879 2015  4  9     73 0
54406 4027 11558   4879 2015  4 10     77 0
54406 4027 11558   4879 2015  4 11     71 0
54406 4027 11558   4879 2015  4 12      0 0
54406 4027 11558   4879 2015  4 13    104 0
54406 4027 11558   4879 2015  4 14    114 0
54406 4027 11558   4879 2015  4 15     78 0
54406 4027 11558   4879 2015  4 16    119 0
54406 4027 11558   4879 2015  4 17    100 0
54406 4027 11558   4879 2015  4 18      4 0
54406 4027 11558   4879 2015  4 19     72 0
54406 4027 11558   4879 2015  4 20    120 0
54406 4027 11558   4879 2015  4 21    102 0
54406 4027 11558   4879 2015  4 22    119 0
54406 4027 11558   4879 2015  4 23    110 0
54406 4027 11558   4879 2015  4 24    125 0
54406 4027 11558   4879 2015  4 25    119 0
54406 4027 11558   4879 2015  4 26    110 0
54406 4027 11558   4879 2015  4 27     51 0
54406 4027 11558   4879 2015  4 28     54 0
54406 4027 11558   4879 2015  4 29     99 0
54406 4027 11558   4879 2015  4 30     46 0
54406 4027 11558   4879 2015  5  1      0 0
54406 4027 11558   4879 2015  5  2     55 0
54406 4027 11558   4879 2015  5  3    118 0
54406 4027 11558   4879 2015  5  4    126 0
54406 4027 11558   4879 2015  5  5    117 0
54406 4027 11558   4879 2015  5  6     87 0
54406 4027 11558   4879 2015  5  7    103 0
54406 4027 11558   4879 2015  5  8    120 0
54406 4027 11558   4879 2015  5  9      0 0
54406 4027 11558   4879 2015  5 10      0 0
54406 4027 11558   4879 2015  5 11     46 0
54406 4027 11558   4879 2015  5 12    121 0
54406 4027 11558   4879 2015  5 13    112 0
54406 4027 11558   4879 2015  5 14    124 0
54406 4027 11558   4879 2015  5 15    102 0
54406 4027 11558   4879 2015  5 16    127 0
54406 4027 11558   4879 2015  5 17     74 0
54406 4027 11558   4879 2015  5 18    122 0
54406 4027 11558   4879 2015  5 19    116 0
54406 4027 11558   4879 2015  5 20    125 0
54406 4027 11558   4879 2015  5 21    116 0
54406 4027 11558   4879 2015  5 22    120 0
54406 4027 11558   4879 2015  5 23     91 0
54406 4027 11558   4879 2015  5 24     81 0
54406 4027 11558   4879 2015  5 25    105 0
54406 4027 11558   4879 2015  5 26    100 0
54406 4027 11558   4879 2015  5 27    101 0
54406 4027 11558   4879 2015  5 28      0 0
54406 4027 11558   4879 2015  5 29     59 0
54406 4027 11558   4879 2015  5 30    102 0
54406 4027 11558   4879 2015  5 31     98 0
54406 4027 11558   4879 2015  6  1     90 0
54406 4027 11558   4879 2015  6  2    135 0
54406 4027 11558   4879 2015  6  3     97 0
54406 4027 11558   4879 2015  6  4     24 0
54406 4027 11558   4879 2015  6  5    111 0
54406 4027 11558   4879 2015  6  6    113 0
54406 4027 11558   4879 2015  6  7     60 0
54406 4027 11558   4879 2015  6  8    121 0
54406 4027 11558   4879 2015  6  9     69 0
54406 4027 11558   4879 2015  6 10      0 0
54406 4027 11558   4879 2015  6 11     49 0
54406 4027 11558   4879 2015  6 12     43 0
54406 4027 11558   4879 2015  6 13     64 0
54406 4027 11558   4879 2015  6 14    105 0
54406 4027 11558   4879 2015  6 15     67 0
54406 4027 11558   4879 2015  6 16     53 0
54406 4027 11558   4879 2015  6 17     60 0
54406 4027 11558   4879 2015  6 18    126 0
54406 4027 11558   4879 2015  6 19     67 0
54406 4027 11558   4879 2015  6 20    135 0
54406 4027 11558   4879 2015  6 21    118 0
54406 4027 11558   4879 2015  6 22     54 0
54406 4027 11558   4879 2015  6 23      0 0
54406 4027 11558   4879 2015  6 24      0 0
54406 4027 11558   4879 2015  6 25      0 0
54406 4027 11558   4879 2015  6 26     30 0
54406 4027 11558   4879 2015  6 27     24 0
54406 4027 11558   4879 2015  6 28      0 0
54406 4027 11558   4879 2015  6 29      0 0
54406 4027 11558   4879 2015  6 30     77 0
54406 4027 11558   4879 2015  7  1     71 0
54406 4027 11558   4879 2015  7  2    132 0
54406 4027 11558   4879 2015  7  3    115 0
54406 4027 11558   4879 2015  7  4      9 0
54406 4027 11558   4879 2015  7  5     95 0
54406 4027 11558   4879 2015  7  6     16 0
54406 4027 11558   4879 2015  7  7     72 0
54406 4027 11558   4879 2015  7  8     37 0
54406 4027 11558   4879 2015  7  9    103 0
54406 4027 11558   4879 2015  7 10     66 0
54406 4027 11558   4879 2015  7 11     33 0
54406 4027 11558   4879 2015  7 12     88 0
54406 4027 11558   4879 2015  7 13     81 0
54406 4027 11558   4879 2015  7 14     67 0
54406 4027 11558   4879 2015  7 15      0 0
54406 4027 11558   4879 2015  7 16      0 0
54406 4027 11558   4879 2015  7 17      0 0
54406 4027 11558   4879 2015  7 18     23 0
54406 4027 11558   4879 2015  7 19     29 0
54406 4027 11558   4879 2015  7 20     42 0
54406 4027 11558   4879 2015  7 21     23 0
54406 4027 11558   4879 2015  7 22     25 0
54406 4027 11558   4879 2015  7 23     54 0
54406 4027 11558   4879 2015  7 24     80 0
54406 4027 11558   4879 2015  7 25     64 0
54406 4027 11558   4879 2015  7 26     83 0
54406 4027 11558   4879 2015  7 27      0 0
54406 4027 11558   4879 2015  7 28     43 0
54406 4027 11558   4879 2015  7 29     68 0
54406 4027 11558   4879 2015  7 30      0 0
54406 4027 11558   4879 2015  7 31      0 0
54406 4027 11558   4879 2015  8  1      0 0
54406 4027 11558   4879 2015  8  2     68 0
54406 4027 11558   4879 2015  8  3      0 0
54406 4027 11558   4879 2015  8  4    112 0
54406 4027 11558   4879 2015  8  5     69 0
54406 4027 11558   4879 2015  8  6     65 0
54406 4027 11558   4879 2015  8  7     50 0
54406 4027 11558   4879 2015  8  8     53 0
54406 4027 11558   4879 2015  8  9    100 0
54406 4027 11558   4879 2015  8 10    111 0
54406 4027 11558   4879 2015  8 11    113 0
54406 4027 11558   4879 2015  8 12    103 0
54406 4027 11558   4879 2015  8 13     80 0
54406 4027 11558   4879 2015  8 14     69 0
54406 4027 11558   4879 2015  8 15    121 0
54406 4027 11558   4879 2015  8 16    116 0
54406 4027 11558   4879 2015  8 17     39 0
54406 4027 11558   4879 2015  8 18     16 0
54406 4027 11558   4879 2015  8 19     80 0
54406 4027 11558   4879 2015  8 20     89 0
54406 4027 11558   4879 2015  8 21     55 0
54406 4027 11558   4879 2015  8 22     75 0
54406 4027 11558   4879 2015  8 23     45 0
54406 4027 11558   4879 2015  8 24     70 0
54406 4027 11558   4879 2015  8 25     72 0
54406 4027 11558   4879 2015  8 26     75 0
54406 4027 11558   4879 2015  8 27     84 0
54406 4027 11558   4879 2015  8 28     72 0
54406 4027 11558   4879 2015  8 29     76 0
54406 4027 11558   4879 2015  8 30      0 0
54406 4027 11558   4879 2015  8 31     23 0
54406 4027 11558   4879 2015  9  1      0 0
54406 4027 11558   4879 2015  9  2    101 0
54406 4027 11558   4879 2015  9  3     98 0
54406 4027 11558   4879 2015  9  4      0 0
54406 4027 11558   4879 2015  9  5      0 0
54406 4027 11558   4879 2015  9  6     80 0
54406 4027 11558   4879 2015  9  7     92 0
54406 4027 11558   4879 2015  9  8     34 0
54406 4027 11558   4879 2015  9  9      0 0
54406 4027 11558   4879 2015  9 10      0 0
54406 4027 11558   4879 2015  9 11     27 0
54406 4027 11558   4879 2015  9 12    102 0
54406 4027 11558   4879 2015  9 13    109 0
54406 4027 11558   4879 2015  9 14     64 0
54406 4027 11558   4879 2015  9 15     82 0
54406 4027 11558   4879 2015  9 16     41 0
54406 4027 11558   4879 2015  9 17      0 0
54406 4027 11558   4879 2015  9 18     55 0
54406 4027 11558   4879 2015  9 19    101 0
54406 4027 11558   4879 2015  9 20     57 0
54406 4027 11558   4879 2015  9 21      0 0
54406 4027 11558   4879 2015  9 22      5 0
54406 4027 11558   4879 2015  9 23     25 0
54406 4027 11558   4879 2015  9 24      0 0
54406 4027 11558   4879 2015  9 25    105 0
54406 4027 11558   4879 2015  9 26    105 0
54406 4027 11558   4879 2015  9 27     81 0
54406 4027 11558   4879 2015  9 28      0 0
54406 4027 11558   4879 2015  9 29      0 0
54406 4027 11558   4879 2015  9 30     33 0
54406 4027 11558   4879 2015 10  1    105 0
54406 4027 11558   4879 2015 10  2    104 0
54406 4027 11558   4879 2015 10  3    104 0
54406 4027 11558   4879 2015 10  4    103 0
54406 4027 11558   4879 2015 10  5     90 0
54406 4027 11558   4879 2015 10  6     96 0
54406 4027 11558   4879 2015 10  7     62 0
54406 4027 11558   4879 2015 10  8    105 0
54406 4027 11558   4879 2015 10  9     87 0
54406 4027 11558   4879 2015 10 10    102 0
54406 4027 11558   4879 2015 10 11    103 0
54406 4027 11558   4879 2015 10 12    103 0
54406 4027 11558   4879 2015 10 13    101 0
54406 4027 11558   4879 2015 10 14     66 0
54406 4027 11558   4879 2015 10 15     95 0
54406 4027 11558   4879 2015 10 16     93 0
54406 4027 11558   4879 2015 10 17     63 0
54406 4027 11558   4879 2015 10 18     88 0
54406 4027 11558   4879 2015 10 19     95 0
54406 4027 11558   4879 2015 10 20      0 0
54406 4027 11558   4879 2015 10 21      0 0
54406 4027 11558   4879 2015 10 22      0 0
54406 4027 11558   4879 2015 10 23     87 0
54406 4027 11558   4879 2015 10 24     79 0
54406 4027 11558   4879 2015 10 25     14 0
54406 4027 11558   4879 2015 10 26     38 0
54406 4027 11558   4879 2015 10 27     85 0
54406 4027 11558   4879 2015 10 28     92 0
54406 4027 11558   4879 2015 10 29     91 0
54406 4027 11558   4879 2015 10 30     92 0
54406 4027 11558   4879 2015 10 31     91 0
54406 4027 11558   4879 2015 11  1     90 0
54406 4027 11558   4879 2015 11  2     90 0
54406 4027 11558   4879 2015 11  3     82 0
54406 4027 11558   4879 2015 11  4      0 0
54406 4027 11558   4879 2015 11  5      0 0
54406 4027 11558   4879 2015 11  6      0 0
54406 4027 11558   4879 2015 11  7      0 0
54406 4027 11558   4879 2015 11  8      0 0
54406 4027 11558   4879 2015 11  9     82 0
54406 4027 11558   4879 2015 11 10      0 0
54406 4027 11558   4879 2015 11 11      0 0
54406 4027 11558   4879 2015 11 12      0 0
54406 4027 11558   4879 2015 11 13      0 0
54406 4027 11558   4879 2015 11 14      0 0
54406 4027 11558   4879 2015 11 15     33 0
54406 4027 11558   4879 2015 11 16      0 0
54406 4027 11558   4879 2015 11 17     29 0
54406 4027 11558   4879 2015 11 18      0 0
54406 4027 11558   4879 2015 11 19      0 0
54406 4027 11558   4879 2015 11 20      0 0
54406 4027 11558   4879 2015 11 21      0 0
54406 4027 11558   4879 2015 11 22      0 0
54406 4027 11558   4879 2015 11 23     54 0
54406 4027 11558   4879 2015 11 24      2 0
54406 4027 11558   4879 2015 11 25     22 0
54406 4027 11558   4879 2015 11 26     83 0
54406 4027 11558   4879 2015 11 27     43 0
54406 4027 11558   4879 2015 11 28      0 0
54406 4027 11558   4879 2015 11 29     65 0
54406 4027 11558   4879 2015 11 30     64 0
54406 4027 11558   4879 2015 12  1      0 0
54406 4027 11558   4879 2015 12  2     58 0
54406 4027 11558   4879 2015 12  3     81 0
54406 4027 11558   4879 2015 12  4     81 0
54406 4027 11558   4879 2015 12  5     81 0
54406 4027 11558   4879 2015 12  6     69 0
54406 4027 11558   4879 2015 12  7      0 0
54406 4027 11558   4879 2015 12  8      0 0
54406 4027 11558   4879 2015 12  9      0 0
54406 4027 11558   4879 2015 12 10     78 0
54406 4027 11558   4879 2015 12 11     78 0
54406 4027 11558   4879 2015 12 12     51 0
54406 4027 11558   4879 2015 12 13     20 0
54406 4027 11558   4879 2015 12 14     48 0
54406 4027 11558   4879 2015 12 15     68 0
54406 4027 11558   4879 2015 12 16     82 0
54406 4027 11558   4879 2015 12 17     75 0
54406 4027 11558   4879 2015 12 18     74 0
54406 4027 11558   4879 2015 12 19     33 0
54406 4027 11558   4879 2015 12 20      0 0
54406 4027 11558   4879 2015 12 21      0 0
54406 4027 11558   4879 2015 12 22      0 0
54406 4027 11558   4879 2015 12 23     26 0
54406 4027 11558   4879 2015 12 24     73 0
54406 4027 11558   4879 2015 12 25     72 0
54406 4027 11558   4879 2015 12 26     73 0
54406 4027 11558   4879 2015 12 27     56 0
54406 4027 11558   4879 2015 12 28     70 0
54406 4027 11558   4879 2015 12 29     19 0
54406 4027 11558   4879 2015 12 30     72 0
54406 4027 11558   4879 2015 12 31     70 0
54406 4027 11558   4879 2016  1  1     61 0
54406 4027 11558   4879 2016  1  2     32 0
54406 4027 11558   4879 2016  1  3     60 0
54406 4027 11558   4879 2016  1  4     75 0
54406 4027 11558   4879 2016  1  5     80 0
54406 4027 11558   4879 2016  1  6     79 0
54406 4027 11558   4879 2016  1  7     78 0
54406 4027 11558   4879 2016  1  8     79 0
54406 4027 11558   4879 2016  1  9     72 0
54406 4027 11558   4879 2016  1 10     61 0
54406 4027 11558   4879 2016  1 11     80 0
54406 4027 11558   4879 2016  1 12     79 0
54406 4027 11558   4879 2016  1 13     71 0
54406 4027 11558   4879 2016  1 14     73 0
54406 4027 11558   4879 2016  1 15     67 0
54406 4027 11558   4879 2016  1 16      0 0
54406 4027 11558   4879 2016  1 17     77 0
54406 4027 11558   4879 2016  1 18     79 0
54406 4027 11558   4879 2016  1 19     81 0
54406 4027 11558   4879 2016  1 20     40 0
54406 4027 11558   4879 2016  1 21     26 0
54406 4027 11558   4879 2016  1 22     78 0
54406 4027 11558   4879 2016  1 23     84 0
54406 4027 11558   4879 2016  1 24     75 0
54406 4027 11558   4879 2016  1 25     86 0
54406 4027 11558   4879 2016  1 26     84 0
54406 4027 11558   4879 2016  1 27     75 0
54406 4027 11558   4879 2016  1 28     65 0
54406 4027 11558   4879 2016  1 29      0 0
54406 4027 11558   4879 2016  1 30     56 0
54406 4027 11558   4879 2016  1 31     88 0
54406 4027 11558   4879 2016  2  1     86 0
54406 4027 11558   4879 2016  2  2     88 0
54406 4027 11558   4879 2016  2  3     78 0
54406 4027 11558   4879 2016  2  4     36 0
54406 4027 11558   4879 2016  2  5     86 0
54406 4027 11558   4879 2016  2  6     89 0
54406 4027 11558   4879 2016  2  7     84 0
54406 4027 11558   4879 2016  2  8     90 0
54406 4027 11558   4879 2016  2  9     87 0
54406 4027 11558   4879 2016  2 10     74 0
54406 4027 11558   4879 2016  2 11      0 0
54406 4027 11558   4879 2016  2 12      0 0
54406 4027 11558   4879 2016  2 13     16 0
54406 4027 11558   4879 2016  2 14     92 0
54406 4027 11558   4879 2016  2 15     95 0
54406 4027 11558   4879 2016  2 16     93 0
54406 4027 11558   4879 2016  2 17     90 0
54406 4027 11558   4879 2016  2 18     93 0
54406 4027 11558   4879 2016  2 19     83 0
54406 4027 11558   4879 2016  2 20     88 0
54406 4027 11558   4879 2016  2 21     63 0
54406 4027 11558   4879 2016  2 22     85 0
54406 4027 11558   4879 2016  2 23     95 0
54406 4027 11558   4879 2016  2 24     86 0
54406 4027 11558   4879 2016  2 25     84 0
54406 4027 11558   4879 2016  2 26     82 0
54406 4027 11558   4879 2016  2 27     44 0
54406 4027 11558   4879 2016  2 28     84 0
54406 4027 11558   4879 2016  2 29     81 0
54406 4027 11558   4879 2016  3  1     89 0
54406 4027 11558   4879 2016  3  2     89 0
54406 4027 11558   4879 2016  3  3     70 0
54406 4027 11558   4879 2016  3  4      0 0
54406 4027 11558   4879 2016  3  5     90 0
54406 4027 11558   4879 2016  3  6     46 0
54406 4027 11558   4879 2016  3  7     98 0
54406 4027 11558   4879 2016  3  8    101 0
54406 4027 11558   4879 2016  3  9    100 0
54406 4027 11558   4879 2016  3 10    104 0
54406 4027 11558   4879 2016  3 11    105 0
54406 4027 11558   4879 2016  3 12     95 0
54406 4027 11558   4879 2016  3 13    105 0
54406 4027 11558   4879 2016  3 14     96 0
54406 4027 11558   4879 2016  3 15     27 0
54406 4027 11558   4879 2016  3 16     67 0
54406 4027 11558   4879 2016  3 17      0 0
54406 4027 11558   4879 2016  3 18     76 0
54406 4027 11558   4879 2016  3 19     76 0
54406 4027 11558   4879 2016  3 20     99 0
54406 4027 11558   4879 2016  3 21     85 0
54406 4027 11558   4879 2016  3 22      0 0
54406 4027 11558   4879 2016  3 23    107 0
54406 4027 11558   4879 2016  3 24    108 0
54406 4027 11558   4879 2016  3 25    108 0
54406 4027 11558   4879 2016  3 26    109 0
54406 4027 11558   4879 2016  3 27    104 0
54406 4027 11558   4879 2016  3 28     46 0
54406 4027 11558   4879 2016  3 29    105 0
54406 4027 11558   4879 2016  3 30    109 0
54406 4027 11558   4879 2016  3 31     68 0
54406 4027 11558   4879 2016  4  1     88 0
54406 4027 11558   4879 2016  4  2     68 0
54406 4027 11558   4879 2016  4  3    105 0
54406 4027 11558   4879 2016  4  4    105 0
54406 4027 11558   4879 2016  4  5     69 0
54406 4027 11558   4879 2016  4  6     34 0
54406 4027 11558   4879 2016  4  7    102 0
54406 4027 11558   4879 2016  4  8    115 0
54406 4027 11558   4879 2016  4  9    106 0
54406 4027 11558   4879 2016  4 10     94 0
54406 4027 11558   4879 2016  4 11     91 0
54406 4027 11558   4879 2016  4 12     68 0
54406 4027 11558   4879 2016  4 13     88 0
54406 4027 11558   4879 2016  4 14    107 0
54406 4027 11558   4879 2016  4 15     35 0
54406 4027 11558   4879 2016  4 16     63 0
54406 4027 11558   4879 2016  4 17     88 0
54406 4027 11558   4879 2016  4 18    106 0
54406 4027 11558   4879 2016  4 19     17 0
54406 4027 11558   4879 2016  4 20     90 0
54406 4027 11558   4879 2016  4 21    112 0
54406 4027 11558   4879 2016  4 22    124 0
54406 4027 11558   4879 2016  4 23    111 0
54406 4027 11558   4879 2016  4 24     87 0
54406 4027 11558   4879 2016  4 25     81 0
54406 4027 11558   4879 2016  4 26     45 0
54406 4027 11558   4879 2016  4 27      8 0
54406 4027 11558   4879 2016  4 28     88 0
54406 4027 11558   4879 2016  4 29     72 0
54406 4027 11558   4879 2016  4 30     97 0
54406 4027 11558   4879 2016  5  1     33 0
54406 4027 11558   4879 2016  5  2      0 0
54406 4027 11558   4879 2016  5  3    122 0
54406 4027 11558   4879 2016  5  4     83 0
54406 4027 11558   4879 2016  5  5     88 0
54406 4027 11558   4879 2016  5  6    126 0
54406 4027 11558   4879 2016  5  7    127 0
54406 4027 11558   4879 2016  5  8    106 0
54406 4027 11558   4879 2016  5  9      0 0
54406 4027 11558   4879 2016  5 10     70 0
54406 4027 11558   4879 2016  5 11      0 0
54406 4027 11558   4879 2016  5 12      0 0
54406 4027 11558   4879 2016  5 13    107 0
54406 4027 11558   4879 2016  5 14      0 0
54406 4027 11558   4879 2016  5 15     59 0
54406 4027 11558   4879 2016  5 16    127 0
54406 4027 11558   4879 2016  5 17    117 0
54406 4027 11558   4879 2016  5 18    106 0
54406 4027 11558   4879 2016  5 19     74 0
54406 4027 11558   4879 2016  5 20     91 0
54406 4027 11558   4879 2016  5 21    106 0
54406 4027 11558   4879 2016  5 22     89 0
54406 4027 11558   4879 2016  5 23      0 0
54406 4027 11558   4879 2016  5 24    105 0
54406 4027 11558   4879 2016  5 25     30 0
54406 4027 11558   4879 2016  5 26    129 0
54406 4027 11558   4879 2016  5 27    120 0
54406 4027 11558   4879 2016  5 28    104 0
54406 4027 11558   4879 2016  5 29    128 0
54406 4027 11558   4879 2016  5 30    106 0
54406 4027 11558   4879 2016  5 31      0 0
54406 4027 11558   4879 2016  6  1    109 0
54406 4027 11558   4879 2016  6  2    110 0
54406 4027 11558   4879 2016  6  3     27 0
54406 4027 11558   4879 2016  6  4     91 0
54406 4027 11558   4879 2016  6  5     98 0
54406 4027 11558   4879 2016  6  6     20 0
54406 4027 11558   4879 2016  6  7    109 0
54406 4027 11558   4879 2016  6  8     82 0
54406 4027 11558   4879 2016  6  9     24 0
54406 4027 11558   4879 2016  6 10     49 0
54406 4027 11558   4879 2016  6 11    130 0
54406 4027 11558   4879 2016  6 12     55 0
54406 4027 11558   4879 2016  6 13      0 0
54406 4027 11558   4879 2016  6 14      0 0
54406 4027 11558   4879 2016  6 15    115 0
54406 4027 11558   4879 2016  6 16     87 0
54406 4027 11558   4879 2016  6 17     11 0
54406 4027 11558   4879 2016  6 18    122 0
54406 4027 11558   4879 2016  6 19     98 0
54406 4027 11558   4879 2016  6 20      0 0
54406 4027 11558   4879 2016  6 21     78 0
54406 4027 11558   4879 2016  6 22     92 0
54406 4027 11558   4879 2016  6 23     52 0
54406 4027 11558   4879 2016  6 24    116 0
54406 4027 11558   4879 2016  6 25    122 0
54406 4027 11558   4879 2016  6 26     74 0
54406 4027 11558   4879 2016  6 27      0 0
54406 4027 11558   4879 2016  6 28      0 0
54406 4027 11558   4879 2016  6 29      0 0
54406 4027 11558   4879 2016  6 30     41 0
54406 4027 11558   4879 2016  7  1    121 0
54406 4027 11558   4879 2016  7  2    115 0
54406 4027 11558   4879 2016  7  3      0 0
54406 4027 11558   4879 2016  7  4      0 0
54406 4027 11558   4879 2016  7  5     41 0
54406 4027 11558   4879 2016  7  6    102 0
54406 4027 11558   4879 2016  7  7     56 0
54406 4027 11558   4879 2016  7  8      2 0
54406 4027 11558   4879 2016  7  9     70 0
54406 4027 11558   4879 2016  7 10     40 0
54406 4027 11558   4879 2016  7 11     61 0
54406 4027 11558   4879 2016  7 12     31 0
54406 4027 11558   4879 2016  7 13     61 0
54406 4027 11558   4879 2016  7 14      0 0
54406 4027 11558   4879 2016  7 15      0 0
54406 4027 11558   4879 2016  7 16      0 0
54406 4027 11558   4879 2016  7 17     56 0
54406 4027 11558   4879 2016  7 18      0 0
54406 4027 11558   4879 2016  7 19      0 0
54406 4027 11558   4879 2016  7 20      0 0
54406 4027 11558   4879 2016  7 21      0 0
54406 4027 11558   4879 2016  7 22     26 0
54406 4027 11558   4879 2016  7 23     62 0
54406 4027 11558   4879 2016  7 24     28 0
54406 4027 11558   4879 2016  7 25     24 0
54406 4027 11558   4879 2016  7 26     89 0
54406 4027 11558   4879 2016  7 27     96 0
54406 4027 11558   4879 2016  7 28     23 0
54406 4027 11558   4879 2016  7 29     24 0
54406 4027 11558   4879 2016  7 30      0 0
54406 4027 11558   4879 2016  7 31      0 0
54406 4027 11558   4879 2016  8  1     44 0
54406 4027 11558   4879 2016  8  2     96 0
54406 4027 11558   4879 2016  8  3    112 0
54406 4027 11558   4879 2016  8  4    108 0
54406 4027 11558   4879 2016  8  5     42 0
54406 4027 11558   4879 2016  8  6     81 0
54406 4027 11558   4879 2016  8  7    100 0
54406 4027 11558   4879 2016  8  8    126 0
54406 4027 11558   4879 2016  8  9    125 0
54406 4027 11558   4879 2016  8 10    100 0
54406 4027 11558   4879 2016  8 11     59 0
54406 4027 11558   4879 2016  8 12     30 0
54406 4027 11558   4879 2016  8 13      0 0
54406 4027 11558   4879 2016  8 14    117 0
54406 4027 11558   4879 2016  8 15     57 0
54406 4027 11558   4879 2016  8 16    119 0
54406 4027 11558   4879 2016  8 17      6 0
54406 4027 11558   4879 2016  8 18      0 0
54406 4027 11558   4879 2016  8 19     97 0
54406 4027 11558   4879 2016  8 20    120 0
54406 4027 11558   4879 2016  8 21    112 0
54406 4027 11558   4879 2016  8 22     23 0
54406 4027 11558   4879 2016  8 23      0 0
54406 4027 11558   4879 2016  8 24     92 0
54406 4027 11558   4879 2016  8 25     82 0
54406 4027 11558   4879 2016  8 26    125 0
54406 4027 11558   4879 2016  8 27    116 0
54406 4027 11558   4879 2016  8 28    120 0
54406 4027 11558   4879 2016  8 29    105 0
54406 4027 11558   4879 2016  8 30    110 0
54406 4027 11558   4879 2016  8 31    108 0
54406 4027 11558   4879 2016  9  1      0 0
54406 4027 11558   4879 2016  9  2     41 0
54406 4027 11558   4879 2016  9  3    113 0
54406 4027 11558   4879 2016  9  4     60 0
54406 4027 11558   4879 2016  9  5    108 0
54406 4027 11558   4879 2016  9  6     82 0
54406 4027 11558   4879 2016  9  7     92 0
54406 4027 11558   4879 2016  9  8    113 0
54406 4027 11558   4879 2016  9  9     89 0
54406 4027 11558   4879 2016  9 10    102 0
54406 4027 11558   4879 2016  9 11      0 0
54406 4027 11558   4879 2016  9 12     78 0
54406 4027 11558   4879 2016  9 13     68 0
54406 4027 11558   4879 2016  9 14     78 0
54406 4027 11558   4879 2016  9 15     94 0
54406 4027 11558   4879 2016  9 16     61 0
54406 4027 11558   4879 2016  9 17      0 0
54406 4027 11558   4879 2016  9 18     65 0
54406 4027 11558   4879 2016  9 19    108 0
54406 4027 11558   4879 2016  9 20    106 0
54406 4027 11558   4879 2016  9 21     32 0
54406 4027 11558   4879 2016  9 22     21 0
54406 4027 11558   4879 2016  9 23     66 0
54406 4027 11558   4879 2016  9 24     66 0
54406 4027 11558   4879 2016  9 25     31 0
54406 4027 11558   4879 2016  9 26     46 0
54406 4027 11558   4879 2016  9 27    102 0
54406 4027 11558   4879 2016  9 28    105 0
54406 4027 11558   4879 2016  9 29     95 0
54406 4027 11558   4879 2016  9 30     99 0
54406 4027 11558   4879 2016 10  1     81 0
54406 4027 11558   4879 2016 10  2     70 0
54406 4027 11558   4879 2016 10  3     75 0
54406 4027 11558   4879 2016 10  4      0 0
54406 4027 11558   4879 2016 10  5     96 0
54406 4027 11558   4879 2016 10  6      0 0
54406 4027 11558   4879 2016 10  7      7 0
54406 4027 11558   4879 2016 10  8    102 0
54406 4027 11558   4879 2016 10  9     91 0
54406 4027 11558   4879 2016 10 10     98 0
54406 4027 11558   4879 2016 10 11    102 0
54406 4027 11558   4879 2016 10 12     71 0
54406 4027 11558   4879 2016 10 13     56 0
54406 4027 11558   4879 2016 10 14     58 0
54406 4027 11558   4879 2016 10 15      8 0
54406 4027 11558   4879 2016 10 16     75 0
54406 4027 11558   4879 2016 10 17     95 0
54406 4027 11558   4879 2016 10 18     65 0
54406 4027 11558   4879 2016 10 19     56 0
54406 4027 11558   4879 2016 10 20      0 0
54406 4027 11558   4879 2016 10 21      0 0
54406 4027 11558   4879 2016 10 22     35 0
54406 4027 11558   4879 2016 10 23     12 0
54406 4027 11558   4879 2016 10 24     34 0
54406 4027 11558   4879 2016 10 25     77 0
54406 4027 11558   4879 2016 10 26     82 0
54406 4027 11558   4879 2016 10 27      0 0
54406 4027 11558   4879 2016 10 28     74 0
54406 4027 11558   4879 2016 10 29     88 0
54406 4027 11558   4879 2016 10 30     17 0
54406 4027 11558   4879 2016 10 31     88 0
54406 4027 11558   4879 2016 11  1     77 0
54406 4027 11558   4879 2016 11  2     83 0
54406 4027 11558   4879 2016 11  3     87 0
54406 4027 11558   4879 2016 11  4     87 0
54406 4027 11558   4879 2016 11  5     82 0
54406 4027 11558   4879 2016 11  6      3 0
54406 4027 11558   4879 2016 11  7     84 0
54406 4027 11558   4879 2016 11  8     90 0
54406 4027 11558   4879 2016 11  9     33 0
54406 4027 11558   4879 2016 11 10     49 0
54406 4027 11558   4879 2016 11 11     59 0
54406 4027 11558   4879 2016 11 12     58 0
54406 4027 11558   4879 2016 11 13     24 0
54406 4027 11558   4879 2016 11 14     87 0
54406 4027 11558   4879 2016 11 15     77 0
54406 4027 11558   4879 2016 11 16     77 0
54406 4027 11558   4879 2016 11 17     13 0
54406 4027 11558   4879 2016 11 18      0 0
54406 4027 11558   4879 2016 11 19     70 0
54406 4027 11558   4879 2016 11 20      0 0
54406 4027 11558   4879 2016 11 21      2 0
54406 4027 11558   4879 2016 11 22     85 0
54406 4027 11558   4879 2016 11 23     83 0
54406 4027 11558   4879 2016 11 24     84 0
54406 4027 11558   4879 2016 11 25     57 0
54406 4027 11558   4879 2016 11 26     71 0
54406 4027 11558   4879 2016 11 27     82 0
54406 4027 11558   4879 2016 11 28     83 0
54406 4027 11558   4879 2016 11 29     32 0
54406 4027 11558   4879 2016 11 30     71 0
54406 4027 11558   4879 2016 12  1     81 0
54406 4027 11558   4879 2016 12  2     82 0
54406 4027 11558   4879 2016 12  3     70 0
54406 4027 11558   4879 2016 12  4     22 0
54406 4027 11558   4879 2016 12  5     81 0
54406 4027 11558   4879 2016 12  6     76 0
54406 4027 11558   4879 2016 12  7     82 0
54406 4027 11558   4879 2016 12  8     81 0
54406 4027 11558   4879 2016 12  9     76 0
54406 4027 11558   4879 2016 12 10     78 0
54406 4027 11558   4879 2016 12 11     55 0
54406 4027 11558   4879 2016 12 12     36 0
54406 4027 11558   4879 2016 12 13     63 0
54406 4027 11558   4879 2016 12 14     78 0
54406 4027 11558   4879 2016 12 15     77 0
54406 4027 11558   4879 2016 12 16     76 0
54406 4027 11558   4879 2016 12 17     76 0
54406 4027 11558   4879 2016 12 18     65 0
54406 4027 11558   4879 2016 12 19     70 0
54406 4027 11558   4879 2016 12 20     41 0
54406 4027 11558   4879 2016 12 21     38 0
54406 4027 11558   4879 2016 12 22     78 0
54406 4027 11558   4879 2016 12 23     79 0
54406 4027 11558   4879 2016 12 24     55 0
54406 4027 11558   4879 2016 12 25      0 0
54406 4027 11558   4879 2016 12 26     62 0
54406 4027 11558   4879 2016 12 27     76 0
54406 4027 11558   4879 2016 12 28     75 0
54406 4027 11558   4879 2016 12 29     79 0
54406 4027 11558   4879 2016 12 30     57 0
54406 4027 11558   4879 2016 12 31     71 0
54406 4027 11558   4879 2017  1  1     69 0
54406 4027 11558   4879 2017  1  2     77 0
54406 4027 11558   4879 2017  1  3     78 0
54406 4027 11558   4879 2017  1  4     68 0
54406 4027 11558   4879 2017  1  5      0 0
54406 4027 11558   4879 2017  1  6     14 0
54406 4027 11558   4879 2017  1  7      0 0
54406 4027 11558   4879 2017  1  8     70 0
54406 4027 11558   4879 2017  1  9     81 0
54406 4027 11558   4879 2017  1 10     83 0
54406 4027 11558   4879 2017  1 11     79 0
54406 4027 11558   4879 2017  1 12     81 0
54406 4027 11558   4879 2017  1 13     83 0
54406 4027 11558   4879 2017  1 14     80 0
54406 4027 11558   4879 2017  1 15     19 0
54406 4027 11558   4879 2017  1 16      0 0
54406 4027 11558   4879 2017  1 17     56 0
54406 4027 11558   4879 2017  1 18     84 0
54406 4027 11558   4879 2017  1 19     73 0
54406 4027 11558   4879 2017  1 20     83 0
54406 4027 11558   4879 2017  1 21     86 0
54406 4027 11558   4879 2017  1 22     85 0
54406 4027 11558   4879 2017  1 23     69 0
54406 4027 11558   4879 2017  1 24     83 0
54406 4027 11558   4879 2017  1 25     74 0
54406 4027 11558   4879 2017  1 26     50 0
54406 4027 11558   4879 2017  1 27     87 0
54406 4027 11558   4879 2017  1 28     22 0
54406 4027 11558   4879 2017  1 29     42 0
54406 4027 11558   4879 2017  1 30     87 0
54406 4027 11558   4879 2017  1 31     87 0
54406 4027 11558   4879 2017  2  1     86 0
54406 4027 11558   4879 2017  2  2     81 0
54406 4027 11558   4879 2017  2  3     67 0
54406 4027 11558   4879 2017  2  4     66 0
54406 4027 11558   4879 2017  2  5     85 0
54406 4027 11558   4879 2017  2  6     76 0
54406 4027 11558   4879 2017  2  7      0 0
54406 4027 11558   4879 2017  2  8     89 0
54406 4027 11558   4879 2017  2  9     93 0
54406 4027 11558   4879 2017  2 10     91 0
54406 4027 11558   4879 2017  2 11     92 0
54406 4027 11558   4879 2017  2 12     93 0
54406 4027 11558   4879 2017  2 13     88 0
54406 4027 11558   4879 2017  2 14     70 0
54406 4027 11558   4879 2017  2 15     65 0
54406 4027 11558   4879 2017  2 16     27 0
54406 4027 11558   4879 2017  2 17     93 0
54406 4027 11558   4879 2017  2 18     89 0
54406 4027 11558   4879 2017  2 19     71 0
54406 4027 11558   4879 2017  2 20     72 0
54406 4027 11558   4879 2017  2 21      0 0
54406 4027 11558   4879 2017  2 22     75 0
54406 4027 11558   4879 2017  2 23     97 0
54406 4027 11558   4879 2017  2 24     98 0
54406 4027 11558   4879 2017  2 25     96 0
54406 4027 11558   4879 2017  2 26     98 0
54406 4027 11558   4879 2017  2 27     93 0
54406 4027 11558   4879 2017  2 28    101 0
54406 4027 11558   4879 2017  3  1    102 0
54406 4027 11558   4879 2017  3  2    101 0
54406 4027 11558   4879 2017  3  3     93 0
54406 4027 11558   4879 2017  3  4     84 0
54406 4027 11558   4879 2017  3  5     88 0
54406 4027 11558   4879 2017  3  6     71 0
54406 4027 11558   4879 2017  3  7    104 0
54406 4027 11558   4879 2017  3  8    100 0
54406 4027 11558   4879 2017  3  9    105 0
54406 4027 11558   4879 2017  3 10    102 0
54406 4027 11558   4879 2017  3 11     80 0
54406 4027 11558   4879 2017  3 12    107 0
54406 4027 11558   4879 2017  3 13    104 0
54406 4027 11558   4879 2017  3 14    100 0
54406 4027 11558   4879 2017  3 15     97 0
54406 4027 11558   4879 2017  3 16     85 0
54406 4027 11558   4879 2017  3 17     49 0
54406 4027 11558   4879 2017  3 18     88 0
54406 4027 11558   4879 2017  3 19     57 0
54406 4027 11558   4879 2017  3 20      0 0
54406 4027 11558   4879 2017  3 21     95 0
54406 4027 11558   4879 2017  3 22     54 0
54406 4027 11558   4879 2017  3 23      0 0
54406 4027 11558   4879 2017  3 24      0 0
54406 4027 11558   4879 2017  3 25     78 0
54406 4027 11558   4879 2017  3 26     77 0
54406 4027 11558   4879 2017  3 27    110 0
54406 4027 11558   4879 2017  3 28     99 0
54406 4027 11558   4879 2017  3 29    102 0
54406 4027 11558   4879 2017  3 30     37 0
54406 4027 11558   4879 2017  3 31    104 0
54406 4027 11558   4879 2017  4  1    117 0
54406 4027 11558   4879 2017  4  2    105 0
54406 4027 11558   4879 2017  4  3    100 0
54406 4027 11558   4879 2017  4  4      0 0
54406 4027 11558   4879 2017  4  5     96 0
54406 4027 11558   4879 2017  4  6    103 0
54406 4027 11558   4879 2017  4  7     36 0
54406 4027 11558   4879 2017  4  8     25 0
54406 4027 11558   4879 2017  4  9    103 0
54406 4027 11558   4879 2017  4 10     83 0
54406 4027 11558   4879 2017  4 11    118 0
54406 4027 11558   4879 2017  4 12    120 0
54406 4027 11558   4879 2017  4 13     93 0
54406 4027 11558   4879 2017  4 14     98 0
54406 4027 11558   4879 2017  4 15    118 0
54406 4027 11558   4879 2017  4 16     63 0
54406 4027 11558   4879 2017  4 17     85 0
54406 4027 11558   4879 2017  4 18    123 0
54406 4027 11558   4879 2017  4 19     39 0
54406 4027 11558   4879 2017  4 20     82 0
54406 4027 11558   4879 2017  4 21     89 0
54406 4027 11558   4879 2017  4 22    120 0
54406 4027 11558   4879 2017  4 23     92 0
54406 4027 11558   4879 2017  4 24    123 0
54406 4027 11558   4879 2017  4 25    127 0
54406 4027 11558   4879 2017  4 26    126 0
54406 4027 11558   4879 2017  4 27    124 0
54406 4027 11558   4879 2017  4 28    116 0
54406 4027 11558   4879 2017  4 29    126 0
54406 4027 11558   4879 2017  4 30     98 0
54406 4027 11558   4879 2017  5  1    114 0
54406 4027 11558   4879 2017  5  2     98 0
54406 4027 11558   4879 2017  5  3      9 0
54406 4027 11558   4879 2017  5  4     78 0
54406 4027 11558   4879 2017  5  5    110 0
54406 4027 11558   4879 2017  5  6    129 0
54406 4027 11558   4879 2017  5  7    127 0
54406 4027 11558   4879 2017  5  8    101 0
54406 4027 11558   4879 2017  5  9    110 0
54406 4027 11558   4879 2017  5 10    123 0
54406 4027 11558   4879 2017  5 11    127 0
54406 4027 11558   4879 2017  5 12    111 0
54406 4027 11558   4879 2017  5 13    132 0
54406 4027 11558   4879 2017  5 14    126 0
54406 4027 11558   4879 2017  5 15    130 0
54406 4027 11558   4879 2017  5 16    124 0
54406 4027 11558   4879 2017  5 17    125 0
54406 4027 11558   4879 2017  5 18    123 0
54406 4027 11558   4879 2017  5 19     99 0
54406 4027 11558   4879 2017  5 20    124 0
54406 4027 11558   4879 2017  5 21     94 0
54406 4027 11558   4879 2017  5 22      0 0
54406 4027 11558   4879 2017  5 23    133 0
54406 4027 11558   4879 2017  5 24    130 0
54406 4027 11558   4879 2017  5 25    114 0
54406 4027 11558   4879 2017  5 26    127 0
54406 4027 11558   4879 2017  5 27    124 0
54406 4027 11558   4879 2017  5 28    102 0
54406 4027 11558   4879 2017  5 29     82 0
54406 4027 11558   4879 2017  5 30     85 0
54406 4027 11558   4879 2017  5 31    129 0
54406 4027 11558   4879 2017  6  1    131 0
54406 4027 11558   4879 2017  6  2     83 0
54406 4027 11558   4879 2017  6  3    117 0
54406 4027 11558   4879 2017  6  4    129 0
54406 4027 11558   4879 2017  6  5     45 0
54406 4027 11558   4879 2017  6  6      0 0
54406 4027 11558   4879 2017  6  7    116 0
54406 4027 11558   4879 2017  6  8     98 0
54406 4027 11558   4879 2017  6  9    130 0
54406 4027 11558   4879 2017  6 10    112 0
54406 4027 11558   4879 2017  6 11     78 0
54406 4027 11558   4879 2017  6 12     72 0
54406 4027 11558   4879 2017  6 13     59 0
54406 4027 11558   4879 2017  6 14    128 0
54406 4027 11558   4879 2017  6 15    125 0
54406 4027 11558   4879 2017  6 16    113 0
54406 4027 11558   4879 2017  6 17     29 0
54406 4027 11558   4879 2017  6 18     93 0
54406 4027 11558   4879 2017  6 19    123 0
54406 4027 11558   4879 2017  6 20    115 0
54406 4027 11558   4879 2017  6 21     60 0
54406 4027 11558   4879 2017  6 22      0 0
54406 4027 11558   4879 2017  6 23      0 0
54406 4027 11558   4879 2017  6 24     61 0
54406 4027 11558   4879 2017  6 25     89 0
54406 4027 11558   4879 2017  6 26    131 0
54406 4027 11558   4879 2017  6 27     99 0
54406 4027 11558   4879 2017  6 28     84 0
54406 4027 11558   4879 2017  6 29    123 0
54406 4027 11558   4879 2017  6 30    111 0
