54416 4023 11652    718 2013 12  1     70 9
54416 4023 11652    718 2013 12  2     75 9
54416 4023 11652    718 2013 12  3     81 9
54416 4023 11652    718 2013 12  4     53 9
54416 4023 11652    718 2013 12  5     77 9
54416 4023 11652    718 2013 12  6     60 9
54416 4023 11652    718 2013 12  7      0 9
54416 4023 11652    718 2013 12  8      0 9
54416 4023 11652    718 2013 12  9     75 9
54416 4023 11652    718 2013 12 10     59 9
54416 4023 11652    718 2013 12 11     61 9
54416 4023 11652    718 2013 12 12     79 9
54416 4023 11652    718 2013 12 13     70 9
54416 4023 11652    718 2013 12 14     75 9
54416 4023 11652    718 2013 12 15     75 9
54416 4023 11652    718 2013 12 16     37 9
54416 4023 11652    718 2013 12 17     15 9
54416 4023 11652    718 2013 12 18     72 9
54416 4023 11652    718 2013 12 19     74 9
54416 4023 11652    718 2013 12 20     73 9
54416 4023 11652    718 2013 12 21     68 9
54416 4023 11652    718 2013 12 22     58 9
54416 4023 11652    718 2013 12 23     66 9
54416 4023 11652    718 2013 12 24      0 9
54416 4023 11652    718 2013 12 25     44 9
54416 4023 11652    718 2013 12 26     68 9
54416 4023 11652    718 2013 12 27     32 9
54416 4023 11652    718 2013 12 28     77 9
54416 4023 11652    718 2013 12 29     69 9
54416 4023 11652    718 2013 12 30     72 9
54416 4023 11652    718 2013 12 31     71 9
54416 4023 11652    718 2014  1  1     66 0
54416 4023 11652    718 2014  1  2     65 0
54416 4023 11652    718 2014  1  3     70 0
54416 4023 11652    718 2014  1  4      0 0
54416 4023 11652    718 2014  1  5     71 0
54416 4023 11652    718 2014  1  6      0 0
54416 4023 11652    718 2014  1  7     21 0
54416 4023 11652    718 2014  1  8     74 0
54416 4023 11652    718 2014  1  9     76 0
54416 4023 11652    718 2014  1 10     74 0
54416 4023 11652    718 2014  1 11     74 0
54416 4023 11652    718 2014  1 12     78 0
54416 4023 11652    718 2014  1 13     76 0
54416 4023 11652    718 2014  1 14     77 0
54416 4023 11652    718 2014  1 15     78 0
54416 4023 11652    718 2014  1 16      0 0
54416 4023 11652    718 2014  1 17     34 0
54416 4023 11652    718 2014  1 18     80 0
54416 4023 11652    718 2014  1 19     22 0
54416 4023 11652    718 2014  1 20     84 0
54416 4023 11652    718 2014  1 21     80 0
54416 4023 11652    718 2014  1 22     64 0
54416 4023 11652    718 2014  1 23      0 0
54416 4023 11652    718 2014  1 24      0 0
54416 4023 11652    718 2014  1 25     27 0
54416 4023 11652    718 2014  1 26     56 0
54416 4023 11652    718 2014  1 27     60 0
54416 4023 11652    718 2014  1 28     25 0
54416 4023 11652    718 2014  1 29     26 0
54416 4023 11652    718 2014  1 30     89 0
54416 4023 11652    718 2014  1 31      0 0
54416 4023 11652    718 2014  2  1      0 0
54416 4023 11652    718 2014  2  2     59 0
54416 4023 11652    718 2014  2  3     86 0
54416 4023 11652    718 2014  2  4     76 0
54416 4023 11652    718 2014  2  5      0 0
54416 4023 11652    718 2014  2  6      0 0
54416 4023 11652    718 2014  2  7      0 0
54416 4023 11652    718 2014  2  8     75 0
54416 4023 11652    718 2014  2  9     84 0
54416 4023 11652    718 2014  2 10     82 0
54416 4023 11652    718 2014  2 11     72 0
54416 4023 11652    718 2014  2 12     83 0
54416 4023 11652    718 2014  2 13      0 0
54416 4023 11652    718 2014  2 14      0 0
54416 4023 11652    718 2014  2 15      0 0
54416 4023 11652    718 2014  2 16     70 0
54416 4023 11652    718 2014  2 17      0 0
54416 4023 11652    718 2014  2 18      0 0
54416 4023 11652    718 2014  2 19     88 0
54416 4023 11652    718 2014  2 20      0 0
54416 4023 11652    718 2014  2 21      0 0
54416 4023 11652    718 2014  2 22      0 0
54416 4023 11652    718 2014  2 23      0 0
54416 4023 11652    718 2014  2 24      0 0
54416 4023 11652    718 2014  2 25      0 0
54416 4023 11652    718 2014  2 26      0 0
54416 4023 11652    718 2014  2 27     97 0
54416 4023 11652    718 2014  2 28      0 0
54416 4023 11652    718 2014  3  1     80 0
54416 4023 11652    718 2014  3  2     75 0
54416 4023 11652    718 2014  3  3      0 0
54416 4023 11652    718 2014  3  4     99 0
54416 4023 11652    718 2014  3  5     82 0
54416 4023 11652    718 2014  3  6    100 0
54416 4023 11652    718 2014  3  7     97 0
54416 4023 11652    718 2014  3  8     72 0
54416 4023 11652    718 2014  3  9     80 0
54416 4023 11652    718 2014  3 10     51 0
54416 4023 11652    718 2014  3 11     41 0
54416 4023 11652    718 2014  3 12     90 0
54416 4023 11652    718 2014  3 13     97 0
54416 4023 11652    718 2014  3 14    102 0
54416 4023 11652    718 2014  3 15     76 0
54416 4023 11652    718 2014  3 16     70 0
54416 4023 11652    718 2014  3 17     80 0
54416 4023 11652    718 2014  3 18     49 0
54416 4023 11652    718 2014  3 19     23 0
54416 4023 11652    718 2014  3 20    107 0
54416 4023 11652    718 2014  3 21     93 0
54416 4023 11652    718 2014  3 22    107 0
54416 4023 11652    718 2014  3 23     60 0
54416 4023 11652    718 2014  3 24     37 0
54416 4023 11652    718 2014  3 25     33 0
54416 4023 11652    718 2014  3 26     30 0
54416 4023 11652    718 2014  3 27      0 0
54416 4023 11652    718 2014  3 28     41 0
54416 4023 11652    718 2014  3 29    108 0
54416 4023 11652    718 2014  3 30    104 0
54416 4023 11652    718 2014  3 31      0 0
54416 4023 11652    718 2014  4  1     79 0
54416 4023 11652    718 2014  4  2     78 0
54416 4023 11652    718 2014  4  3    108 0
54416 4023 11652    718 2014  4  4    102 0
54416 4023 11652    718 2014  4  5    115 0
54416 4023 11652    718 2014  4  6    104 0
54416 4023 11652    718 2014  4  7     96 0
54416 4023 11652    718 2014  4  8     64 0
54416 4023 11652    718 2014  4  9     71 0
54416 4023 11652    718 2014  4 10      0 0
54416 4023 11652    718 2014  4 11      0 0
54416 4023 11652    718 2014  4 12     71 0
54416 4023 11652    718 2014  4 13     74 0
54416 4023 11652    718 2014  4 14     69 0
54416 4023 11652    718 2014  4 15      0 0
54416 4023 11652    718 2014  4 16      0 0
54416 4023 11652    718 2014  4 17     23 0
54416 4023 11652    718 2014  4 18     13 0
54416 4023 11652    718 2014  4 19      0 0
54416 4023 11652    718 2014  4 20     35 0
54416 4023 11652    718 2014  4 21     90 0
54416 4023 11652    718 2014  4 22    104 0
54416 4023 11652    718 2014  4 23     38 0
54416 4023 11652    718 2014  4 24      0 0
54416 4023 11652    718 2014  4 25     42 0
54416 4023 11652    718 2014  4 26     95 0
54416 4023 11652    718 2014  4 27    103 0
54416 4023 11652    718 2014  4 28    102 0
54416 4023 11652    718 2014  4 29    104 0
54416 4023 11652    718 2014  4 30     88 0
54416 4023 11652    718 2014  5  1      0 0
54416 4023 11652    718 2014  5  2     69 0
54416 4023 11652    718 2014  5  3     77 0
54416 4023 11652    718 2014  5  4     96 0
54416 4023 11652    718 2014  5  5    103 0
54416 4023 11652    718 2014  5  6     74 0
54416 4023 11652    718 2014  5  7    115 0
54416 4023 11652    718 2014  5  8     50 0
54416 4023 11652    718 2014  5  9      0 0
54416 4023 11652    718 2014  5 10      0 0
54416 4023 11652    718 2014  5 11      0 0
54416 4023 11652    718 2014  5 12    113 0
54416 4023 11652    718 2014  5 13     39 0
54416 4023 11652    718 2014  5 14     36 0
54416 4023 11652    718 2014  5 15    102 0
54416 4023 11652    718 2014  5 16    122 0
54416 4023 11652    718 2014  5 17     70 0
54416 4023 11652    718 2014  5 18     88 0
54416 4023 11652    718 2014  5 19     77 0
54416 4023 11652    718 2014  5 20    125 0
54416 4023 11652    718 2014  5 21     72 0
54416 4023 11652    718 2014  5 22    104 0
54416 4023 11652    718 2014  5 23     89 0
54416 4023 11652    718 2014  5 24      0 0
54416 4023 11652    718 2014  5 25     71 0
54416 4023 11652    718 2014  5 26    103 0
54416 4023 11652    718 2014  5 27     86 0
54416 4023 11652    718 2014  5 28    119 0
54416 4023 11652    718 2014  5 29    118 0
54416 4023 11652    718 2014  5 30    107 0
54416 4023 11652    718 2014  5 31     66 0
54416 4023 11652    718 2014  6  1     27 0
54416 4023 11652    718 2014  6  2     42 0
54416 4023 11652    718 2014  6  3    102 0
54416 4023 11652    718 2014  6  4     65 0
54416 4023 11652    718 2014  6  5    115 0
54416 4023 11652    718 2014  6  6      0 0
54416 4023 11652    718 2014  6  7    118 0
54416 4023 11652    718 2014  6  8     67 0
54416 4023 11652    718 2014  6  9     86 0
54416 4023 11652    718 2014  6 10     49 0
54416 4023 11652    718 2014  6 11    127 0
54416 4023 11652    718 2014  6 12    106 0
54416 4023 11652    718 2014  6 13     68 0
54416 4023 11652    718 2014  6 14    124 0
54416 4023 11652    718 2014  6 15     40 0
54416 4023 11652    718 2014  6 16      8 0
54416 4023 11652    718 2014  6 17      0 0
54416 4023 11652    718 2014  6 18    107 0
54416 4023 11652    718 2014  6 19     52 0
54416 4023 11652    718 2014  6 20     71 0
54416 4023 11652    718 2014  6 21      3 0
54416 4023 11652    718 2014  6 22     74 0
54416 4023 11652    718 2014  6 23    128 0
54416 4023 11652    718 2014  6 24     97 0
54416 4023 11652    718 2014  6 25      0 0
54416 4023 11652    718 2014  6 26     80 0
54416 4023 11652    718 2014  6 27    125 0
54416 4023 11652    718 2014  6 28    116 0
54416 4023 11652    718 2014  6 29    104 0
54416 4023 11652    718 2014  6 30     56 0
54416 4023 11652    718 2014  7  1      0 0
54416 4023 11652    718 2014  7  2      0 0
54416 4023 11652    718 2014  7  3      4 0
54416 4023 11652    718 2014  7  4     89 0
54416 4023 11652    718 2014  7  5      0 0
54416 4023 11652    718 2014  7  6      0 0
54416 4023 11652    718 2014  7  7      0 0
54416 4023 11652    718 2014  7  8     60 0
54416 4023 11652    718 2014  7  9     10 0
54416 4023 11652    718 2014  7 10    120 0
54416 4023 11652    718 2014  7 11    124 0
54416 4023 11652    718 2014  7 12    126 0
54416 4023 11652    718 2014  7 13    111 0
54416 4023 11652    718 2014  7 14    106 0
54416 4023 11652    718 2014  7 15     64 0
54416 4023 11652    718 2014  7 16      0 0
54416 4023 11652    718 2014  7 17      0 0
54416 4023 11652    718 2014  7 18      8 0
54416 4023 11652    718 2014  7 19    106 0
54416 4023 11652    718 2014  7 20     82 0
54416 4023 11652    718 2014  7 21     47 0
54416 4023 11652    718 2014  7 22      0 0
54416 4023 11652    718 2014  7 23      8 0
54416 4023 11652    718 2014  7 24     17 0
54416 4023 11652    718 2014  7 25    114 0
54416 4023 11652    718 2014  7 26    114 0
54416 4023 11652    718 2014  7 27    101 0
54416 4023 11652    718 2014  7 28    102 0
54416 4023 11652    718 2014  7 29     17 0
54416 4023 11652    718 2014  7 30      0 0
54416 4023 11652    718 2014  7 31      0 0
54416 4023 11652    718 2014  8  1     39 0
54416 4023 11652    718 2014  8  2     25 0
54416 4023 11652    718 2014  8  3     25 0
54416 4023 11652    718 2014  8  4      0 0
54416 4023 11652    718 2014  8  5     66 0
54416 4023 11652    718 2014  8  6    122 0
54416 4023 11652    718 2014  8  7    113 0
54416 4023 11652    718 2014  8  8     90 0
54416 4023 11652    718 2014  8  9     75 0
54416 4023 11652    718 2014  8 10    102 0
54416 4023 11652    718 2014  8 11    121 0
54416 4023 11652    718 2014  8 12     74 0
54416 4023 11652    718 2014  8 13     16 0
54416 4023 11652    718 2014  8 14    115 0
54416 4023 11652    718 2014  8 15    109 0
54416 4023 11652    718 2014  8 16    109 0
54416 4023 11652    718 2014  8 17     79 0
54416 4023 11652    718 2014  8 18     99 0
54416 4023 11652    718 2014  8 19     93 0
54416 4023 11652    718 2014  8 20     93 0
54416 4023 11652    718 2014  8 21     39 0
54416 4023 11652    718 2014  8 22     21 0
54416 4023 11652    718 2014  8 23     69 0
54416 4023 11652    718 2014  8 24     67 0
54416 4023 11652    718 2014  8 25    109 0
54416 4023 11652    718 2014  8 26    109 0
54416 4023 11652    718 2014  8 27    107 0
54416 4023 11652    718 2014  8 28      0 0
54416 4023 11652    718 2014  8 29     17 0
54416 4023 11652    718 2014  8 30      0 0
54416 4023 11652    718 2014  8 31     16 0
54416 4023 11652    718 2014  9  1      0 0
54416 4023 11652    718 2014  9  2      0 0
54416 4023 11652    718 2014  9  3    105 0
54416 4023 11652    718 2014  9  4    106 0
54416 4023 11652    718 2014  9  5     86 0
54416 4023 11652    718 2014  9  6      8 0
54416 4023 11652    718 2014  9  7      0 0
54416 4023 11652    718 2014  9  8    105 0
54416 4023 11652    718 2014  9  9    103 0
54416 4023 11652    718 2014  9 10    102 0
54416 4023 11652    718 2014  9 11      0 0
54416 4023 11652    718 2014  9 12      0 0
54416 4023 11652    718 2014  9 13     30 0
54416 4023 11652    718 2014  9 14     12 0
54416 4023 11652    718 2014  9 15    103 0
54416 4023 11652    718 2014  9 16     10 0
54416 4023 11652    718 2014  9 17     36 0
54416 4023 11652    718 2014  9 18     99 0
54416 4023 11652    718 2014  9 19     72 0
54416 4023 11652    718 2014  9 20     55 0
54416 4023 11652    718 2014  9 21     28 0
54416 4023 11652    718 2014  9 22      0 0
54416 4023 11652    718 2014  9 23      0 0
54416 4023 11652    718 2014  9 24     77 0
54416 4023 11652    718 2014  9 25      0 0
54416 4023 11652    718 2014  9 26      0 0
54416 4023 11652    718 2014  9 27     99 0
54416 4023 11652    718 2014  9 28     18 0
54416 4023 11652    718 2014  9 29     88 0
54416 4023 11652    718 2014  9 30      8 0
54416 4023 11652    718 2014 10  1      0 0
54416 4023 11652    718 2014 10  2     79 0
54416 4023 11652    718 2014 10  3      0 0
54416 4023 11652    718 2014 10  4      0 0
54416 4023 11652    718 2014 10  5     78 0
54416 4023 11652    718 2014 10  6     99 0
54416 4023 11652    718 2014 10  7     47 0
54416 4023 11652    718 2014 10  8      0 0
54416 4023 11652    718 2014 10  9      0 0
54416 4023 11652    718 2014 10 10      0 0
54416 4023 11652    718 2014 10 11      0 0
54416 4023 11652    718 2014 10 12     22 0
54416 4023 11652    718 2014 10 13     95 0
54416 4023 11652    718 2014 10 14     88 0
54416 4023 11652    718 2014 10 15     91 0
54416 4023 11652    718 2014 10 16     90 0
54416 4023 11652    718 2014 10 17     87 0
54416 4023 11652    718 2014 10 18     83 0
54416 4023 11652    718 2014 10 19      0 0
54416 4023 11652    718 2014 10 20     25 0
54416 4023 11652    718 2014 10 21      0 0
54416 4023 11652    718 2014 10 22      0 0
54416 4023 11652    718 2014 10 23      0 0
54416 4023 11652    718 2014 10 24      0 0
54416 4023 11652    718 2014 10 25      0 0
54416 4023 11652    718 2014 10 26     86 0
54416 4023 11652    718 2014 10 27     81 0
54416 4023 11652    718 2014 10 28     54 0
54416 4023 11652    718 2014 10 29     14 0
54416 4023 11652    718 2014 10 30      0 0
54416 4023 11652    718 2014 10 31      0 0
54416 4023 11652    718 2014 11  1      0 0
54416 4023 11652    718 2014 11  2     83 0
54416 4023 11652    718 2014 11  3     84 0
54416 4023 11652    718 2014 11  4     69 0
54416 4023 11652    718 2014 11  5     82 0
54416 4023 11652    718 2014 11  6     83 0
54416 4023 11652    718 2014 11  7      0 0
54416 4023 11652    718 2014 11  8     82 0
54416 4023 11652    718 2014 11  9     85 0
54416 4023 11652    718 2014 11 10     55 0
54416 4023 11652    718 2014 11 11      0 0
54416 4023 11652    718 2014 11 12     87 0
54416 4023 11652    718 2014 11 13     82 0
54416 4023 11652    718 2014 11 14     82 0
54416 4023 11652    718 2014 11 15     26 0
54416 4023 11652    718 2014 11 16     38 0
54416 4023 11652    718 2014 11 17     83 0
54416 4023 11652    718 2014 11 18     80 0
54416 4023 11652    718 2014 11 19      0 0
54416 4023 11652    718 2014 11 20      0 0
54416 4023 11652    718 2014 11 21     65 0
54416 4023 11652    718 2014 11 22     70 0
54416 4023 11652    718 2014 11 23      0 0
54416 4023 11652    718 2014 11 24     79 0
54416 4023 11652    718 2014 11 25      0 0
54416 4023 11652    718 2014 11 26      0 0
54416 4023 11652    718 2014 11 27      0 0
54416 4023 11652    718 2014 11 28     68 0
54416 4023 11652    718 2014 11 29      0 0
54416 4023 11652    718 2014 11 30     37 0
54416 4023 11652    718 2014 12  1     78 0
54416 4023 11652    718 2014 12  2     76 0
54416 4023 11652    718 2014 12  3     72 0
54416 4023 11652    718 2014 12  4     75 0
54416 4023 11652    718 2014 12  5     77 0
54416 4023 11652    718 2014 12  6     65 0
54416 4023 11652    718 2014 12  7     22 0
54416 4023 11652    718 2014 12  8     74 0
54416 4023 11652    718 2014 12  9      0 0
54416 4023 11652    718 2014 12 10     36 0
54416 4023 11652    718 2014 12 11     72 0
54416 4023 11652    718 2014 12 12     77 0
54416 4023 11652    718 2014 12 13     72 0
54416 4023 11652    718 2014 12 14     73 0
54416 4023 11652    718 2014 12 15     70 0
54416 4023 11652    718 2014 12 16     64 0
54416 4023 11652    718 2014 12 17     67 0
54416 4023 11652    718 2014 12 18     24 0
54416 4023 11652    718 2014 12 19     70 0
54416 4023 11652    718 2014 12 20     56 0
54416 4023 11652    718 2014 12 21     72 0
54416 4023 11652    718 2014 12 22     72 0
54416 4023 11652    718 2014 12 23     71 0
54416 4023 11652    718 2014 12 24     71 0
54416 4023 11652    718 2014 12 25     74 0
54416 4023 11652    718 2014 12 26     16 0
54416 4023 11652    718 2014 12 27     31 0
54416 4023 11652    718 2014 12 28     50 0
54416 4023 11652    718 2014 12 29     63 0
54416 4023 11652    718 2014 12 30     38 0
54416 4023 11652    718 2014 12 31     66 0
54416 4023 11652    718 2015  1  1     62 0
54416 4023 11652    718 2015  1  2     78 0
54416 4023 11652    718 2015  1  3      0 0
54416 4023 11652    718 2015  1  4     62 0
54416 4023 11652    718 2015  1  5      0 0
54416 4023 11652    718 2015  1  6     72 0
54416 4023 11652    718 2015  1  7     33 0
54416 4023 11652    718 2015  1  8     49 0
54416 4023 11652    718 2015  1  9     77 0
54416 4023 11652    718 2015  1 10     66 0
54416 4023 11652    718 2015  1 11     71 0
54416 4023 11652    718 2015  1 12     70 0
54416 4023 11652    718 2015  1 13     56 0
54416 4023 11652    718 2015  1 14      0 0
54416 4023 11652    718 2015  1 15      0 0
54416 4023 11652    718 2015  1 16     79 0
54416 4023 11652    718 2015  1 17     74 0
54416 4023 11652    718 2015  1 18     27 0
54416 4023 11652    718 2015  1 19     75 0
54416 4023 11652    718 2015  1 20     58 0
54416 4023 11652    718 2015  1 21     81 0
54416 4023 11652    718 2015  1 22     70 0
54416 4023 11652    718 2015  1 23     56 0
54416 4023 11652    718 2015  1 24      0 0
54416 4023 11652    718 2015  1 25      0 0
54416 4023 11652    718 2015  1 26      0 0
54416 4023 11652    718 2015  1 27     86 0
54416 4023 11652    718 2015  1 28     70 0
54416 4023 11652    718 2015  1 29     69 0
54416 4023 11652    718 2015  1 30     84 0
54416 4023 11652    718 2015  1 31     83 0
54416 4023 11652    718 2015  2  1     69 9
54416 4023 11652    718 2015  2  2      0 9
54416 4023 11652    718 2015  2  3     53 9
54416 4023 11652    718 2015  2  4     79 9
54416 4023 11652    718 2015  2  5     82 9
54416 4023 11652    718 2015  2  6     78 9
54416 4023 11652    718 2015  2  7     42 9
54416 4023 11652    718 2015  2  8     86 9
54416 4023 11652    718 2015  2  9     80 9
54416 4023 11652    718 2015  2 10     73 9
54416 4023 11652    718 2015  2 11     87 9
54416 4023 11652    718 2015  2 12     81 9
54416 4023 11652    718 2015  2 13     85 9
54416 4023 11652    718 2015  2 14     68 9
54416 4023 11652    718 2015  2 15      0 9
54416 4023 11652    718 2015  2 16     83 9
54416 4023 11652    718 2015  2 17     89 9
54416 4023 11652    718 2015  2 18     89 9
54416 4023 11652    718 2015  2 19      0 9
54416 4023 11652    718 2015  2 20      0 9
54416 4023 11652    718 2015  2 21      0 9
54416 4023 11652    718 2015  2 22     87 9
54416 4023 11652    718 2015  2 23     88 9
54416 4023 11652    718 2015  2 24     68 9
54416 4023 11652    718 2015  2 25     84 9
54416 4023 11652    718 2015  2 26     90 9
54416 4023 11652    718 2015  2 27      0 9
54416 4023 11652    718 2015  2 28      0 9
54416 4023 11652    718 2015  3  1     92 0
54416 4023 11652    718 2015  3  2     86 0
54416 4023 11652    718 2015  3  3     93 0
54416 4023 11652    718 2015  3  4     98 0
54416 4023 11652    718 2015  3  5     84 0
54416 4023 11652    718 2015  3  6     67 0
54416 4023 11652    718 2015  3  7     73 0
54416 4023 11652    718 2015  3  8     67 0
54416 4023 11652    718 2015  3  9    100 0
54416 4023 11652    718 2015  3 10     89 0
54416 4023 11652    718 2015  3 11    103 0
54416 4023 11652    718 2015  3 12     91 0
54416 4023 11652    718 2015  3 13    102 0
54416 4023 11652    718 2015  3 14     41 0
54416 4023 11652    718 2015  3 15     94 0
54416 4023 11652    718 2015  3 16      0 0
54416 4023 11652    718 2015  3 17     93 0
54416 4023 11652    718 2015  3 18     43 0
54416 4023 11652    718 2015  3 19      0 0
54416 4023 11652    718 2015  3 20     87 0
54416 4023 11652    718 2015  3 21    107 0
54416 4023 11652    718 2015  3 22     90 0
54416 4023 11652    718 2015  3 23    104 0
54416 4023 11652    718 2015  3 24     86 0
54416 4023 11652    718 2015  3 25     71 0
54416 4023 11652    718 2015  3 26     63 0
54416 4023 11652    718 2015  3 27     60 0
54416 4023 11652    718 2015  3 28     92 0
54416 4023 11652    718 2015  3 29     23 0
54416 4023 11652    718 2015  3 30      0 0
54416 4023 11652    718 2015  3 31      0 0
54416 4023 11652    718 2015  4  1     13 0
54416 4023 11652    718 2015  4  2     35 0
54416 4023 11652    718 2015  4  3    100 0
54416 4023 11652    718 2015  4  4     52 0
54416 4023 11652    718 2015  4  5     83 0
54416 4023 11652    718 2015  4  6     78 0
54416 4023 11652    718 2015  4  7    106 0
54416 4023 11652    718 2015  4  8     53 0
54416 4023 11652    718 2015  4  9     47 0
54416 4023 11652    718 2015  4 10     62 0
54416 4023 11652    718 2015  4 11     10 0
54416 4023 11652    718 2015  4 12      0 0
54416 4023 11652    718 2015  4 13     90 0
54416 4023 11652    718 2015  4 14     97 0
54416 4023 11652    718 2015  4 15     53 0
54416 4023 11652    718 2015  4 16    109 0
54416 4023 11652    718 2015  4 17     74 0
54416 4023 11652    718 2015  4 18      0 0
54416 4023 11652    718 2015  4 19     54 0
54416 4023 11652    718 2015  4 20    100 0
54416 4023 11652    718 2015  4 21     67 0
54416 4023 11652    718 2015  4 22    103 0
54416 4023 11652    718 2015  4 23     78 0
54416 4023 11652    718 2015  4 24    108 0
54416 4023 11652    718 2015  4 25    107 0
54416 4023 11652    718 2015  4 26    101 0
54416 4023 11652    718 2015  4 27     60 0
54416 4023 11652    718 2015  4 28     41 0
54416 4023 11652    718 2015  4 29     77 0
54416 4023 11652    718 2015  4 30     54 0
54416 4023 11652    718 2015  5  1      0 0
54416 4023 11652    718 2015  5  2     93 0
54416 4023 11652    718 2015  5  3    115 0
54416 4023 11652    718 2015  5  4    118 0
54416 4023 11652    718 2015  5  5    110 0
54416 4023 11652    718 2015  5  6     53 0
54416 4023 11652    718 2015  5  7     91 0
54416 4023 11652    718 2015  5  8     44 0
54416 4023 11652    718 2015  5  9      0 0
54416 4023 11652    718 2015  5 10      0 0
54416 4023 11652    718 2015  5 11     18 0
54416 4023 11652    718 2015  5 12    108 0
54416 4023 11652    718 2015  5 13     73 0
54416 4023 11652    718 2015  5 14    119 0
54416 4023 11652    718 2015  5 15    101 0
54416 4023 11652    718 2015  5 16    119 0
54416 4023 11652    718 2015  5 17      0 0
54416 4023 11652    718 2015  5 18    110 0
54416 4023 11652    718 2015  5 19    126 0
54416 4023 11652    718 2015  5 20    124 0
54416 4023 11652    718 2015  5 21    106 0
54416 4023 11652    718 2015  5 22    114 0
54416 4023 11652    718 2015  5 23     84 0
54416 4023 11652    718 2015  5 24     80 0
54416 4023 11652    718 2015  5 25    108 0
54416 4023 11652    718 2015  5 26    105 0
54416 4023 11652    718 2015  5 27     71 0
54416 4023 11652    718 2015  5 28      0 0
54416 4023 11652    718 2015  5 29     39 0
54416 4023 11652    718 2015  5 30    103 0
54416 4023 11652    718 2015  5 31    105 0
54416 4023 11652    718 2015  6  1     54 0
54416 4023 11652    718 2015  6  2    130 0
54416 4023 11652    718 2015  6  3    113 0
54416 4023 11652    718 2015  6  4      0 0
54416 4023 11652    718 2015  6  5     91 0
54416 4023 11652    718 2015  6  6     91 0
54416 4023 11652    718 2015  6  7     60 0
54416 4023 11652    718 2015  6  8    103 0
54416 4023 11652    718 2015  6  9     30 0
54416 4023 11652    718 2015  6 10      0 0
54416 4023 11652    718 2015  6 11     62 0
54416 4023 11652    718 2015  6 12     95 0
54416 4023 11652    718 2015  6 13     70 0
54416 4023 11652    718 2015  6 14    116 0
54416 4023 11652    718 2015  6 15     86 0
54416 4023 11652    718 2015  6 16     39 0
54416 4023 11652    718 2015  6 17    102 0
54416 4023 11652    718 2015  6 18     98 0
54416 4023 11652    718 2015  6 19     64 0
54416 4023 11652    718 2015  6 20    127 0
54416 4023 11652    718 2015  6 21     82 0
54416 4023 11652    718 2015  6 22     52 0
54416 4023 11652    718 2015  6 23      0 0
54416 4023 11652    718 2015  6 24      0 0
54416 4023 11652    718 2015  6 25      0 0
54416 4023 11652    718 2015  6 26     33 0
54416 4023 11652    718 2015  6 27     14 0
54416 4023 11652    718 2015  6 28     14 0
54416 4023 11652    718 2015  6 29      0 0
54416 4023 11652    718 2015  6 30     82 0
54416 4023 11652    718 2015  7  1     58 0
54416 4023 11652    718 2015  7  2    129 0
54416 4023 11652    718 2015  7  3    131 0
54416 4023 11652    718 2015  7  4     45 0
54416 4023 11652    718 2015  7  5    111 0
54416 4023 11652    718 2015  7  6    107 0
54416 4023 11652    718 2015  7  7     97 0
54416 4023 11652    718 2015  7  8     56 0
54416 4023 11652    718 2015  7  9    111 0
54416 4023 11652    718 2015  7 10     81 0
54416 4023 11652    718 2015  7 11     61 0
54416 4023 11652    718 2015  7 12     96 0
54416 4023 11652    718 2015  7 13    110 0
54416 4023 11652    718 2015  7 14     88 0
54416 4023 11652    718 2015  7 15      8 0
54416 4023 11652    718 2015  7 16      0 0
54416 4023 11652    718 2015  7 17      5 0
54416 4023 11652    718 2015  7 18     38 0
54416 4023 11652    718 2015  7 19      0 0
54416 4023 11652    718 2015  7 20     55 0
54416 4023 11652    718 2015  7 21      0 0
54416 4023 11652    718 2015  7 22     65 0
54416 4023 11652    718 2015  7 23     39 0
54416 4023 11652    718 2015  7 24     89 0
54416 4023 11652    718 2015  7 25     94 0
54416 4023 11652    718 2015  7 26     83 0
54416 4023 11652    718 2015  7 27      0 0
54416 4023 11652    718 2015  7 28     36 0
54416 4023 11652    718 2015  7 29     54 0
54416 4023 11652    718 2015  7 30     16 0
54416 4023 11652    718 2015  7 31     62 0
54416 4023 11652    718 2015  8  1      0 0
54416 4023 11652    718 2015  8  2     43 0
54416 4023 11652    718 2015  8  3     25 0
54416 4023 11652    718 2015  8  4    122 0
54416 4023 11652    718 2015  8  5     60 0
54416 4023 11652    718 2015  8  6      0 0
54416 4023 11652    718 2015  8  7     57 0
54416 4023 11652    718 2015  8  8    105 0
54416 4023 11652    718 2015  8  9    117 0
54416 4023 11652    718 2015  8 10    122 0
54416 4023 11652    718 2015  8 11    112 0
54416 4023 11652    718 2015  8 12    103 0
54416 4023 11652    718 2015  8 13     88 0
54416 4023 11652    718 2015  8 14     61 0
54416 4023 11652    718 2015  8 15    121 0
54416 4023 11652    718 2015  8 16    117 0
54416 4023 11652    718 2015  8 17     53 0
54416 4023 11652    718 2015  8 18     42 0
54416 4023 11652    718 2015  8 19     52 0
54416 4023 11652    718 2015  8 20     95 0
54416 4023 11652    718 2015  8 21     95 0
54416 4023 11652    718 2015  8 22    104 0
54416 4023 11652    718 2015  8 23     54 0
54416 4023 11652    718 2015  8 24     64 0
54416 4023 11652    718 2015  8 25     73 0
54416 4023 11652    718 2015  8 26     78 0
54416 4023 11652    718 2015  8 27    105 0
54416 4023 11652    718 2015  8 28    104 0
54416 4023 11652    718 2015  8 29     94 0
54416 4023 11652    718 2015  8 30     13 0
54416 4023 11652    718 2015  8 31      0 0
54416 4023 11652    718 2015  9  1      0 0
54416 4023 11652    718 2015  9  2    108 0
54416 4023 11652    718 2015  9  3    109 0
54416 4023 11652    718 2015  9  4      0 0
54416 4023 11652    718 2015  9  5      0 0
54416 4023 11652    718 2015  9  6    104 0
54416 4023 11652    718 2015  9  7    107 0
54416 4023 11652    718 2015  9  8     89 0
54416 4023 11652    718 2015  9  9     11 0
54416 4023 11652    718 2015  9 10      0 0
54416 4023 11652    718 2015  9 11     99 0
54416 4023 11652    718 2015  9 12    108 0
54416 4023 11652    718 2015  9 13    106 0
54416 4023 11652    718 2015  9 14     95 0
54416 4023 11652    718 2015  9 15     86 0
54416 4023 11652    718 2015  9 16     75 0
54416 4023 11652    718 2015  9 17     45 0
54416 4023 11652    718 2015  9 18     95 0
54416 4023 11652    718 2015  9 19    104 0
54416 4023 11652    718 2015  9 20      0 0
54416 4023 11652    718 2015  9 21     78 0
54416 4023 11652    718 2015  9 22      0 0
54416 4023 11652    718 2015  9 23     89 0
54416 4023 11652    718 2015  9 24     10 0
54416 4023 11652    718 2015  9 25    103 0
54416 4023 11652    718 2015  9 26    100 0
54416 4023 11652    718 2015  9 27     96 0
54416 4023 11652    718 2015  9 28      0 0
54416 4023 11652    718 2015  9 29      0 0
54416 4023 11652    718 2015  9 30     10 0
54416 4023 11652    718 2015 10  1    110 0
54416 4023 11652    718 2015 10  2     98 0
54416 4023 11652    718 2015 10  3     98 0
54416 4023 11652    718 2015 10  4     80 0
54416 4023 11652    718 2015 10  5     72 0
54416 4023 11652    718 2015 10  6     50 0
54416 4023 11652    718 2015 10  7     18 0
54416 4023 11652    718 2015 10  8     97 0
54416 4023 11652    718 2015 10  9     74 0
54416 4023 11652    718 2015 10 10     95 0
54416 4023 11652    718 2015 10 11     82 0
54416 4023 11652    718 2015 10 12     94 0
54416 4023 11652    718 2015 10 13     97 0
54416 4023 11652    718 2015 10 14     18 0
54416 4023 11652    718 2015 10 15     84 0
54416 4023 11652    718 2015 10 16     64 0
54416 4023 11652    718 2015 10 17      0 0
54416 4023 11652    718 2015 10 18     80 0
54416 4023 11652    718 2015 10 19     66 0
54416 4023 11652    718 2015 10 20      0 0
54416 4023 11652    718 2015 10 21      0 0
54416 4023 11652    718 2015 10 22      0 0
54416 4023 11652    718 2015 10 23     84 0
54416 4023 11652    718 2015 10 24     67 0
54416 4023 11652    718 2015 10 25     12 0
54416 4023 11652    718 2015 10 26     12 0
54416 4023 11652    718 2015 10 27     47 0
54416 4023 11652    718 2015 10 28     89 0
54416 4023 11652    718 2015 10 29     86 0
54416 4023 11652    718 2015 10 30     89 0
54416 4023 11652    718 2015 10 31     88 0
54416 4023 11652    718 2015 11  1     88 0
54416 4023 11652    718 2015 11  2     86 0
54416 4023 11652    718 2015 11  3     52 0
54416 4023 11652    718 2015 11  4      0 0
54416 4023 11652    718 2015 11  5      0 0
54416 4023 11652    718 2015 11  6      0 0
54416 4023 11652    718 2015 11  7      0 0
54416 4023 11652    718 2015 11  8     23 0
54416 4023 11652    718 2015 11  9      0 0
54416 4023 11652    718 2015 11 10      0 0
54416 4023 11652    718 2015 11 11      0 0
54416 4023 11652    718 2015 11 12      0 0
54416 4023 11652    718 2015 11 13      0 0
54416 4023 11652    718 2015 11 14      0 0
54416 4023 11652    718 2015 11 15     41 0
54416 4023 11652    718 2015 11 16      0 0
54416 4023 11652    718 2015 11 17      0 0
54416 4023 11652    718 2015 11 18      0 0
54416 4023 11652    718 2015 11 19      0 0
54416 4023 11652    718 2015 11 20      0 0
54416 4023 11652    718 2015 11 21      0 0
54416 4023 11652    718 2015 11 22      0 0
54416 4023 11652    718 2015 11 23     74 0
54416 4023 11652    718 2015 11 24      0 0
54416 4023 11652    718 2015 11 25     29 0
54416 4023 11652    718 2015 11 26     81 0
54416 4023 11652    718 2015 11 27      0 0
54416 4023 11652    718 2015 11 28      0 0
54416 4023 11652    718 2015 11 29     61 0
54416 4023 11652    718 2015 11 30     39 0
54416 4023 11652    718 2015 12  1      0 0
54416 4023 11652    718 2015 12  2     49 0
54416 4023 11652    718 2015 12  3     80 0
54416 4023 11652    718 2015 12  4     82 0
54416 4023 11652    718 2015 12  5     80 0
54416 4023 11652    718 2015 12  6     30 0
54416 4023 11652    718 2015 12  7      0 0
54416 4023 11652    718 2015 12  8      0 0
54416 4023 11652    718 2015 12  9      0 0
54416 4023 11652    718 2015 12 10     77 0
54416 4023 11652    718 2015 12 11     68 0
54416 4023 11652    718 2015 12 12     30 0
54416 4023 11652    718 2015 12 13     66 0
54416 4023 11652    718 2015 12 14      0 0
54416 4023 11652    718 2015 12 15     70 0
54416 4023 11652    718 2015 12 16     80 0
54416 4023 11652    718 2015 12 17     77 0
54416 4023 11652    718 2015 12 18     71 0
54416 4023 11652    718 2015 12 19     66 0
54416 4023 11652    718 2015 12 20      0 0
54416 4023 11652    718 2015 12 21     58 0
54416 4023 11652    718 2015 12 22      0 0
54416 4023 11652    718 2015 12 23     61 0
54416 4023 11652    718 2015 12 24     66 0
54416 4023 11652    718 2015 12 25      0 0
54416 4023 11652    718 2015 12 26     18 0
54416 4023 11652    718 2015 12 27      0 0
54416 4023 11652    718 2015 12 28     79 0
54416 4023 11652    718 2015 12 29      0 0
54416 4023 11652    718 2015 12 30     66 0
54416 4023 11652    718 2015 12 31     61 0
54416 4023 11652    718 2016  1  1      0 0
54416 4023 11652    718 2016  1  2     60 0
54416 4023 11652    718 2016  1  3     30 0
54416 4023 11652    718 2016  1  4     63 0
54416 4023 11652    718 2016  1  5     75 0
54416 4023 11652    718 2016  1  6     78 0
54416 4023 11652    718 2016  1  7     68 0
54416 4023 11652    718 2016  1  8     76 0
54416 4023 11652    718 2016  1  9     78 0
54416 4023 11652    718 2016  1 10     59 0
54416 4023 11652    718 2016  1 11     81 0
54416 4023 11652    718 2016  1 12     82 0
54416 4023 11652    718 2016  1 13     78 0
54416 4023 11652    718 2016  1 14     73 0
54416 4023 11652    718 2016  1 15     76 0
54416 4023 11652    718 2016  1 16      0 0
54416 4023 11652    718 2016  1 17     74 0
54416 4023 11652    718 2016  1 18     82 0
54416 4023 11652    718 2016  1 19     79 0
54416 4023 11652    718 2016  1 20     30 0
54416 4023 11652    718 2016  1 21      0 0
54416 4023 11652    718 2016  1 22     76 0
54416 4023 11652    718 2016  1 23     79 0
54416 4023 11652    718 2016  1 24     77 0
54416 4023 11652    718 2016  1 25     83 0
54416 4023 11652    718 2016  1 26     84 0
54416 4023 11652    718 2016  1 27     80 0
54416 4023 11652    718 2016  1 28     75 0
54416 4023 11652    718 2016  1 29     30 0
54416 4023 11652    718 2016  1 30     49 0
54416 4023 11652    718 2016  1 31     84 0
54416 4023 11652    718 2016  2  1     85 0
54416 4023 11652    718 2016  2  2     87 0
54416 4023 11652    718 2016  2  3     74 0
54416 4023 11652    718 2016  2  4     63 0
54416 4023 11652    718 2016  2  5     85 0
54416 4023 11652    718 2016  2  6     89 0
54416 4023 11652    718 2016  2  7     86 0
54416 4023 11652    718 2016  2  8     87 0
54416 4023 11652    718 2016  2  9     87 0
54416 4023 11652    718 2016  2 10     75 0
54416 4023 11652    718 2016  2 11     25 0
54416 4023 11652    718 2016  2 12      0 0
54416 4023 11652    718 2016  2 13     63 0
54416 4023 11652    718 2016  2 14     95 0
54416 4023 11652    718 2016  2 15     93 0
54416 4023 11652    718 2016  2 16     96 0
54416 4023 11652    718 2016  2 17     93 0
54416 4023 11652    718 2016  2 18     97 0
54416 4023 11652    718 2016  2 19     72 0
54416 4023 11652    718 2016  2 20     96 0
54416 4023 11652    718 2016  2 21     65 0
54416 4023 11652    718 2016  2 22     93 0
54416 4023 11652    718 2016  2 23     97 0
54416 4023 11652    718 2016  2 24     79 0
54416 4023 11652    718 2016  2 25     81 0
54416 4023 11652    718 2016  2 26     96 0
54416 4023 11652    718 2016  2 27     80 0
54416 4023 11652    718 2016  2 28     91 0
54416 4023 11652    718 2016  2 29     92 0
54416 4023 11652    718 2016  3  1     93 0
54416 4023 11652    718 2016  3  2     90 0
54416 4023 11652    718 2016  3  3     53 0
54416 4023 11652    718 2016  3  4      0 0
54416 4023 11652    718 2016  3  5     93 0
54416 4023 11652    718 2016  3  6     19 0
54416 4023 11652    718 2016  3  7    100 0
54416 4023 11652    718 2016  3  8     98 0
54416 4023 11652    718 2016  3  9     99 0
54416 4023 11652    718 2016  3 10    103 0
54416 4023 11652    718 2016  3 11     98 0
54416 4023 11652    718 2016  3 12     25 0
54416 4023 11652    718 2016  3 13    106 0
54416 4023 11652    718 2016  3 14    102 0
54416 4023 11652    718 2016  3 15      0 0
54416 4023 11652    718 2016  3 16     50 0
54416 4023 11652    718 2016  3 17      0 0
54416 4023 11652    718 2016  3 18     93 0
54416 4023 11652    718 2016  3 19     33 0
54416 4023 11652    718 2016  3 20     94 0
54416 4023 11652    718 2016  3 21     87 0
54416 4023 11652    718 2016  3 22      0 0
54416 4023 11652    718 2016  3 23    108 0
54416 4023 11652    718 2016  3 24    107 0
54416 4023 11652    718 2016  3 25    107 0
54416 4023 11652    718 2016  3 26    107 0
54416 4023 11652    718 2016  3 27    108 0
54416 4023 11652    718 2016  3 28      0 0
54416 4023 11652    718 2016  3 29    109 0
54416 4023 11652    718 2016  3 30    108 0
54416 4023 11652    718 2016  3 31      0 0
54416 4023 11652    718 2016  4  1     98 0
54416 4023 11652    718 2016  4  2     75 0
54416 4023 11652    718 2016  4  3     99 0
54416 4023 11652    718 2016  4  4     93 0
54416 4023 11652    718 2016  4  5     77 0
54416 4023 11652    718 2016  4  6      0 0
54416 4023 11652    718 2016  4  7    104 0
54416 4023 11652    718 2016  4  8    107 0
54416 4023 11652    718 2016  4  9    100 0
54416 4023 11652    718 2016  4 10     94 0
54416 4023 11652    718 2016  4 11     89 0
54416 4023 11652    718 2016  4 12     62 0
54416 4023 11652    718 2016  4 13     56 0
54416 4023 11652    718 2016  4 14    104 0
54416 4023 11652    718 2016  4 15     50 0
54416 4023 11652    718 2016  4 16     82 0
54416 4023 11652    718 2016  4 17    111 0
54416 4023 11652    718 2016  4 18    112 0
54416 4023 11652    718 2016  4 19      0 0
54416 4023 11652    718 2016  4 20     96 0
54416 4023 11652    718 2016  4 21    109 0
54416 4023 11652    718 2016  4 22    114 0
54416 4023 11652    718 2016  4 23    104 0
54416 4023 11652    718 2016  4 24    101 0
54416 4023 11652    718 2016  4 25     86 0
54416 4023 11652    718 2016  4 26     47 0
54416 4023 11652    718 2016  4 27      0 0
54416 4023 11652    718 2016  4 28     81 0
54416 4023 11652    718 2016  4 29     42 0
54416 4023 11652    718 2016  4 30     95 0
54416 4023 11652    718 2016  5  1      0 0
54416 4023 11652    718 2016  5  2      0 0
54416 4023 11652    718 2016  5  3    118 0
54416 4023 11652    718 2016  5  4     71 0
54416 4023 11652    718 2016  5  5     56 0
54416 4023 11652    718 2016  5  6    122 0
54416 4023 11652    718 2016  5  7    122 0
54416 4023 11652    718 2016  5  8    105 0
54416 4023 11652    718 2016  5  9      0 0
54416 4023 11652    718 2016  5 10    114 0
54416 4023 11652    718 2016  5 11      0 0
54416 4023 11652    718 2016  5 12     36 0
54416 4023 11652    718 2016  5 13    110 0
54416 4023 11652    718 2016  5 14      0 0
54416 4023 11652    718 2016  5 15    100 0
54416 4023 11652    718 2016  5 16    122 0
54416 4023 11652    718 2016  5 17     91 0
54416 4023 11652    718 2016  5 18    109 0
54416 4023 11652    718 2016  5 19    100 0
54416 4023 11652    718 2016  5 20    108 0
54416 4023 11652    718 2016  5 21    104 0
54416 4023 11652    718 2016  5 22     89 0
54416 4023 11652    718 2016  5 23      0 0
54416 4023 11652    718 2016  5 24    113 0
54416 4023 11652    718 2016  5 25     84 0
54416 4023 11652    718 2016  5 26    120 0
54416 4023 11652    718 2016  5 27    114 0
54416 4023 11652    718 2016  5 28    109 0
54416 4023 11652    718 2016  5 29    131 0
54416 4023 11652    718 2016  5 30     99 0
54416 4023 11652    718 2016  5 31      0 0
54416 4023 11652    718 2016  6  1     63 0
54416 4023 11652    718 2016  6  2    121 0
54416 4023 11652    718 2016  6  3     44 0
54416 4023 11652    718 2016  6  4    113 0
54416 4023 11652    718 2016  6  5     65 0
54416 4023 11652    718 2016  6  6     70 0
54416 4023 11652    718 2016  6  7    106 0
54416 4023 11652    718 2016  6  8     74 0
54416 4023 11652    718 2016  6  9     93 0
54416 4023 11652    718 2016  6 10     85 0
54416 4023 11652    718 2016  6 11    118 0
54416 4023 11652    718 2016  6 12     75 0
54416 4023 11652    718 2016  6 13      0 0
54416 4023 11652    718 2016  6 14      0 0
54416 4023 11652    718 2016  6 15    114 0
54416 4023 11652    718 2016  6 16    101 0
54416 4023 11652    718 2016  6 17     11 0
54416 4023 11652    718 2016  6 18    116 0
54416 4023 11652    718 2016  6 19     98 0
54416 4023 11652    718 2016  6 20     76 0
54416 4023 11652    718 2016  6 21     75 0
54416 4023 11652    718 2016  6 22     68 0
54416 4023 11652    718 2016  6 23     46 0
54416 4023 11652    718 2016  6 24    101 0
54416 4023 11652    718 2016  6 25    116 0
54416 4023 11652    718 2016  6 26     95 0
54416 4023 11652    718 2016  6 27     41 0
54416 4023 11652    718 2016  6 28      9 0
54416 4023 11652    718 2016  6 29     47 0
54416 4023 11652    718 2016  6 30    104 0
54416 4023 11652    718 2016  7  1    130 0
54416 4023 11652    718 2016  7  2    111 0
54416 4023 11652    718 2016  7  3     43 0
54416 4023 11652    718 2016  7  4      0 0
54416 4023 11652    718 2016  7  5     95 0
54416 4023 11652    718 2016  7  6    104 0
54416 4023 11652    718 2016  7  7     76 0
54416 4023 11652    718 2016  7  8      0 0
54416 4023 11652    718 2016  7  9     89 0
54416 4023 11652    718 2016  7 10     91 0
54416 4023 11652    718 2016  7 11     91 0
54416 4023 11652    718 2016  7 12     17 0
54416 4023 11652    718 2016  7 13    128 0
54416 4023 11652    718 2016  7 14      0 0
54416 4023 11652    718 2016  7 15      0 0
54416 4023 11652    718 2016  7 16      0 0
54416 4023 11652    718 2016  7 17     58 0
54416 4023 11652    718 2016  7 18      0 0
54416 4023 11652    718 2016  7 19      0 0
54416 4023 11652    718 2016  7 20      0 0
54416 4023 11652    718 2016  7 21      0 0
54416 4023 11652    718 2016  7 22      0 0
54416 4023 11652    718 2016  7 23     53 0
54416 4023 11652    718 2016  7 24     50 0
54416 4023 11652    718 2016  7 25      5 0
54416 4023 11652    718 2016  7 26    126 0
54416 4023 11652    718 2016  7 27    110 0
54416 4023 11652    718 2016  7 28     94 0
54416 4023 11652    718 2016  7 29     33 0
54416 4023 11652    718 2016  7 30      0 0
54416 4023 11652    718 2016  7 31      0 0
54416 4023 11652    718 2016  8  1     83 0
54416 4023 11652    718 2016  8  2    123 0
54416 4023 11652    718 2016  8  3    120 0
54416 4023 11652    718 2016  8  4     73 0
54416 4023 11652    718 2016  8  5     85 0
54416 4023 11652    718 2016  8  6     28 0
54416 4023 11652    718 2016  8  7     77 0
54416 4023 11652    718 2016  8  8    122 0
54416 4023 11652    718 2016  8  9    122 0
54416 4023 11652    718 2016  8 10     63 0
54416 4023 11652    718 2016  8 11      0 0
54416 4023 11652    718 2016  8 12     20 0
54416 4023 11652    718 2016  8 13      0 0
54416 4023 11652    718 2016  8 14    109 0
54416 4023 11652    718 2016  8 15     39 0
54416 4023 11652    718 2016  8 16    114 0
54416 4023 11652    718 2016  8 17      0 0
54416 4023 11652    718 2016  8 18      0 0
54416 4023 11652    718 2016  8 19    110 0
54416 4023 11652    718 2016  8 20    107 0
54416 4023 11652    718 2016  8 21     79 0
54416 4023 11652    718 2016  8 22     51 0
54416 4023 11652    718 2016  8 23      0 0
54416 4023 11652    718 2016  8 24     91 0
54416 4023 11652    718 2016  8 25     57 0
54416 4023 11652    718 2016  8 26    119 0
54416 4023 11652    718 2016  8 27     85 0
54416 4023 11652    718 2016  8 28    113 0
54416 4023 11652    718 2016  8 29     96 0
54416 4023 11652    718 2016  8 30    112 0
54416 4023 11652    718 2016  8 31     91 0
54416 4023 11652    718 2016  9  1      0 0
54416 4023 11652    718 2016  9  2      0 0
54416 4023 11652    718 2016  9  3    103 0
54416 4023 11652    718 2016  9  4      0 0
54416 4023 11652    718 2016  9  5    110 0
54416 4023 11652    718 2016  9  6     32 0
54416 4023 11652    718 2016  9  7     63 0
54416 4023 11652    718 2016  9  8    109 0
54416 4023 11652    718 2016  9  9    107 0
54416 4023 11652    718 2016  9 10     94 0
54416 4023 11652    718 2016  9 11      8 0
54416 4023 11652    718 2016  9 12    105 0
54416 4023 11652    718 2016  9 13      7 0
54416 4023 11652    718 2016  9 14      0 0
54416 4023 11652    718 2016  9 15     95 0
54416 4023 11652    718 2016  9 16     26 0
54416 4023 11652    718 2016  9 17      0 0
54416 4023 11652    718 2016  9 18     18 0
54416 4023 11652    718 2016  9 19    107 0
54416 4023 11652    718 2016  9 20     96 0
54416 4023 11652    718 2016  9 21      0 0
54416 4023 11652    718 2016  9 22      0 0
54416 4023 11652    718 2016  9 23     27 0
54416 4023 11652    718 2016  9 24      0 0
54416 4023 11652    718 2016  9 25      0 0
54416 4023 11652    718 2016  9 26      0 0
54416 4023 11652    718 2016  9 27     83 0
54416 4023 11652    718 2016  9 28     97 0
54416 4023 11652    718 2016  9 29     90 0
54416 4023 11652    718 2016  9 30     92 0
54416 4023 11652    718 2016 10  1     76 0
54416 4023 11652    718 2016 10  2      0 0
54416 4023 11652    718 2016 10  3     89 0
54416 4023 11652    718 2016 10  4      0 0
54416 4023 11652    718 2016 10  5     14 0
54416 4023 11652    718 2016 10  6      0 0
54416 4023 11652    718 2016 10  7      0 0
54416 4023 11652    718 2016 10  8     97 0
54416 4023 11652    718 2016 10  9     77 0
54416 4023 11652    718 2016 10 10     74 0
54416 4023 11652    718 2016 10 11     67 0
54416 4023 11652    718 2016 10 12      0 0
54416 4023 11652    718 2016 10 13     69 0
54416 4023 11652    718 2016 10 14      0 0
54416 4023 11652    718 2016 10 15      0 0
54416 4023 11652    718 2016 10 16      0 0
54416 4023 11652    718 2016 10 17     87 0
54416 4023 11652    718 2016 10 18      0 0
54416 4023 11652    718 2016 10 19      0 0
54416 4023 11652    718 2016 10 20      0 0
54416 4023 11652    718 2016 10 21      0 0
54416 4023 11652    718 2016 10 22      0 0
54416 4023 11652    718 2016 10 23     47 0
54416 4023 11652    718 2016 10 24      0 0
54416 4023 11652    718 2016 10 25     72 0
54416 4023 11652    718 2016 10 26     30 0
54416 4023 11652    718 2016 10 27      0 0
54416 4023 11652    718 2016 10 28     85 0
54416 4023 11652    718 2016 10 29     83 0
54416 4023 11652    718 2016 10 30     51 0
54416 4023 11652    718 2016 10 31     87 0
54416 4023 11652    718 2016 11  1     73 0
54416 4023 11652    718 2016 11  2     71 0
54416 4023 11652    718 2016 11  3     66 0
54416 4023 11652    718 2016 11  4     61 0
54416 4023 11652    718 2016 11  5     64 0
54416 4023 11652    718 2016 11  6     28 0
54416 4023 11652    718 2016 11  7     81 0
54416 4023 11652    718 2016 11  8     86 0
54416 4023 11652    718 2016 11  9     23 0
54416 4023 11652    718 2016 11 10      0 0
54416 4023 11652    718 2016 11 11     43 0
54416 4023 11652    718 2016 11 12     56 0
54416 4023 11652    718 2016 11 13      0 0
54416 4023 11652    718 2016 11 14     87 0
54416 4023 11652    718 2016 11 15     78 0
54416 4023 11652    718 2016 11 16     64 0
54416 4023 11652    718 2016 11 17      0 0
54416 4023 11652    718 2016 11 18      0 0
54416 4023 11652    718 2016 11 19     64 0
54416 4023 11652    718 2016 11 20      0 0
54416 4023 11652    718 2016 11 21     34 0
54416 4023 11652    718 2016 11 22     83 0
54416 4023 11652    718 2016 11 23     81 0
54416 4023 11652    718 2016 11 24     79 0
54416 4023 11652    718 2016 11 25     47 0
54416 4023 11652    718 2016 11 26     56 0
54416 4023 11652    718 2016 11 27     80 0
54416 4023 11652    718 2016 11 28     77 0
54416 4023 11652    718 2016 11 29      0 0
54416 4023 11652    718 2016 11 30     48 0
54416 4023 11652    718 2016 12  1     79 0
54416 4023 11652    718 2016 12  2     75 0
54416 4023 11652    718 2016 12  3     51 0
54416 4023 11652    718 2016 12  4     30 0
54416 4023 11652    718 2016 12  5     75 0
54416 4023 11652    718 2016 12  6     60 0
54416 4023 11652    718 2016 12  7     79 0
54416 4023 11652    718 2016 12  8     64 0
54416 4023 11652    718 2016 12  9     65 0
54416 4023 11652    718 2016 12 10     76 0
54416 4023 11652    718 2016 12 11      0 0
54416 4023 11652    718 2016 12 12      0 0
54416 4023 11652    718 2016 12 13     44 0
54416 4023 11652    718 2016 12 14     78 0
54416 4023 11652    718 2016 12 15     69 0
54416 4023 11652    718 2016 12 16     41 0
54416 4023 11652    718 2016 12 17     50 0
54416 4023 11652    718 2016 12 18     60 0
54416 4023 11652    718 2016 12 19     72 0
54416 4023 11652    718 2016 12 20     48 0
54416 4023 11652    718 2016 12 21      0 0
54416 4023 11652    718 2016 12 22     70 0
54416 4023 11652    718 2016 12 23     76 0
54416 4023 11652    718 2016 12 24     16 0
54416 4023 11652    718 2016 12 25      0 0
54416 4023 11652    718 2016 12 26     43 0
54416 4023 11652    718 2016 12 27     76 0
54416 4023 11652    718 2016 12 28     47 0
54416 4023 11652    718 2016 12 29     71 0
54416 4023 11652    718 2016 12 30     59 0
54416 4023 11652    718 2016 12 31     65 0
54416 4023 11652    718 2017  1  1     47 0
54416 4023 11652    718 2017  1  2     74 0
54416 4023 11652    718 2017  1  3     72 0
54416 4023 11652    718 2017  1  4     60 0
54416 4023 11652    718 2017  1  5      0 0
54416 4023 11652    718 2017  1  6      0 0
54416 4023 11652    718 2017  1  7      0 0
54416 4023 11652    718 2017  1  8     73 0
54416 4023 11652    718 2017  1  9     78 0
54416 4023 11652    718 2017  1 10     79 0
54416 4023 11652    718 2017  1 11     81 0
54416 4023 11652    718 2017  1 12     81 0
54416 4023 11652    718 2017  1 13     81 0
54416 4023 11652    718 2017  1 14     81 0
54416 4023 11652    718 2017  1 15      0 0
54416 4023 11652    718 2017  1 16      0 0
54416 4023 11652    718 2017  1 17     26 0
54416 4023 11652    718 2017  1 18     71 0
54416 4023 11652    718 2017  1 19     56 0
54416 4023 11652    718 2017  1 20     79 0
54416 4023 11652    718 2017  1 21     83 0
54416 4023 11652    718 2017  1 22     78 0
54416 4023 11652    718 2017  1 23     79 0
54416 4023 11652    718 2017  1 24     74 0
54416 4023 11652    718 2017  1 25      0 0
54416 4023 11652    718 2017  1 26     29 0
54416 4023 11652    718 2017  1 27     76 0
54416 4023 11652    718 2017  1 28      0 0
54416 4023 11652    718 2017  1 29     42 0
54416 4023 11652    718 2017  1 30     83 0
54416 4023 11652    718 2017  1 31     79 0
54416 4023 11652    718 2017  2  1     85 0
54416 4023 11652    718 2017  2  2     81 0
54416 4023 11652    718 2017  2  3     52 0
54416 4023 11652    718 2017  2  4      0 0
54416 4023 11652    718 2017  2  5     79 0
54416 4023 11652    718 2017  2  6     79 0
54416 4023 11652    718 2017  2  7      0 0
54416 4023 11652    718 2017  2  8     87 0
54416 4023 11652    718 2017  2  9     87 0
54416 4023 11652    718 2017  2 10     90 0
54416 4023 11652    718 2017  2 11     90 0
54416 4023 11652    718 2017  2 12     85 0
54416 4023 11652    718 2017  2 13     88 0
54416 4023 11652    718 2017  2 14      0 0
54416 4023 11652    718 2017  2 15     55 0
54416 4023 11652    718 2017  2 16      0 0
54416 4023 11652    718 2017  2 17     90 0
54416 4023 11652    718 2017  2 18     82 0
54416 4023 11652    718 2017  2 19     73 0
54416 4023 11652    718 2017  2 20     92 0
54416 4023 11652    718 2017  2 21      0 0
54416 4023 11652    718 2017  2 22     53 0
54416 4023 11652    718 2017  2 23     96 0
54416 4023 11652    718 2017  2 24     97 0
54416 4023 11652    718 2017  2 25     95 0
54416 4023 11652    718 2017  2 26     96 0
54416 4023 11652    718 2017  2 27     80 0
54416 4023 11652    718 2017  2 28     93 0
54416 4023 11652    718 2017  3  1     96 0
54416 4023 11652    718 2017  3  2     91 0
54416 4023 11652    718 2017  3  3     91 0
54416 4023 11652    718 2017  3  4     90 0
54416 4023 11652    718 2017  3  5     86 0
54416 4023 11652    718 2017  3  6     78 0
54416 4023 11652    718 2017  3  7     98 0
54416 4023 11652    718 2017  3  8     91 0
54416 4023 11652    718 2017  3  9    104 0
54416 4023 11652    718 2017  3 10    101 0
54416 4023 11652    718 2017  3 11     63 0
54416 4023 11652    718 2017  3 12    103 0
54416 4023 11652    718 2017  3 13    106 0
54416 4023 11652    718 2017  3 14    104 0
54416 4023 11652    718 2017  3 15     86 0
54416 4023 11652    718 2017  3 16     74 0
54416 4023 11652    718 2017  3 17     29 0
54416 4023 11652    718 2017  3 18     83 0
54416 4023 11652    718 2017  3 19     12 0
54416 4023 11652    718 2017  3 20      0 0
54416 4023 11652    718 2017  3 21     96 0
54416 4023 11652    718 2017  3 22      0 0
54416 4023 11652    718 2017  3 23      0 0
54416 4023 11652    718 2017  3 24      0 0
54416 4023 11652    718 2017  3 25     41 0
54416 4023 11652    718 2017  3 26     51 0
54416 4023 11652    718 2017  3 27    110 0
54416 4023 11652    718 2017  3 28     93 0
54416 4023 11652    718 2017  3 29     92 0
54416 4023 11652    718 2017  3 30     27 0
54416 4023 11652    718 2017  3 31    104 0
54416 4023 11652    718 2017  4  1    106 0
54416 4023 11652    718 2017  4  2    103 0
54416 4023 11652    718 2017  4  3     80 0
54416 4023 11652    718 2017  4  4      0 0
54416 4023 11652    718 2017  4  5     83 0
54416 4023 11652    718 2017  4  6     83 0
54416 4023 11652    718 2017  4  7      0 0
54416 4023 11652    718 2017  4  8      0 0
54416 4023 11652    718 2017  4  9     88 0
54416 4023 11652    718 2017  4 10     49 0
54416 4023 11652    718 2017  4 11    101 0
54416 4023 11652    718 2017  4 12    101 0
54416 4023 11652    718 2017  4 13     79 0
54416 4023 11652    718 2017  4 14    103 0
54416 4023 11652    718 2017  4 15    101 0
54416 4023 11652    718 2017  4 16     13 0
54416 4023 11652    718 2017  4 17     48 0
54416 4023 11652    718 2017  4 18    117 0
54416 4023 11652    718 2017  4 19      0 0
54416 4023 11652    718 2017  4 20     92 0
54416 4023 11652    718 2017  4 21    116 0
54416 4023 11652    718 2017  4 22    109 0
54416 4023 11652    718 2017  4 23     92 0
54416 4023 11652    718 2017  4 24    122 0
54416 4023 11652    718 2017  4 25     43 0
54416 4023 11652    718 2017  4 26    108 0
54416 4023 11652    718 2017  4 27    111 0
54416 4023 11652    718 2017  4 28    116 0
54416 4023 11652    718 2017  4 29    115 0
54416 4023 11652    718 2017  4 30    104 0
54416 4023 11652    718 2017  5  1    107 0
54416 4023 11652    718 2017  5  2     84 0
54416 4023 11652    718 2017  5  3      0 0
54416 4023 11652    718 2017  5  4     19 0
54416 4023 11652    718 2017  5  5     90 0
54416 4023 11652    718 2017  5  6    120 0
54416 4023 11652    718 2017  5  7    123 0
54416 4023 11652    718 2017  5  8     97 0
54416 4023 11652    718 2017  5  9    117 0
54416 4023 11652    718 2017  5 10    112 0
54416 4023 11652    718 2017  5 11    122 0
54416 4023 11652    718 2017  5 12     89 0
54416 4023 11652    718 2017  5 13    125 0
54416 4023 11652    718 2017  5 14    112 0
54416 4023 11652    718 2017  5 15    126 0
54416 4023 11652    718 2017  5 16    103 0
54416 4023 11652    718 2017  5 17    121 0
54416 4023 11652    718 2017  5 18    113 0
54416 4023 11652    718 2017  5 19    101 0
54416 4023 11652    718 2017  5 20    115 0
54416 4023 11652    718 2017  5 21     89 0
54416 4023 11652    718 2017  5 22      0 0
54416 4023 11652    718 2017  5 23    129 0
54416 4023 11652    718 2017  5 24    102 0
54416 4023 11652    718 2017  5 25    123 0
54416 4023 11652    718 2017  5 26    125 0
54416 4023 11652    718 2017  5 27    112 0
54416 4023 11652    718 2017  5 28     94 0
54416 4023 11652    718 2017  5 29     23 0
54416 4023 11652    718 2017  5 30     83 0
54416 4023 11652    718 2017  5 31    116 0
54416 4023 11652    718 2017  6  1    127 0
54416 4023 11652    718 2017  6  2     75 0
54416 4023 11652    718 2017  6  3    122 0
54416 4023 11652    718 2017  6  4    126 0
54416 4023 11652    718 2017  6  5     42 0
54416 4023 11652    718 2017  6  6      0 0
54416 4023 11652    718 2017  6  7    107 0
54416 4023 11652    718 2017  6  8     73 0
54416 4023 11652    718 2017  6  9    116 0
54416 4023 11652    718 2017  6 10     35 0
54416 4023 11652    718 2017  6 11     76 0
54416 4023 11652    718 2017  6 12     46 0
54416 4023 11652    718 2017  6 13     53 0
54416 4023 11652    718 2017  6 14    115 0
54416 4023 11652    718 2017  6 15    113 0
54416 4023 11652    718 2017  6 16    102 0
54416 4023 11652    718 2017  6 17     49 0
54416 4023 11652    718 2017  6 18     64 0
54416 4023 11652    718 2017  6 19    118 0
54416 4023 11652    718 2017  6 20    114 0
54416 4023 11652    718 2017  6 21      0 0
54416 4023 11652    718 2017  6 22      0 0
54416 4023 11652    718 2017  6 23      0 0
54416 4023 11652    718 2017  6 24     17 0
54416 4023 11652    718 2017  6 25     91 0
54416 4023 11652    718 2017  6 26    120 0
54416 4023 11652    718 2017  6 27     81 0
54416 4023 11652    718 2017  6 28     21 0
54416 4023 11652    718 2017  6 29     98 0
54416 4023 11652    718 2017  6 30     90 0
