54511 3948 11628    313 2013 12  1     74 0
54511 3948 11628    313 2013 12  2     79 0
54511 3948 11628    313 2013 12  3     82 0
54511 3948 11628    313 2013 12  4     78 0
54511 3948 11628    313 2013 12  5     82 0
54511 3948 11628    313 2013 12  6     68 0
54511 3948 11628    313 2013 12  7     41 0
54511 3948 11628    313 2013 12  8     11 0
54511 3948 11628    313 2013 12  9     74 0
54511 3948 11628    313 2013 12 10     47 0
54511 3948 11628    313 2013 12 11     80 0
54511 3948 11628    313 2013 12 12     85 0
54511 3948 11628    313 2013 12 13     74 0
54511 3948 11628    313 2013 12 14     74 0
54511 3948 11628    313 2013 12 15     76 0
54511 3948 11628    313 2013 12 16     55 0
54511 3948 11628    313 2013 12 17     11 0
54511 3948 11628    313 2013 12 18     77 0
54511 3948 11628    313 2013 12 19     83 0
54511 3948 11628    313 2013 12 20     80 0
54511 3948 11628    313 2013 12 21     70 0
54511 3948 11628    313 2013 12 22     53 0
54511 3948 11628    313 2013 12 23     82 0
54511 3948 11628    313 2013 12 24     38 0
54511 3948 11628    313 2013 12 25     33 0
54511 3948 11628    313 2013 12 26     85 0
54511 3948 11628    313 2013 12 27     61 0
54511 3948 11628    313 2013 12 28     87 0
54511 3948 11628    313 2013 12 29     78 0
54511 3948 11628    313 2013 12 30     82 0
54511 3948 11628    313 2013 12 31     80 0
54511 3948 11628    313 2014  1  1     77 0
54511 3948 11628    313 2014  1  2     66 0
54511 3948 11628    313 2014  1  3     84 0
54511 3948 11628    313 2014  1  4     60 0
54511 3948 11628    313 2014  1  5     84 0
54511 3948 11628    313 2014  1  6      0 0
54511 3948 11628    313 2014  1  7     20 0
54511 3948 11628    313 2014  1  8     75 0
54511 3948 11628    313 2014  1  9     82 0
54511 3948 11628    313 2014  1 10     81 0
54511 3948 11628    313 2014  1 11     73 0
54511 3948 11628    313 2014  1 12     82 0
54511 3948 11628    313 2014  1 13     76 0
54511 3948 11628    313 2014  1 14     77 0
54511 3948 11628    313 2014  1 15     74 0
54511 3948 11628    313 2014  1 16     33 0
54511 3948 11628    313 2014  1 17     55 0
54511 3948 11628    313 2014  1 18     71 0
54511 3948 11628    313 2014  1 19     27 0
54511 3948 11628    313 2014  1 20     89 0
54511 3948 11628    313 2014  1 21     83 0
54511 3948 11628    313 2014  1 22     71 0
54511 3948 11628    313 2014  1 23     34 0
54511 3948 11628    313 2014  1 24      0 0
54511 3948 11628    313 2014  1 25     90 0
54511 3948 11628    313 2014  1 26     80 0
54511 3948 11628    313 2014  1 27     73 0
54511 3948 11628    313 2014  1 28     80 0
54511 3948 11628    313 2014  1 29     43 0
54511 3948 11628    313 2014  1 30     84 0
54511 3948 11628    313 2014  1 31      0 0
54511 3948 11628    313 2014  2  1      0 0
54511 3948 11628    313 2014  2  2     81 0
54511 3948 11628    313 2014  2  3     90 0
54511 3948 11628    313 2014  2  4     76 0
54511 3948 11628    313 2014  2  5     42 0
54511 3948 11628    313 2014  2  6     33 0
54511 3948 11628    313 2014  2  7      0 0
54511 3948 11628    313 2014  2  8     72 0
54511 3948 11628    313 2014  2  9     98 0
54511 3948 11628    313 2014  2 10     91 0
54511 3948 11628    313 2014  2 11     68 0
54511 3948 11628    313 2014  2 12     75 0
54511 3948 11628    313 2014  2 13      6 0
54511 3948 11628    313 2014  2 14     45 0
54511 3948 11628    313 2014  2 15      0 0
54511 3948 11628    313 2014  2 16     37 0
54511 3948 11628    313 2014  2 17     55 0
54511 3948 11628    313 2014  2 18     16 0
54511 3948 11628    313 2014  2 19     90 0
54511 3948 11628    313 2014  2 20      0 0
54511 3948 11628    313 2014  2 21      0 0
54511 3948 11628    313 2014  2 22      0 0
54511 3948 11628    313 2014  2 23      0 0
54511 3948 11628    313 2014  2 24      0 0
54511 3948 11628    313 2014  2 25      0 0
54511 3948 11628    313 2014  2 26      0 0
54511 3948 11628    313 2014  2 27    104 0
54511 3948 11628    313 2014  2 28      0 0
54511 3948 11628    313 2014  3  1     94 0
54511 3948 11628    313 2014  3  2     90 0
54511 3948 11628    313 2014  3  3      0 0
54511 3948 11628    313 2014  3  4    105 0
54511 3948 11628    313 2014  3  5     97 0
54511 3948 11628    313 2014  3  6    104 0
54511 3948 11628    313 2014  3  7     83 0
54511 3948 11628    313 2014  3  8     73 0
54511 3948 11628    313 2014  3  9     84 0
54511 3948 11628    313 2014  3 10     77 0
54511 3948 11628    313 2014  3 11     37 0
54511 3948 11628    313 2014  3 12     83 0
54511 3948 11628    313 2014  3 13    101 0
54511 3948 11628    313 2014  3 14    111 0
54511 3948 11628    313 2014  3 15     81 0
54511 3948 11628    313 2014  3 16     86 0
54511 3948 11628    313 2014  3 17     38 0
54511 3948 11628    313 2014  3 18     71 0
54511 3948 11628    313 2014  3 19     17 0
54511 3948 11628    313 2014  3 20    113 0
54511 3948 11628    313 2014  3 21    107 0
54511 3948 11628    313 2014  3 22    109 0
54511 3948 11628    313 2014  3 23     82 0
54511 3948 11628    313 2014  3 24     80 0
54511 3948 11628    313 2014  3 25     73 0
54511 3948 11628    313 2014  3 26     85 0
54511 3948 11628    313 2014  3 27      0 0
54511 3948 11628    313 2014  3 28     44 0
54511 3948 11628    313 2014  3 29    109 0
54511 3948 11628    313 2014  3 30    104 0
54511 3948 11628    313 2014  3 31      0 0
54511 3948 11628    313 2014  4  1     96 0
54511 3948 11628    313 2014  4  2     75 0
54511 3948 11628    313 2014  4  3    117 0
54511 3948 11628    313 2014  4  4    112 0
54511 3948 11628    313 2014  4  5    113 0
54511 3948 11628    313 2014  4  6    108 0
54511 3948 11628    313 2014  4  7    102 0
54511 3948 11628    313 2014  4  8     86 0
54511 3948 11628    313 2014  4  9     98 0
54511 3948 11628    313 2014  4 10      0 0
54511 3948 11628    313 2014  4 11     17 0
54511 3948 11628    313 2014  4 12     78 0
54511 3948 11628    313 2014  4 13     95 0
54511 3948 11628    313 2014  4 14     70 0
54511 3948 11628    313 2014  4 15     14 0
54511 3948 11628    313 2014  4 16      0 0
54511 3948 11628    313 2014  4 17     22 0
54511 3948 11628    313 2014  4 18     31 0
54511 3948 11628    313 2014  4 19     18 0
54511 3948 11628    313 2014  4 20     87 0
54511 3948 11628    313 2014  4 21    104 0
54511 3948 11628    313 2014  4 22    112 0
54511 3948 11628    313 2014  4 23     88 0
54511 3948 11628    313 2014  4 24     56 0
54511 3948 11628    313 2014  4 25     78 0
54511 3948 11628    313 2014  4 26     88 0
54511 3948 11628    313 2014  4 27    113 0
54511 3948 11628    313 2014  4 28    113 0
54511 3948 11628    313 2014  4 29    109 0
54511 3948 11628    313 2014  4 30    111 0
54511 3948 11628    313 2014  5  1     75 0
54511 3948 11628    313 2014  5  2     95 0
54511 3948 11628    313 2014  5  3     87 0
54511 3948 11628    313 2014  5  4    124 0
54511 3948 11628    313 2014  5  5    122 0
54511 3948 11628    313 2014  5  6     80 0
54511 3948 11628    313 2014  5  7    116 0
54511 3948 11628    313 2014  5  8     88 0
54511 3948 11628    313 2014  5  9      3 0
54511 3948 11628    313 2014  5 10     10 0
54511 3948 11628    313 2014  5 11      0 0
54511 3948 11628    313 2014  5 12    116 0
54511 3948 11628    313 2014  5 13    122 0
54511 3948 11628    313 2014  5 14     88 0
54511 3948 11628    313 2014  5 15    110 0
54511 3948 11628    313 2014  5 16    123 0
54511 3948 11628    313 2014  5 17     79 0
54511 3948 11628    313 2014  5 18    108 0
54511 3948 11628    313 2014  5 19     72 0
54511 3948 11628    313 2014  5 20    123 0
54511 3948 11628    313 2014  5 21     85 0
54511 3948 11628    313 2014  5 22    111 0
54511 3948 11628    313 2014  5 23     94 0
54511 3948 11628    313 2014  5 24      0 0
54511 3948 11628    313 2014  5 25     89 0
54511 3948 11628    313 2014  5 26    126 0
54511 3948 11628    313 2014  5 27    104 0
54511 3948 11628    313 2014  5 28    125 0
54511 3948 11628    313 2014  5 29    126 0
54511 3948 11628    313 2014  5 30    100 0
54511 3948 11628    313 2014  5 31     40 0
54511 3948 11628    313 2014  6  1     19 0
54511 3948 11628    313 2014  6  2     50 0
54511 3948 11628    313 2014  6  3    115 0
54511 3948 11628    313 2014  6  4     53 0
54511 3948 11628    313 2014  6  5    116 0
54511 3948 11628    313 2014  6  6     13 0
54511 3948 11628    313 2014  6  7    134 0
54511 3948 11628    313 2014  6  8     81 0
54511 3948 11628    313 2014  6  9    117 0
54511 3948 11628    313 2014  6 10     63 0
54511 3948 11628    313 2014  6 11    126 0
54511 3948 11628    313 2014  6 12    134 0
54511 3948 11628    313 2014  6 13     93 0
54511 3948 11628    313 2014  6 14    111 0
54511 3948 11628    313 2014  6 15     47 0
54511 3948 11628    313 2014  6 16     34 0
54511 3948 11628    313 2014  6 17      0 0
54511 3948 11628    313 2014  6 18     97 0
54511 3948 11628    313 2014  6 19      0 0
54511 3948 11628    313 2014  6 20     81 0
54511 3948 11628    313 2014  6 21     36 0
54511 3948 11628    313 2014  6 22     61 0
54511 3948 11628    313 2014  6 23    133 0
54511 3948 11628    313 2014  6 24    115 0
54511 3948 11628    313 2014  6 25      0 0
54511 3948 11628    313 2014  6 26     83 0
54511 3948 11628    313 2014  6 27    116 0
54511 3948 11628    313 2014  6 28    132 0
54511 3948 11628    313 2014  6 29    103 0
54511 3948 11628    313 2014  6 30    108 0
54511 3948 11628    313 2014  7  1      0 0
54511 3948 11628    313 2014  7  2      0 0
54511 3948 11628    313 2014  7  3      5 0
54511 3948 11628    313 2014  7  4     14 0
54511 3948 11628    313 2014  7  5     59 0
54511 3948 11628    313 2014  7  6      0 0
54511 3948 11628    313 2014  7  7      0 0
54511 3948 11628    313 2014  7  8     55 0
54511 3948 11628    313 2014  7  9     42 0
54511 3948 11628    313 2014  7 10    124 0
54511 3948 11628    313 2014  7 11    113 0
54511 3948 11628    313 2014  7 12    130 0
54511 3948 11628    313 2014  7 13    111 0
54511 3948 11628    313 2014  7 14    109 0
54511 3948 11628    313 2014  7 15     99 0
54511 3948 11628    313 2014  7 16     24 0
54511 3948 11628    313 2014  7 17      0 0
54511 3948 11628    313 2014  7 18     60 0
54511 3948 11628    313 2014  7 19    108 0
54511 3948 11628    313 2014  7 20    117 0
54511 3948 11628    313 2014  7 21     37 0
54511 3948 11628    313 2014  7 22      0 0
54511 3948 11628    313 2014  7 23      0 0
54511 3948 11628    313 2014  7 24     10 0
54511 3948 11628    313 2014  7 25    114 0
54511 3948 11628    313 2014  7 26    116 0
54511 3948 11628    313 2014  7 27    114 0
54511 3948 11628    313 2014  7 28    105 0
54511 3948 11628    313 2014  7 29     60 0
54511 3948 11628    313 2014  7 30      0 0
54511 3948 11628    313 2014  7 31     18 0
54511 3948 11628    313 2014  8  1     62 0
54511 3948 11628    313 2014  8  2     82 0
54511 3948 11628    313 2014  8  3     22 0
54511 3948 11628    313 2014  8  4      0 0
54511 3948 11628    313 2014  8  5     63 0
54511 3948 11628    313 2014  8  6    117 0
54511 3948 11628    313 2014  8  7    113 0
54511 3948 11628    313 2014  8  8     98 0
54511 3948 11628    313 2014  8  9    100 0
54511 3948 11628    313 2014  8 10    124 0
54511 3948 11628    313 2014  8 11    124 0
54511 3948 11628    313 2014  8 12     95 0
54511 3948 11628    313 2014  8 13      8 0
54511 3948 11628    313 2014  8 14    116 0
54511 3948 11628    313 2014  8 15    113 0
54511 3948 11628    313 2014  8 16     98 0
54511 3948 11628    313 2014  8 17     86 0
54511 3948 11628    313 2014  8 18     76 0
54511 3948 11628    313 2014  8 19    102 0
54511 3948 11628    313 2014  8 20     99 0
54511 3948 11628    313 2014  8 21     44 0
54511 3948 11628    313 2014  8 22      0 0
54511 3948 11628    313 2014  8 23     56 0
54511 3948 11628    313 2014  8 24     74 0
54511 3948 11628    313 2014  8 25    124 0
54511 3948 11628    313 2014  8 26    120 0
54511 3948 11628    313 2014  8 27    114 0
54511 3948 11628    313 2014  8 28      0 0
54511 3948 11628    313 2014  8 29      0 0
54511 3948 11628    313 2014  8 30      0 0
54511 3948 11628    313 2014  8 31     19 0
54511 3948 11628    313 2014  9  1      0 0
54511 3948 11628    313 2014  9  2      0 0
54511 3948 11628    313 2014  9  3    122 0
54511 3948 11628    313 2014  9  4    122 0
54511 3948 11628    313 2014  9  5    104 0
54511 3948 11628    313 2014  9  6      0 0
54511 3948 11628    313 2014  9  7     49 0
54511 3948 11628    313 2014  9  8    106 0
54511 3948 11628    313 2014  9  9    103 0
54511 3948 11628    313 2014  9 10     89 0
54511 3948 11628    313 2014  9 11     15 0
54511 3948 11628    313 2014  9 12      0 0
54511 3948 11628    313 2014  9 13     75 0
54511 3948 11628    313 2014  9 14     13 0
54511 3948 11628    313 2014  9 15    116 0
54511 3948 11628    313 2014  9 16     45 0
54511 3948 11628    313 2014  9 17     44 0
54511 3948 11628    313 2014  9 18    112 0
54511 3948 11628    313 2014  9 19     84 0
54511 3948 11628    313 2014  9 20     79 0
54511 3948 11628    313 2014  9 21      0 0
54511 3948 11628    313 2014  9 22      0 0
54511 3948 11628    313 2014  9 23      0 0
54511 3948 11628    313 2014  9 24     75 0
54511 3948 11628    313 2014  9 25      7 0
54511 3948 11628    313 2014  9 26      0 0
54511 3948 11628    313 2014  9 27     98 0
54511 3948 11628    313 2014  9 28      0 0
54511 3948 11628    313 2014  9 29     84 0
54511 3948 11628    313 2014  9 30     31 0
54511 3948 11628    313 2014 10  1      0 0
54511 3948 11628    313 2014 10  2     74 0
54511 3948 11628    313 2014 10  3      0 0
54511 3948 11628    313 2014 10  4      0 0
54511 3948 11628    313 2014 10  5     96 0
54511 3948 11628    313 2014 10  6     98 0
54511 3948 11628    313 2014 10  7     63 0
54511 3948 11628    313 2014 10  8      0 0
54511 3948 11628    313 2014 10  9      0 0
54511 3948 11628    313 2014 10 10      0 0
54511 3948 11628    313 2014 10 11     21 0
54511 3948 11628    313 2014 10 12      0 0
54511 3948 11628    313 2014 10 13    106 0
54511 3948 11628    313 2014 10 14    106 0
54511 3948 11628    313 2014 10 15     97 0
54511 3948 11628    313 2014 10 16     98 0
54511 3948 11628    313 2014 10 17     90 0
54511 3948 11628    313 2014 10 18     80 0
54511 3948 11628    313 2014 10 19      0 0
54511 3948 11628    313 2014 10 20      0 0
54511 3948 11628    313 2014 10 21      9 0
54511 3948 11628    313 2014 10 22      0 0
54511 3948 11628    313 2014 10 23      0 0
54511 3948 11628    313 2014 10 24      0 0
54511 3948 11628    313 2014 10 25      0 0
54511 3948 11628    313 2014 10 26     99 0
54511 3948 11628    313 2014 10 27     93 0
54511 3948 11628    313 2014 10 28     65 0
54511 3948 11628    313 2014 10 29     34 0
54511 3948 11628    313 2014 10 30      0 0
54511 3948 11628    313 2014 10 31      0 0
54511 3948 11628    313 2014 11  1      0 0
54511 3948 11628    313 2014 11  2     98 0
54511 3948 11628    313 2014 11  3     96 0
54511 3948 11628    313 2014 11  4     74 0
54511 3948 11628    313 2014 11  5     91 0
54511 3948 11628    313 2014 11  6     94 0
54511 3948 11628    313 2014 11  7      8 0
54511 3948 11628    313 2014 11  8     79 0
54511 3948 11628    313 2014 11  9     93 0
54511 3948 11628    313 2014 11 10     81 0
54511 3948 11628    313 2014 11 11     32 0
54511 3948 11628    313 2014 11 12     88 0
54511 3948 11628    313 2014 11 13     92 0
54511 3948 11628    313 2014 11 14     87 0
54511 3948 11628    313 2014 11 15     31 0
54511 3948 11628    313 2014 11 16     67 0
54511 3948 11628    313 2014 11 17     86 0
54511 3948 11628    313 2014 11 18     83 0
54511 3948 11628    313 2014 11 19      0 0
54511 3948 11628    313 2014 11 20     18 0
54511 3948 11628    313 2014 11 21     61 0
54511 3948 11628    313 2014 11 22     80 0
54511 3948 11628    313 2014 11 23      0 0
54511 3948 11628    313 2014 11 24     84 0
54511 3948 11628    313 2014 11 25     46 0
54511 3948 11628    313 2014 11 26      0 0
54511 3948 11628    313 2014 11 27      0 0
54511 3948 11628    313 2014 11 28     77 0
54511 3948 11628    313 2014 11 29      0 0
54511 3948 11628    313 2014 11 30     26 0
54511 3948 11628    313 2014 12  1     83 0
54511 3948 11628    313 2014 12  2     81 0
54511 3948 11628    313 2014 12  3     72 0
54511 3948 11628    313 2014 12  4     84 0
54511 3948 11628    313 2014 12  5     85 0
54511 3948 11628    313 2014 12  6     54 0
54511 3948 11628    313 2014 12  7     64 0
54511 3948 11628    313 2014 12  8     72 0
54511 3948 11628    313 2014 12  9      0 0
54511 3948 11628    313 2014 12 10     67 0
54511 3948 11628    313 2014 12 11     74 0
54511 3948 11628    313 2014 12 12     83 0
54511 3948 11628    313 2014 12 13     82 0
54511 3948 11628    313 2014 12 14     75 0
54511 3948 11628    313 2014 12 15     78 0
54511 3948 11628    313 2014 12 16     80 0
54511 3948 11628    313 2014 12 17     81 0
54511 3948 11628    313 2014 12 18     64 0
54511 3948 11628    313 2014 12 19     82 0
54511 3948 11628    313 2014 12 20     83 0
54511 3948 11628    313 2014 12 21     78 0
54511 3948 11628    313 2014 12 22     75 0
54511 3948 11628    313 2014 12 23     76 0
54511 3948 11628    313 2014 12 24     84 0
54511 3948 11628    313 2014 12 25     80 0
54511 3948 11628    313 2014 12 26     39 0
54511 3948 11628    313 2014 12 27     50 0
54511 3948 11628    313 2014 12 28     72 0
54511 3948 11628    313 2014 12 29     69 0
54511 3948 11628    313 2014 12 30     59 0
54511 3948 11628    313 2014 12 31     84 0
54511 3948 11628    313 2015  1  1     77 0
54511 3948 11628    313 2015  1  2     78 0
54511 3948 11628    313 2015  1  3     66 0
54511 3948 11628    313 2015  1  4     56 0
54511 3948 11628    313 2015  1  5     57 0
54511 3948 11628    313 2015  1  6     81 0
54511 3948 11628    313 2015  1  7     75 0
54511 3948 11628    313 2015  1  8     64 0
54511 3948 11628    313 2015  1  9     83 0
54511 3948 11628    313 2015  1 10     73 0
54511 3948 11628    313 2015  1 11     80 0
54511 3948 11628    313 2015  1 12     72 0
54511 3948 11628    313 2015  1 13     61 0
54511 3948 11628    313 2015  1 14      0 0
54511 3948 11628    313 2015  1 15      0 0
54511 3948 11628    313 2015  1 16     84 0
54511 3948 11628    313 2015  1 17     75 0
54511 3948 11628    313 2015  1 18     61 0
54511 3948 11628    313 2015  1 19     84 0
54511 3948 11628    313 2015  1 20     68 0
54511 3948 11628    313 2015  1 21     93 0
54511 3948 11628    313 2015  1 22     74 0
54511 3948 11628    313 2015  1 23     49 0
54511 3948 11628    313 2015  1 24     27 0
54511 3948 11628    313 2015  1 25     34 0
54511 3948 11628    313 2015  1 26      5 0
54511 3948 11628    313 2015  1 27     88 0
54511 3948 11628    313 2015  1 28     63 0
54511 3948 11628    313 2015  1 29     78 0
54511 3948 11628    313 2015  1 30     93 0
54511 3948 11628    313 2015  1 31     84 0
54511 3948 11628    313 2015  2  1     36 9
54511 3948 11628    313 2015  2  2     39 9
54511 3948 11628    313 2015  2  3     79 9
54511 3948 11628    313 2015  2  4     69 9
54511 3948 11628    313 2015  2  5     93 9
54511 3948 11628    313 2015  2  6     70 9
54511 3948 11628    313 2015  2  7     38 9
54511 3948 11628    313 2015  2  8     97 9
54511 3948 11628    313 2015  2  9     89 9
54511 3948 11628    313 2015  2 10     77 9
54511 3948 11628    313 2015  2 11     90 9
54511 3948 11628    313 2015  2 12     93 9
54511 3948 11628    313 2015  2 13     85 9
54511 3948 11628    313 2015  2 14     67 9
54511 3948 11628    313 2015  2 15      0 9
54511 3948 11628    313 2015  2 16     93 9
54511 3948 11628    313 2015  2 17     94 9
54511 3948 11628    313 2015  2 18    100 9
54511 3948 11628    313 2015  2 19     37 9
54511 3948 11628    313 2015  2 20      0 9
54511 3948 11628    313 2015  2 21      8 9
54511 3948 11628    313 2015  2 22     98 9
54511 3948 11628    313 2015  2 23     95 9
54511 3948 11628    313 2015  2 24     65 9
54511 3948 11628    313 2015  2 25     87 9
54511 3948 11628    313 2015  2 26     99 9
54511 3948 11628    313 2015  2 27      0 9
54511 3948 11628    313 2015  2 28      0 9
54511 3948 11628    313 2015  3  1     99 0
54511 3948 11628    313 2015  3  2     88 0
54511 3948 11628    313 2015  3  3    105 0
54511 3948 11628    313 2015  3  4    105 0
54511 3948 11628    313 2015  3  5     96 0
54511 3948 11628    313 2015  3  6     76 0
54511 3948 11628    313 2015  3  7     80 0
54511 3948 11628    313 2015  3  8     58 0
54511 3948 11628    313 2015  3  9    107 0
54511 3948 11628    313 2015  3 10    101 0
54511 3948 11628    313 2015  3 11    107 0
54511 3948 11628    313 2015  3 12     88 0
54511 3948 11628    313 2015  3 13     98 0
54511 3948 11628    313 2015  3 14     52 0
54511 3948 11628    313 2015  3 15     97 0
54511 3948 11628    313 2015  3 16      0 0
54511 3948 11628    313 2015  3 17     64 0
54511 3948 11628    313 2015  3 18     44 0
54511 3948 11628    313 2015  3 19     73 0
54511 3948 11628    313 2015  3 20    101 0
54511 3948 11628    313 2015  3 21    112 0
54511 3948 11628    313 2015  3 22     66 0
54511 3948 11628    313 2015  3 23    108 0
54511 3948 11628    313 2015  3 24    109 0
54511 3948 11628    313 2015  3 25     90 0
54511 3948 11628    313 2015  3 26     86 0
54511 3948 11628    313 2015  3 27     88 0
54511 3948 11628    313 2015  3 28    112 0
54511 3948 11628    313 2015  3 29     58 0
54511 3948 11628    313 2015  3 30     36 0
54511 3948 11628    313 2015  3 31      0 0
54511 3948 11628    313 2015  4  1      0 0
54511 3948 11628    313 2015  4  2     50 0
54511 3948 11628    313 2015  4  3    100 0
54511 3948 11628    313 2015  4  4     50 0
54511 3948 11628    313 2015  4  5     90 0
54511 3948 11628    313 2015  4  6    100 0
54511 3948 11628    313 2015  4  7    115 0
54511 3948 11628    313 2015  4  8     90 0
54511 3948 11628    313 2015  4  9     87 0
54511 3948 11628    313 2015  4 10     60 0
54511 3948 11628    313 2015  4 11     67 0
54511 3948 11628    313 2015  4 12     30 0
54511 3948 11628    313 2015  4 13    102 0
54511 3948 11628    313 2015  4 14    114 0
54511 3948 11628    313 2015  4 15     37 0
54511 3948 11628    313 2015  4 16    113 0
54511 3948 11628    313 2015  4 17    101 0
54511 3948 11628    313 2015  4 18     14 0
54511 3948 11628    313 2015  4 19     23 0
54511 3948 11628    313 2015  4 20    110 0
54511 3948 11628    313 2015  4 21     90 0
54511 3948 11628    313 2015  4 22    116 0
54511 3948 11628    313 2015  4 23     65 0
54511 3948 11628    313 2015  4 24    121 0
54511 3948 11628    313 2015  4 25    116 0
54511 3948 11628    313 2015  4 26    107 0
54511 3948 11628    313 2015  4 27     77 0
54511 3948 11628    313 2015  4 28     53 0
54511 3948 11628    313 2015  4 29     88 0
54511 3948 11628    313 2015  4 30     93 0
54511 3948 11628    313 2015  5  1     29 0
54511 3948 11628    313 2015  5  2     96 0
54511 3948 11628    313 2015  5  3    114 0
54511 3948 11628    313 2015  5  4    124 0
54511 3948 11628    313 2015  5  5     63 0
54511 3948 11628    313 2015  5  6     54 0
54511 3948 11628    313 2015  5  7    115 0
54511 3948 11628    313 2015  5  8    107 0
54511 3948 11628    313 2015  5  9      0 0
54511 3948 11628    313 2015  5 10      0 0
54511 3948 11628    313 2015  5 11     52 0
54511 3948 11628    313 2015  5 12    101 0
54511 3948 11628    313 2015  5 13    102 0
54511 3948 11628    313 2015  5 14     64 0
54511 3948 11628    313 2015  5 15     74 0
54511 3948 11628    313 2015  5 16    128 0
54511 3948 11628    313 2015  5 17     71 0
54511 3948 11628    313 2015  5 18    123 0
54511 3948 11628    313 2015  5 19    131 0
54511 3948 11628    313 2015  5 20    132 0
54511 3948 11628    313 2015  5 21    106 0
54511 3948 11628    313 2015  5 22    126 0
54511 3948 11628    313 2015  5 23    124 0
54511 3948 11628    313 2015  5 24     98 0
54511 3948 11628    313 2015  5 25    105 0
54511 3948 11628    313 2015  5 26    124 0
54511 3948 11628    313 2015  5 27    110 0
54511 3948 11628    313 2015  5 28     19 0
54511 3948 11628    313 2015  5 29     51 0
54511 3948 11628    313 2015  5 30     96 0
54511 3948 11628    313 2015  5 31    124 0
54511 3948 11628    313 2015  6  1     43 0
54511 3948 11628    313 2015  6  2    126 0
54511 3948 11628    313 2015  6  3     95 0
54511 3948 11628    313 2015  6  4     12 0
54511 3948 11628    313 2015  6  5    118 0
54511 3948 11628    313 2015  6  6     78 0
54511 3948 11628    313 2015  6  7     75 0
54511 3948 11628    313 2015  6  8    125 0
54511 3948 11628    313 2015  6  9     68 0
54511 3948 11628    313 2015  6 10      0 0
54511 3948 11628    313 2015  6 11     94 0
54511 3948 11628    313 2015  6 12    111 0
54511 3948 11628    313 2015  6 13     81 0
54511 3948 11628    313 2015  6 14    123 0
54511 3948 11628    313 2015  6 15     75 0
54511 3948 11628    313 2015  6 16     90 0
54511 3948 11628    313 2015  6 17     97 0
54511 3948 11628    313 2015  6 18    114 0
54511 3948 11628    313 2015  6 19     65 0
54511 3948 11628    313 2015  6 20    134 0
54511 3948 11628    313 2015  6 21    112 0
54511 3948 11628    313 2015  6 22     35 0
54511 3948 11628    313 2015  6 23      0 0
54511 3948 11628    313 2015  6 24      0 0
54511 3948 11628    313 2015  6 25      2 0
54511 3948 11628    313 2015  6 26     51 0
54511 3948 11628    313 2015  6 27      0 0
54511 3948 11628    313 2015  6 28      5 0
54511 3948 11628    313 2015  6 29      0 0
54511 3948 11628    313 2015  6 30     80 0
54511 3948 11628    313 2015  7  1    106 0
54511 3948 11628    313 2015  7  2    129 0
54511 3948 11628    313 2015  7  3    136 0
54511 3948 11628    313 2015  7  4     16 0
54511 3948 11628    313 2015  7  5     89 0
54511 3948 11628    313 2015  7  6    105 0
54511 3948 11628    313 2015  7  7    119 0
54511 3948 11628    313 2015  7  8     92 0
54511 3948 11628    313 2015  7  9    101 0
54511 3948 11628    313 2015  7 10    111 0
54511 3948 11628    313 2015  7 11     92 0
54511 3948 11628    313 2015  7 12     96 0
54511 3948 11628    313 2015  7 13    113 0
54511 3948 11628    313 2015  7 14     66 0
54511 3948 11628    313 2015  7 15      0 0
54511 3948 11628    313 2015  7 16      2 0
54511 3948 11628    313 2015  7 17     27 0
54511 3948 11628    313 2015  7 18     40 0
54511 3948 11628    313 2015  7 19     14 0
54511 3948 11628    313 2015  7 20     37 0
54511 3948 11628    313 2015  7 21      0 0
54511 3948 11628    313 2015  7 22     90 0
54511 3948 11628    313 2015  7 23     40 0
54511 3948 11628    313 2015  7 24     63 0
54511 3948 11628    313 2015  7 25    115 0
54511 3948 11628    313 2015  7 26     78 0
54511 3948 11628    313 2015  7 27     82 0
54511 3948 11628    313 2015  7 28     55 0
54511 3948 11628    313 2015  7 29     29 0
54511 3948 11628    313 2015  7 30      8 0
54511 3948 11628    313 2015  7 31     48 0
54511 3948 11628    313 2015  8  1      0 0
54511 3948 11628    313 2015  8  2     48 0
54511 3948 11628    313 2015  8  3      0 0
54511 3948 11628    313 2015  8  4    129 0
54511 3948 11628    313 2015  8  5    106 0
54511 3948 11628    313 2015  8  6     50 0
54511 3948 11628    313 2015  8  7     24 0
54511 3948 11628    313 2015  8  8    112 0
54511 3948 11628    313 2015  8  9    114 0
54511 3948 11628    313 2015  8 10    116 0
54511 3948 11628    313 2015  8 11    101 0
54511 3948 11628    313 2015  8 12    114 0
54511 3948 11628    313 2015  8 13    106 0
54511 3948 11628    313 2015  8 14     70 0
54511 3948 11628    313 2015  8 15    127 0
54511 3948 11628    313 2015  8 16    119 0
54511 3948 11628    313 2015  8 17     73 0
54511 3948 11628    313 2015  8 18     30 0
54511 3948 11628    313 2015  8 19     55 0
54511 3948 11628    313 2015  8 20    111 0
54511 3948 11628    313 2015  8 21    121 0
54511 3948 11628    313 2015  8 22    123 0
54511 3948 11628    313 2015  8 23     43 0
54511 3948 11628    313 2015  8 24     88 0
54511 3948 11628    313 2015  8 25     74 0
54511 3948 11628    313 2015  8 26     97 0
54511 3948 11628    313 2015  8 27    110 0
54511 3948 11628    313 2015  8 28    115 0
54511 3948 11628    313 2015  8 29     94 0
54511 3948 11628    313 2015  8 30     12 0
54511 3948 11628    313 2015  8 31      0 0
54511 3948 11628    313 2015  9  1      0 0
54511 3948 11628    313 2015  9  2    117 0
54511 3948 11628    313 2015  9  3    117 0
54511 3948 11628    313 2015  9  4      0 0
54511 3948 11628    313 2015  9  5      0 0
54511 3948 11628    313 2015  9  6     98 0
54511 3948 11628    313 2015  9  7    113 0
54511 3948 11628    313 2015  9  8     73 0
54511 3948 11628    313 2015  9  9      0 0
54511 3948 11628    313 2015  9 10      0 0
54511 3948 11628    313 2015  9 11     75 0
54511 3948 11628    313 2015  9 12    117 0
54511 3948 11628    313 2015  9 13    116 0
54511 3948 11628    313 2015  9 14    102 0
54511 3948 11628    313 2015  9 15     67 0
54511 3948 11628    313 2015  9 16     82 0
54511 3948 11628    313 2015  9 17     39 0
54511 3948 11628    313 2015  9 18     93 0
54511 3948 11628    313 2015  9 19    112 0
54511 3948 11628    313 2015  9 20     67 0
54511 3948 11628    313 2015  9 21     89 0
54511 3948 11628    313 2015  9 22      4 0
54511 3948 11628    313 2015  9 23     86 0
54511 3948 11628    313 2015  9 24     21 0
54511 3948 11628    313 2015  9 25    108 0
54511 3948 11628    313 2015  9 26    104 0
54511 3948 11628    313 2015  9 27     95 0
54511 3948 11628    313 2015  9 28      0 0
54511 3948 11628    313 2015  9 29      0 0
54511 3948 11628    313 2015  9 30     26 0
54511 3948 11628    313 2015 10  1    110 0
54511 3948 11628    313 2015 10  2    107 0
54511 3948 11628    313 2015 10  3    102 0
54511 3948 11628    313 2015 10  4     85 0
54511 3948 11628    313 2015 10  5     61 0
54511 3948 11628    313 2015 10  6     52 0
54511 3948 11628    313 2015 10  7     19 0
54511 3948 11628    313 2015 10  8    108 0
54511 3948 11628    313 2015 10  9    105 0
54511 3948 11628    313 2015 10 10    104 0
54511 3948 11628    313 2015 10 11     98 0
54511 3948 11628    313 2015 10 12    107 0
54511 3948 11628    313 2015 10 13    108 0
54511 3948 11628    313 2015 10 14     39 0
54511 3948 11628    313 2015 10 15     90 0
54511 3948 11628    313 2015 10 16     80 0
54511 3948 11628    313 2015 10 17     54 0
54511 3948 11628    313 2015 10 18     79 0
54511 3948 11628    313 2015 10 19     75 0
54511 3948 11628    313 2015 10 20      0 0
54511 3948 11628    313 2015 10 21      0 0
54511 3948 11628    313 2015 10 22      0 0
54511 3948 11628    313 2015 10 23     89 0
54511 3948 11628    313 2015 10 24     77 0
54511 3948 11628    313 2015 10 25      6 0
54511 3948 11628    313 2015 10 26     29 0
54511 3948 11628    313 2015 10 27     73 0
54511 3948 11628    313 2015 10 28     97 0
54511 3948 11628    313 2015 10 29     95 0
54511 3948 11628    313 2015 10 30     97 0
54511 3948 11628    313 2015 10 31     92 0
54511 3948 11628    313 2015 11  1     92 0
54511 3948 11628    313 2015 11  2     95 0
54511 3948 11628    313 2015 11  3     78 0
54511 3948 11628    313 2015 11  4     31 0
54511 3948 11628    313 2015 11  5      0 0
54511 3948 11628    313 2015 11  6      0 0
54511 3948 11628    313 2015 11  7      0 0
54511 3948 11628    313 2015 11  8      0 0
54511 3948 11628    313 2015 11  9      0 0
54511 3948 11628    313 2015 11 10      0 0
54511 3948 11628    313 2015 11 11      0 0
54511 3948 11628    313 2015 11 12      0 0
54511 3948 11628    313 2015 11 13      0 0
54511 3948 11628    313 2015 11 14      0 0
54511 3948 11628    313 2015 11 15     10 0
54511 3948 11628    313 2015 11 16     12 0
54511 3948 11628    313 2015 11 17      0 0
54511 3948 11628    313 2015 11 18      0 0
54511 3948 11628    313 2015 11 19      0 0
54511 3948 11628    313 2015 11 20      0 0
54511 3948 11628    313 2015 11 21      0 0
54511 3948 11628    313 2015 11 22      0 0
54511 3948 11628    313 2015 11 23     47 0
54511 3948 11628    313 2015 11 24      0 0
54511 3948 11628    313 2015 11 25     40 0
54511 3948 11628    313 2015 11 26     88 0
54511 3948 11628    313 2015 11 27     30 0
54511 3948 11628    313 2015 11 28      8 0
54511 3948 11628    313 2015 11 29     62 0
54511 3948 11628    313 2015 11 30      0 0
54511 3948 11628    313 2015 12  1      0 0
54511 3948 11628    313 2015 12  2     61 0
54511 3948 11628    313 2015 12  3     90 0
54511 3948 11628    313 2015 12  4     86 0
54511 3948 11628    313 2015 12  5     81 0
54511 3948 11628    313 2015 12  6     65 0
54511 3948 11628    313 2015 12  7     36 0
54511 3948 11628    313 2015 12  8      0 0
54511 3948 11628    313 2015 12  9      0 0
54511 3948 11628    313 2015 12 10     84 0
54511 3948 11628    313 2015 12 11     79 0
54511 3948 11628    313 2015 12 12     21 0
54511 3948 11628    313 2015 12 13     20 0
54511 3948 11628    313 2015 12 14      8 0
54511 3948 11628    313 2015 12 15     85 0
54511 3948 11628    313 2015 12 16     86 0
54511 3948 11628    313 2015 12 17     75 0
54511 3948 11628    313 2015 12 18     86 0
54511 3948 11628    313 2015 12 19     45 0
54511 3948 11628    313 2015 12 20      4 0
54511 3948 11628    313 2015 12 21     66 0
54511 3948 11628    313 2015 12 22      0 0
54511 3948 11628    313 2015 12 23     46 0
54511 3948 11628    313 2015 12 24     34 0
54511 3948 11628    313 2015 12 25      0 0
54511 3948 11628    313 2015 12 26      6 0
54511 3948 11628    313 2015 12 27      0 0
54511 3948 11628    313 2015 12 28     79 0
54511 3948 11628    313 2015 12 29     46 0
54511 3948 11628    313 2015 12 30     77 0
54511 3948 11628    313 2015 12 31     68 0
54511 3948 11628    313 2016  1  1     65 0
54511 3948 11628    313 2016  1  2     64 0
54511 3948 11628    313 2016  1  3     47 0
54511 3948 11628    313 2016  1  4     62 0
54511 3948 11628    313 2016  1  5     86 0
54511 3948 11628    313 2016  1  6     76 0
54511 3948 11628    313 2016  1  7     86 0
54511 3948 11628    313 2016  1  8     85 0
54511 3948 11628    313 2016  1  9     77 0
54511 3948 11628    313 2016  1 10     42 0
54511 3948 11628    313 2016  1 11     82 0
54511 3948 11628    313 2016  1 12     89 0
54511 3948 11628    313 2016  1 13     50 0
54511 3948 11628    313 2016  1 14     72 0
54511 3948 11628    313 2016  1 15     67 0
54511 3948 11628    313 2016  1 16      0 0
54511 3948 11628    313 2016  1 17     84 0
54511 3948 11628    313 2016  1 18     82 0
54511 3948 11628    313 2016  1 19     86 0
54511 3948 11628    313 2016  1 20     25 0
54511 3948 11628    313 2016  1 21     29 0
54511 3948 11628    313 2016  1 22     58 0
54511 3948 11628    313 2016  1 23     85 0
54511 3948 11628    313 2016  1 24     81 0
54511 3948 11628    313 2016  1 25     87 0
54511 3948 11628    313 2016  1 26     90 0
54511 3948 11628    313 2016  1 27     78 0
54511 3948 11628    313 2016  1 28     77 0
54511 3948 11628    313 2016  1 29     66 0
54511 3948 11628    313 2016  1 30     45 0
54511 3948 11628    313 2016  1 31     86 0
54511 3948 11628    313 2016  2  1     95 0
54511 3948 11628    313 2016  2  2     91 0
54511 3948 11628    313 2016  2  3     85 0
54511 3948 11628    313 2016  2  4     82 0
54511 3948 11628    313 2016  2  5     98 0
54511 3948 11628    313 2016  2  6     85 0
54511 3948 11628    313 2016  2  7     90 0
54511 3948 11628    313 2016  2  8     95 0
54511 3948 11628    313 2016  2  9     90 0
54511 3948 11628    313 2016  2 10     72 0
54511 3948 11628    313 2016  2 11      0 0
54511 3948 11628    313 2016  2 12     41 0
54511 3948 11628    313 2016  2 13     46 0
54511 3948 11628    313 2016  2 14     95 0
54511 3948 11628    313 2016  2 15     96 0
54511 3948 11628    313 2016  2 16     97 0
54511 3948 11628    313 2016  2 17     95 0
54511 3948 11628    313 2016  2 18     97 0
54511 3948 11628    313 2016  2 19     66 0
54511 3948 11628    313 2016  2 20    102 0
54511 3948 11628    313 2016  2 21     66 0
54511 3948 11628    313 2016  2 22     88 0
54511 3948 11628    313 2016  2 23     97 0
54511 3948 11628    313 2016  2 24     87 0
54511 3948 11628    313 2016  2 25     97 0
54511 3948 11628    313 2016  2 26     95 0
54511 3948 11628    313 2016  2 27     92 0
54511 3948 11628    313 2016  2 28     95 0
54511 3948 11628    313 2016  2 29     70 0
54511 3948 11628    313 2016  3  1     93 0
54511 3948 11628    313 2016  3  2     94 0
54511 3948 11628    313 2016  3  3     30 0
54511 3948 11628    313 2016  3  4      0 0
54511 3948 11628    313 2016  3  5    101 0
54511 3948 11628    313 2016  3  6     22 0
54511 3948 11628    313 2016  3  7    106 0
54511 3948 11628    313 2016  3  8    100 0
54511 3948 11628    313 2016  3  9    103 0
54511 3948 11628    313 2016  3 10    105 0
54511 3948 11628    313 2016  3 11    107 0
54511 3948 11628    313 2016  3 12     78 0
54511 3948 11628    313 2016  3 13    108 0
54511 3948 11628    313 2016  3 14    102 0
54511 3948 11628    313 2016  3 15     11 0
54511 3948 11628    313 2016  3 16     67 0
54511 3948 11628    313 2016  3 17     70 0
54511 3948 11628    313 2016  3 18     87 0
54511 3948 11628    313 2016  3 19     74 0
54511 3948 11628    313 2016  3 20    104 0
54511 3948 11628    313 2016  3 21     86 0
54511 3948 11628    313 2016  3 22      0 0
54511 3948 11628    313 2016  3 23    115 0
54511 3948 11628    313 2016  3 24    119 0
54511 3948 11628    313 2016  3 25    112 0
54511 3948 11628    313 2016  3 26    113 0
54511 3948 11628    313 2016  3 27    115 0
54511 3948 11628    313 2016  3 28     85 0
54511 3948 11628    313 2016  3 29    116 0
54511 3948 11628    313 2016  3 30    109 0
54511 3948 11628    313 2016  3 31     88 0
54511 3948 11628    313 2016  4  1     96 0
54511 3948 11628    313 2016  4  2     71 0
54511 3948 11628    313 2016  4  3    103 0
54511 3948 11628    313 2016  4  4    107 0
54511 3948 11628    313 2016  4  5     97 0
54511 3948 11628    313 2016  4  6      3 0
54511 3948 11628    313 2016  4  7    106 0
54511 3948 11628    313 2016  4  8    122 0
54511 3948 11628    313 2016  4  9    105 0
54511 3948 11628    313 2016  4 10    109 0
54511 3948 11628    313 2016  4 11     68 0
54511 3948 11628    313 2016  4 12     53 0
54511 3948 11628    313 2016  4 13     84 0
54511 3948 11628    313 2016  4 14    109 0
54511 3948 11628    313 2016  4 15     70 0
54511 3948 11628    313 2016  4 16     77 0
54511 3948 11628    313 2016  4 17    120 0
54511 3948 11628    313 2016  4 18    114 0
54511 3948 11628    313 2016  4 19      0 0
54511 3948 11628    313 2016  4 20     98 0
54511 3948 11628    313 2016  4 21    116 0
54511 3948 11628    313 2016  4 22    122 0
54511 3948 11628    313 2016  4 23     81 0
54511 3948 11628    313 2016  4 24    111 0
54511 3948 11628    313 2016  4 25    104 0
54511 3948 11628    313 2016  4 26     88 0
54511 3948 11628    313 2016  4 27     12 0
54511 3948 11628    313 2016  4 28    117 0
54511 3948 11628    313 2016  4 29     90 0
54511 3948 11628    313 2016  4 30    105 0
54511 3948 11628    313 2016  5  1     87 0
54511 3948 11628    313 2016  5  2      0 0
54511 3948 11628    313 2016  5  3    129 0
54511 3948 11628    313 2016  5  4     89 0
54511 3948 11628    313 2016  5  5     58 0
54511 3948 11628    313 2016  5  6    130 0
54511 3948 11628    313 2016  5  7    133 0
54511 3948 11628    313 2016  5  8    117 0
54511 3948 11628    313 2016  5  9     31 0
54511 3948 11628    313 2016  5 10    123 0
54511 3948 11628    313 2016  5 11     64 0
54511 3948 11628    313 2016  5 12     47 0
54511 3948 11628    313 2016  5 13    110 0
54511 3948 11628    313 2016  5 14      0 0
54511 3948 11628    313 2016  5 15    112 0
54511 3948 11628    313 2016  5 16    133 0
54511 3948 11628    313 2016  5 17    123 0
54511 3948 11628    313 2016  5 18    120 0
54511 3948 11628    313 2016  5 19    111 0
54511 3948 11628    313 2016  5 20     93 0
54511 3948 11628    313 2016  5 21    123 0
54511 3948 11628    313 2016  5 22     93 0
54511 3948 11628    313 2016  5 23      0 0
54511 3948 11628    313 2016  5 24    113 0
54511 3948 11628    313 2016  5 25    100 0
54511 3948 11628    313 2016  5 26    134 0
54511 3948 11628    313 2016  5 27     88 0
54511 3948 11628    313 2016  5 28    116 0
54511 3948 11628    313 2016  5 29    123 0
54511 3948 11628    313 2016  5 30    119 0
54511 3948 11628    313 2016  5 31      0 0
54511 3948 11628    313 2016  6  1     61 0
54511 3948 11628    313 2016  6  2    109 0
54511 3948 11628    313 2016  6  3     50 0
54511 3948 11628    313 2016  6  4     86 0
54511 3948 11628    313 2016  6  5     99 0
54511 3948 11628    313 2016  6  6     81 0
54511 3948 11628    313 2016  6  7     80 0
54511 3948 11628    313 2016  6  8     71 0
54511 3948 11628    313 2016  6  9    106 0
54511 3948 11628    313 2016  6 10     90 0
54511 3948 11628    313 2016  6 11    114 0
54511 3948 11628    313 2016  6 12     69 0
54511 3948 11628    313 2016  6 13      0 0
54511 3948 11628    313 2016  6 14      7 0
54511 3948 11628    313 2016  6 15    129 0
54511 3948 11628    313 2016  6 16    120 0
54511 3948 11628    313 2016  6 17     69 0
54511 3948 11628    313 2016  6 18    119 0
54511 3948 11628    313 2016  6 19     92 0
54511 3948 11628    313 2016  6 20     90 0
54511 3948 11628    313 2016  6 21     65 0
54511 3948 11628    313 2016  6 22     57 0
54511 3948 11628    313 2016  6 23     25 0
54511 3948 11628    313 2016  6 24    124 0
54511 3948 11628    313 2016  6 25    123 0
54511 3948 11628    313 2016  6 26     84 0
54511 3948 11628    313 2016  6 27     10 0
54511 3948 11628    313 2016  6 28      5 0
54511 3948 11628    313 2016  6 29     28 0
54511 3948 11628    313 2016  6 30     81 0
54511 3948 11628    313 2016  7  1     84 0
54511 3948 11628    313 2016  7  2    139 0
54511 3948 11628    313 2016  7  3     46 0
54511 3948 11628    313 2016  7  4      0 0
54511 3948 11628    313 2016  7  5    100 0
54511 3948 11628    313 2016  7  6    121 0
54511 3948 11628    313 2016  7  7     86 0
54511 3948 11628    313 2016  7  8     21 0
54511 3948 11628    313 2016  7  9     72 0
54511 3948 11628    313 2016  7 10    114 0
54511 3948 11628    313 2016  7 11     79 0
54511 3948 11628    313 2016  7 12     20 0
54511 3948 11628    313 2016  7 13    133 0
54511 3948 11628    313 2016  7 14     16 0
54511 3948 11628    313 2016  7 15      0 0
54511 3948 11628    313 2016  7 16      0 0
54511 3948 11628    313 2016  7 17     47 0
54511 3948 11628    313 2016  7 18      8 0
54511 3948 11628    313 2016  7 19      0 0
54511 3948 11628    313 2016  7 20      0 0
54511 3948 11628    313 2016  7 21      0 0
54511 3948 11628    313 2016  7 22     40 0
54511 3948 11628    313 2016  7 23     20 0
54511 3948 11628    313 2016  7 24     16 0
54511 3948 11628    313 2016  7 25     19 0
54511 3948 11628    313 2016  7 26    133 0
54511 3948 11628    313 2016  7 27    102 0
54511 3948 11628    313 2016  7 28     64 0
54511 3948 11628    313 2016  7 29     49 0
54511 3948 11628    313 2016  7 30      0 0
54511 3948 11628    313 2016  7 31      5 0
54511 3948 11628    313 2016  8  1     40 0
54511 3948 11628    313 2016  8  2    110 0
54511 3948 11628    313 2016  8  3    102 0
54511 3948 11628    313 2016  8  4     55 0
54511 3948 11628    313 2016  8  5     53 0
54511 3948 11628    313 2016  8  6     13 0
54511 3948 11628    313 2016  8  7     59 0
54511 3948 11628    313 2016  8  8    114 0
54511 3948 11628    313 2016  8  9    120 0
54511 3948 11628    313 2016  8 10     94 0
54511 3948 11628    313 2016  8 11     63 0
54511 3948 11628    313 2016  8 12      4 0
54511 3948 11628    313 2016  8 13     14 0
54511 3948 11628    313 2016  8 14     54 0
54511 3948 11628    313 2016  8 15     36 0
54511 3948 11628    313 2016  8 16    121 0
54511 3948 11628    313 2016  8 17      0 0
54511 3948 11628    313 2016  8 18      0 0
54511 3948 11628    313 2016  8 19     92 0
54511 3948 11628    313 2016  8 20     73 0
54511 3948 11628    313 2016  8 21    105 0
54511 3948 11628    313 2016  8 22     90 0
54511 3948 11628    313 2016  8 23     27 0
54511 3948 11628    313 2016  8 24      0 0
54511 3948 11628    313 2016  8 25     54 0
54511 3948 11628    313 2016  8 26    125 0
54511 3948 11628    313 2016  8 27    115 0
54511 3948 11628    313 2016  8 28    125 0
54511 3948 11628    313 2016  8 29     93 0
54511 3948 11628    313 2016  8 30    113 0
54511 3948 11628    313 2016  8 31    123 0
54511 3948 11628    313 2016  9  1      0 0
54511 3948 11628    313 2016  9  2     43 0
54511 3948 11628    313 2016  9  3    118 0
54511 3948 11628    313 2016  9  4     79 0
54511 3948 11628    313 2016  9  5    114 0
54511 3948 11628    313 2016  9  6     79 0
54511 3948 11628    313 2016  9  7     79 0
54511 3948 11628    313 2016  9  8     96 0
54511 3948 11628    313 2016  9  9    118 0
54511 3948 11628    313 2016  9 10    101 0
54511 3948 11628    313 2016  9 11     57 0
54511 3948 11628    313 2016  9 12     98 0
54511 3948 11628    313 2016  9 13     41 0
54511 3948 11628    313 2016  9 14     78 0
54511 3948 11628    313 2016  9 15     92 0
54511 3948 11628    313 2016  9 16      8 0
54511 3948 11628    313 2016  9 17      0 0
54511 3948 11628    313 2016  9 18      4 0
54511 3948 11628    313 2016  9 19    115 0
54511 3948 11628    313 2016  9 20    110 0
54511 3948 11628    313 2016  9 21     13 0
54511 3948 11628    313 2016  9 22     34 0
54511 3948 11628    313 2016  9 23     80 0
54511 3948 11628    313 2016  9 24     72 0
54511 3948 11628    313 2016  9 25     17 0
54511 3948 11628    313 2016  9 26      0 0
54511 3948 11628    313 2016  9 27     78 0
54511 3948 11628    313 2016  9 28    110 0
54511 3948 11628    313 2016  9 29     88 0
54511 3948 11628    313 2016  9 30     93 0
54511 3948 11628    313 2016 10  1     60 0
54511 3948 11628    313 2016 10  2     38 0
54511 3948 11628    313 2016 10  3     82 0
54511 3948 11628    313 2016 10  4      0 0
54511 3948 11628    313 2016 10  5     60 0
54511 3948 11628    313 2016 10  6      0 0
54511 3948 11628    313 2016 10  7      0 0
54511 3948 11628    313 2016 10  8    108 0
54511 3948 11628    313 2016 10  9     63 0
54511 3948 11628    313 2016 10 10     56 0
54511 3948 11628    313 2016 10 11     91 0
54511 3948 11628    313 2016 10 12     18 0
54511 3948 11628    313 2016 10 13     45 0
54511 3948 11628    313 2016 10 14     36 0
54511 3948 11628    313 2016 10 15      0 0
54511 3948 11628    313 2016 10 16      9 0
54511 3948 11628    313 2016 10 17     92 0
54511 3948 11628    313 2016 10 18      0 0
54511 3948 11628    313 2016 10 19      0 0
54511 3948 11628    313 2016 10 20      0 0
54511 3948 11628    313 2016 10 21      0 0
54511 3948 11628    313 2016 10 22      8 0
54511 3948 11628    313 2016 10 23     94 0
54511 3948 11628    313 2016 10 24      0 0
54511 3948 11628    313 2016 10 25     73 0
54511 3948 11628    313 2016 10 26     48 0
54511 3948 11628    313 2016 10 27      0 0
54511 3948 11628    313 2016 10 28     92 0
54511 3948 11628    313 2016 10 29     75 0
54511 3948 11628    313 2016 10 30      0 0
54511 3948 11628    313 2016 10 31     90 0
54511 3948 11628    313 2016 11  1     83 0
54511 3948 11628    313 2016 11  2     93 0
54511 3948 11628    313 2016 11  3     59 0
54511 3948 11628    313 2016 11  4     45 0
54511 3948 11628    313 2016 11  5     57 0
54511 3948 11628    313 2016 11  6     51 0
54511 3948 11628    313 2016 11  7     80 0
54511 3948 11628    313 2016 11  8     90 0
54511 3948 11628    313 2016 11  9      0 0
54511 3948 11628    313 2016 11 10     16 0
54511 3948 11628    313 2016 11 11     21 0
54511 3948 11628    313 2016 11 12     77 0
54511 3948 11628    313 2016 11 13      0 0
54511 3948 11628    313 2016 11 14     75 0
54511 3948 11628    313 2016 11 15     78 0
54511 3948 11628    313 2016 11 16     64 0
54511 3948 11628    313 2016 11 17      0 0
54511 3948 11628    313 2016 11 18      0 0
54511 3948 11628    313 2016 11 19     66 0
54511 3948 11628    313 2016 11 20      0 0
54511 3948 11628    313 2016 11 21      0 0
54511 3948 11628    313 2016 11 22     86 0
54511 3948 11628    313 2016 11 23     78 0
54511 3948 11628    313 2016 11 24     83 0
54511 3948 11628    313 2016 11 25     73 0
54511 3948 11628    313 2016 11 26     35 0
54511 3948 11628    313 2016 11 27     85 0
54511 3948 11628    313 2016 11 28     72 0
54511 3948 11628    313 2016 11 29      9 0
54511 3948 11628    313 2016 11 30     68 0
54511 3948 11628    313 2016 12  1     86 0
54511 3948 11628    313 2016 12  2     83 0
54511 3948 11628    313 2016 12  3     56 0
54511 3948 11628    313 2016 12  4     20 0
54511 3948 11628    313 2016 12  5     79 0
54511 3948 11628    313 2016 12  6     63 0
54511 3948 11628    313 2016 12  7     71 0
54511 3948 11628    313 2016 12  8     77 0
54511 3948 11628    313 2016 12  9     63 0
54511 3948 11628    313 2016 12 10     82 0
54511 3948 11628    313 2016 12 11     40 0
54511 3948 11628    313 2016 12 12      7 0
54511 3948 11628    313 2016 12 13      0 0
54511 3948 11628    313 2016 12 14     83 0
54511 3948 11628    313 2016 12 15     82 0
54511 3948 11628    313 2016 12 16     59 0
54511 3948 11628    313 2016 12 17      0 0
54511 3948 11628    313 2016 12 18     65 0
54511 3948 11628    313 2016 12 19     54 0
54511 3948 11628    313 2016 12 20      0 0
54511 3948 11628    313 2016 12 21      0 0
54511 3948 11628    313 2016 12 22     86 0
54511 3948 11628    313 2016 12 23     83 0
54511 3948 11628    313 2016 12 24     69 0
54511 3948 11628    313 2016 12 25      0 0
54511 3948 11628    313 2016 12 26     36 0
54511 3948 11628    313 2016 12 27     81 0
54511 3948 11628    313 2016 12 28     70 0
54511 3948 11628    313 2016 12 29     78 0
54511 3948 11628    313 2016 12 30     23 0
54511 3948 11628    313 2016 12 31     52 0
54511 3948 11628    313 2017  1  1      0 0
54511 3948 11628    313 2017  1  2     57 0
54511 3948 11628    313 2017  1  3     56 0
54511 3948 11628    313 2017  1  4     26 0
54511 3948 11628    313 2017  1  5      0 0
54511 3948 11628    313 2017  1  6     47 0
54511 3948 11628    313 2017  1  7      0 0
54511 3948 11628    313 2017  1  8     72 0
54511 3948 11628    313 2017  1  9     85 0
54511 3948 11628    313 2017  1 10     70 0
54511 3948 11628    313 2017  1 11     84 0
54511 3948 11628    313 2017  1 12     68 0
54511 3948 11628    313 2017  1 13     87 0
54511 3948 11628    313 2017  1 14     80 0
54511 3948 11628    313 2017  1 15     30 0
54511 3948 11628    313 2017  1 16     23 0
54511 3948 11628    313 2017  1 17     23 0
54511 3948 11628    313 2017  1 18     57 0
54511 3948 11628    313 2017  1 19     73 0
54511 3948 11628    313 2017  1 20     86 0
54511 3948 11628    313 2017  1 21     89 0
54511 3948 11628    313 2017  1 22     84 0
54511 3948 11628    313 2017  1 23     88 0
54511 3948 11628    313 2017  1 24     73 0
54511 3948 11628    313 2017  1 25     63 0
54511 3948 11628    313 2017  1 26     26 0
54511 3948 11628    313 2017  1 27     89 0
54511 3948 11628    313 2017  1 28      2 0
54511 3948 11628    313 2017  1 29     48 0
54511 3948 11628    313 2017  1 30     85 0
54511 3948 11628    313 2017  1 31     80 0
54511 3948 11628    313 2017  2  1     90 0
54511 3948 11628    313 2017  2  2     78 0
54511 3948 11628    313 2017  2  3     69 0
54511 3948 11628    313 2017  2  4     58 0
54511 3948 11628    313 2017  2  5     98 0
54511 3948 11628    313 2017  2  6     64 0
54511 3948 11628    313 2017  2  7      0 0
54511 3948 11628    313 2017  2  8     91 0
54511 3948 11628    313 2017  2  9     99 0
54511 3948 11628    313 2017  2 10     96 0
54511 3948 11628    313 2017  2 11     94 0
54511 3948 11628    313 2017  2 12     88 0
54511 3948 11628    313 2017  2 13     96 0
54511 3948 11628    313 2017  2 14     30 0
54511 3948 11628    313 2017  2 15     39 0
54511 3948 11628    313 2017  2 16     11 0
54511 3948 11628    313 2017  2 17     97 0
54511 3948 11628    313 2017  2 18     87 0
54511 3948 11628    313 2017  2 19     55 0
54511 3948 11628    313 2017  2 20     64 0
54511 3948 11628    313 2017  2 21      0 0
54511 3948 11628    313 2017  2 22     44 0
54511 3948 11628    313 2017  2 23    104 0
54511 3948 11628    313 2017  2 24    101 0
54511 3948 11628    313 2017  2 25     97 0
54511 3948 11628    313 2017  2 26     99 0
54511 3948 11628    313 2017  2 27     93 0
54511 3948 11628    313 2017  2 28     97 0
54511 3948 11628    313 2017  3  1     86 0
54511 3948 11628    313 2017  3  2    101 0
54511 3948 11628    313 2017  3  3     93 0
54511 3948 11628    313 2017  3  4     89 0
54511 3948 11628    313 2017  3  5     80 0
54511 3948 11628    313 2017  3  6     55 0
54511 3948 11628    313 2017  3  7    106 0
54511 3948 11628    313 2017  3  8    106 0
54511 3948 11628    313 2017  3  9    104 0
54511 3948 11628    313 2017  3 10    100 0
54511 3948 11628    313 2017  3 11     64 0
54511 3948 11628    313 2017  3 12    108 0
54511 3948 11628    313 2017  3 13    110 0
54511 3948 11628    313 2017  3 14    106 0
54511 3948 11628    313 2017  3 15     98 0
54511 3948 11628    313 2017  3 16     86 0
54511 3948 11628    313 2017  3 17     35 0
54511 3948 11628    313 2017  3 18     85 0
54511 3948 11628    313 2017  3 19     54 0
54511 3948 11628    313 2017  3 20      0 0
54511 3948 11628    313 2017  3 21     59 0
54511 3948 11628    313 2017  3 22      0 0
54511 3948 11628    313 2017  3 23      0 0
54511 3948 11628    313 2017  3 24      0 0
54511 3948 11628    313 2017  3 25     64 0
54511 3948 11628    313 2017  3 26     77 0
54511 3948 11628    313 2017  3 27    115 0
54511 3948 11628    313 2017  3 28    103 0
54511 3948 11628    313 2017  3 29     94 0
54511 3948 11628    313 2017  3 30     42 0
54511 3948 11628    313 2017  3 31    114 0
54511 3948 11628    313 2017  4  1    114 0
54511 3948 11628    313 2017  4  2    104 0
54511 3948 11628    313 2017  4  3    102 0
54511 3948 11628    313 2017  4  4      0 0
54511 3948 11628    313 2017  4  5     56 0
54511 3948 11628    313 2017  4  6     91 0
54511 3948 11628    313 2017  4  7      0 0
54511 3948 11628    313 2017  4  8     18 0
54511 3948 11628    313 2017  4  9    101 0
54511 3948 11628    313 2017  4 10     91 0
54511 3948 11628    313 2017  4 11     71 0
54511 3948 11628    313 2017  4 12    104 0
54511 3948 11628    313 2017  4 13     59 0
54511 3948 11628    313 2017  4 14    107 0
54511 3948 11628    313 2017  4 15    114 0
54511 3948 11628    313 2017  4 16     68 0
54511 3948 11628    313 2017  4 17     66 0
54511 3948 11628    313 2017  4 18    120 0
54511 3948 11628    313 2017  4 19      0 0
54511 3948 11628    313 2017  4 20     82 0
54511 3948 11628    313 2017  4 21    119 0
54511 3948 11628    313 2017  4 22    122 0
54511 3948 11628    313 2017  4 23    121 0
54511 3948 11628    313 2017  4 24    116 0
54511 3948 11628    313 2017  4 25     63 0
54511 3948 11628    313 2017  4 26    121 0
54511 3948 11628    313 2017  4 27    124 0
54511 3948 11628    313 2017  4 28    115 0
54511 3948 11628    313 2017  4 29    119 0
54511 3948 11628    313 2017  4 30    111 0
54511 3948 11628    313 2017  5  1     99 0
54511 3948 11628    313 2017  5  2     98 0
54511 3948 11628    313 2017  5  3      0 0
54511 3948 11628    313 2017  5  4     54 0
54511 3948 11628    313 2017  5  5     90 0
54511 3948 11628    313 2017  5  6    115 0
54511 3948 11628    313 2017  5  7    118 0
54511 3948 11628    313 2017  5  8     56 0
54511 3948 11628    313 2017  5  9    118 0
54511 3948 11628    313 2017  5 10    120 0
54511 3948 11628    313 2017  5 11    125 0
54511 3948 11628    313 2017  5 12    103 0
54511 3948 11628    313 2017  5 13    128 0
54511 3948 11628    313 2017  5 14    123 0
54511 3948 11628    313 2017  5 15    123 0
54511 3948 11628    313 2017  5 16    124 0
54511 3948 11628    313 2017  5 17    121 0
54511 3948 11628    313 2017  5 18    113 0
54511 3948 11628    313 2017  5 19    100 0
54511 3948 11628    313 2017  5 20    109 0
54511 3948 11628    313 2017  5 21     96 0
54511 3948 11628    313 2017  5 22      0 0
54511 3948 11628    313 2017  5 23    125 0
54511 3948 11628    313 2017  5 24    134 0
54511 3948 11628    313 2017  5 25    125 0
54511 3948 11628    313 2017  5 26    119 0
54511 3948 11628    313 2017  5 27    117 0
54511 3948 11628    313 2017  5 28     87 0
54511 3948 11628    313 2017  5 29      0 0
54511 3948 11628    313 2017  5 30     44 0
54511 3948 11628    313 2017  5 31    101 0
54511 3948 11628    313 2017  6  1    124 0
54511 3948 11628    313 2017  6  2     55 0
54511 3948 11628    313 2017  6  3    107 0
54511 3948 11628    313 2017  6  4    118 0
54511 3948 11628    313 2017  6  5     16 0
54511 3948 11628    313 2017  6  6      5 0
54511 3948 11628    313 2017  6  7    118 0
54511 3948 11628    313 2017  6  8     70 0
54511 3948 11628    313 2017  6  9    127 0
54511 3948 11628    313 2017  6 10    122 0
54511 3948 11628    313 2017  6 11     94 0
54511 3948 11628    313 2017  6 12     27 0
54511 3948 11628    313 2017  6 13     52 0
54511 3948 11628    313 2017  6 14    131 0
54511 3948 11628    313 2017  6 15    118 0
54511 3948 11628    313 2017  6 16    122 0
54511 3948 11628    313 2017  6 17     56 0
54511 3948 11628    313 2017  6 18     78 0
54511 3948 11628    313 2017  6 19    130 0
54511 3948 11628    313 2017  6 20    127 0
54511 3948 11628    313 2017  6 21     48 0
54511 3948 11628    313 2017  6 22      0 0
54511 3948 11628    313 2017  6 23      0 0
54511 3948 11628    313 2017  6 24     45 0
54511 3948 11628    313 2017  6 25    109 0
54511 3948 11628    313 2017  6 26    131 0
54511 3948 11628    313 2017  6 27    105 0
54511 3948 11628    313 2017  6 28     90 0
54511 3948 11628    313 2017  6 29     72 0
54511 3948 11628    313 2017  6 30    112 0
