54406 4027 11558   4879 2013 12  1     -7     70    -68 0 0 0
54406 4027 11558   4879 2013 12  2    -20     72    -75 0 0 0
54406 4027 11558   4879 2013 12  3      4     89    -59 0 0 0
54406 4027 11558   4879 2013 12  4     -5     81    -54 0 0 0
54406 4027 11558   4879 2013 12  5      8     64    -37 0 0 0
54406 4027 11558   4879 2013 12  6     -6     96    -72 0 0 0
54406 4027 11558   4879 2013 12  7    -13     77    -72 0 0 0
54406 4027 11558   4879 2013 12  8     -4     67    -44 0 0 0
54406 4027 11558   4879 2013 12  9    -14     37    -38 0 0 0
54406 4027 11558   4879 2013 12 10    -31     25    -72 0 0 0
54406 4027 11558   4879 2013 12 11    -21     32    -77 0 0 0
54406 4027 11558   4879 2013 12 12    -38      0    -55 0 0 0
54406 4027 11558   4879 2013 12 13    -45     23   -102 0 0 0
54406 4027 11558   4879 2013 12 14    -35     35    -99 0 0 0
54406 4027 11558   4879 2013 12 15    -43     45   -100 0 0 0
54406 4027 11558   4879 2013 12 16    -51     16   -112 0 0 0
54406 4027 11558   4879 2013 12 17    -44     -5    -64 0 0 0
54406 4027 11558   4879 2013 12 18    -73    -17   -127 0 0 0
54406 4027 11558   4879 2013 12 19    -64     -4   -120 0 0 0
54406 4027 11558   4879 2013 12 20    -61      5   -117 0 0 0
54406 4027 11558   4879 2013 12 21    -77     -4   -126 0 0 0
54406 4027 11558   4879 2013 12 22    -79      0   -122 0 0 0
54406 4027 11558   4879 2013 12 23    -59     36   -126 0 0 0
54406 4027 11558   4879 2013 12 24    -67     -2   -127 0 0 0
54406 4027 11558   4879 2013 12 25    -54     25   -102 0 0 0
54406 4027 11558   4879 2013 12 26    -65    -10   -103 0 0 0
54406 4027 11558   4879 2013 12 27    -65    -24   -125 0 0 0
54406 4027 11558   4879 2013 12 28    -60    -19   -102 0 0 0
54406 4027 11558   4879 2013 12 29    -12     39    -68 0 0 0
54406 4027 11558   4879 2013 12 30     -5     40    -37 0 0 0
54406 4027 11558   4879 2013 12 31     23     49    -14 0 0 0
54406 4027 11558   4879 2014  1  1     35     71     14 0 0 0
54406 4027 11558   4879 2014  1  2     -9     77    -76 0 0 0
54406 4027 11558   4879 2014  1  3     -7     55    -35 0 0 0
54406 4027 11558   4879 2014  1  4    -50     23   -101 0 0 0
54406 4027 11558   4879 2014  1  5    -47     44   -111 0 0 0
54406 4027 11558   4879 2014  1  6    -40    -23    -56 0 0 0
54406 4027 11558   4879 2014  1  7    -32     29    -75 0 0 0
54406 4027 11558   4879 2014  1  8    -71    -26   -103 0 0 0
54406 4027 11558   4879 2014  1  9    -86    -33   -159 0 0 0
54406 4027 11558   4879 2014  1 10    -83      5   -163 0 0 0
54406 4027 11558   4879 2014  1 11    -70     30   -144 0 0 0
54406 4027 11558   4879 2014  1 12    -55     -7   -108 0 0 0
54406 4027 11558   4879 2014  1 13    -84      7   -145 0 0 0
54406 4027 11558   4879 2014  1 14    -75     13   -149 0 0 0
54406 4027 11558   4879 2014  1 15    -73     21   -142 0 0 0
54406 4027 11558   4879 2014  1 16    -31     33    -85 0 0 0
54406 4027 11558   4879 2014  1 17    -33     13    -72 0 0 0
54406 4027 11558   4879 2014  1 18    -37     45   -117 0 0 0
54406 4027 11558   4879 2014  1 19    -19     46    -57 0 0 0
54406 4027 11558   4879 2014  1 20    -44     -8    -66 0 0 0
54406 4027 11558   4879 2014  1 21    -62     18   -124 0 0 0
54406 4027 11558   4879 2014  1 22    -53     41   -129 0 0 0
54406 4027 11558   4879 2014  1 23    -52     22   -110 0 0 0
54406 4027 11558   4879 2014  1 24    -17     50    -76 0 0 0
54406 4027 11558   4879 2014  1 25    -18     35    -72 0 0 0
54406 4027 11558   4879 2014  1 26    -60      1   -102 0 0 0
54406 4027 11558   4879 2014  1 27    -26     94   -114 0 0 0
54406 4027 11558   4879 2014  1 28    -39     30   -125 0 0 0
54406 4027 11558   4879 2014  1 29    -44     17    -98 0 0 0
54406 4027 11558   4879 2014  1 30      3     66    -47 0 0 0
54406 4027 11558   4879 2014  1 31    -21     39    -58 0 0 0
54406 4027 11558   4879 2014  2  1     -7     41    -33 0 0 0
54406 4027 11558   4879 2014  2  2    -11     54    -47 0 0 0
54406 4027 11558   4879 2014  2  3    -52    -20    -83 0 0 0
54406 4027 11558   4879 2014  2  4    -72    -33   -115 0 0 0
54406 4027 11558   4879 2014  2  5    -71     -1   -134 0 0 0
54406 4027 11558   4879 2014  2  6    -52    -11   -110 0 0 0
54406 4027 11558   4879 2014  2  7    -54    -37    -66 0 0 0
54406 4027 11558   4879 2014  2  8    -75    -23    -99 0 0 0
54406 4027 11558   4879 2014  2  9   -105    -54   -148 0 0 0
54406 4027 11558   4879 2014  2 10   -105    -34   -157 0 0 0
54406 4027 11558   4879 2014  2 11    -95      8   -168 0 0 0
54406 4027 11558   4879 2014  2 12    -71     23   -146 0 0 0
54406 4027 11558   4879 2014  2 13    -69    -34   -103 0 0 0
54406 4027 11558   4879 2014  2 14    -49     26   -107 0 0 0
54406 4027 11558   4879 2014  2 15    -37     41    -90 0 0 0
54406 4027 11558   4879 2014  2 16    -26     58   -106 0 0 0
54406 4027 11558   4879 2014  2 17    -13     24    -38 0 0 0
54406 4027 11558   4879 2014  2 18    -44    -17    -73 0 0 0
54406 4027 11558   4879 2014  2 19    -43     23    -95 0 0 0
54406 4027 11558   4879 2014  2 20    -52     27   -115 0 0 0
54406 4027 11558   4879 2014  2 21    -22     26    -50 0 0 0
54406 4027 11558   4879 2014  2 22     -6     15    -31 0 0 0
54406 4027 11558   4879 2014  2 23      1     15    -10 0 0 0
54406 4027 11558   4879 2014  2 24     12     65     -9 0 0 0
54406 4027 11558   4879 2014  2 25     17     91    -26 0 0 0
54406 4027 11558   4879 2014  2 26     17     53    -15 0 0 0
54406 4027 11558   4879 2014  2 27     -1     41    -34 0 0 0
54406 4027 11558   4879 2014  2 28    -23     27    -76 0 0 0
54406 4027 11558   4879 2014  3  1     -3     84    -71 0 0 0
54406 4027 11558   4879 2014  3  2      4    101    -74 0 0 0
54406 4027 11558   4879 2014  3  3    -13     42    -50 0 0 0
54406 4027 11558   4879 2014  3  4     -1     51    -51 0 0 0
54406 4027 11558   4879 2014  3  5    -17     62    -99 0 0 0
54406 4027 11558   4879 2014  3  6    -14     43    -75 0 0 0
54406 4027 11558   4879 2014  3  7    -12     60   -107 0 0 0
54406 4027 11558   4879 2014  3  8     15    107    -61 0 0 0
54406 4027 11558   4879 2014  3  9     18    102    -81 0 0 0
54406 4027 11558   4879 2014  3 10     14     79    -39 0 0 0
54406 4027 11558   4879 2014  3 11     25    104    -30 0 0 0
54406 4027 11558   4879 2014  3 12     33     71      3 0 0 0
54406 4027 11558   4879 2014  3 13     26    110    -76 0 0 0
54406 4027 11558   4879 2014  3 14     73    157      8 0 0 0
54406 4027 11558   4879 2014  3 15     85    215    -29 0 0 0
54406 4027 11558   4879 2014  3 16     93    141     30 0 0 0
54406 4027 11558   4879 2014  3 17     91    173     14 0 0 0
54406 4027 11558   4879 2014  3 18     82    149     29 0 0 0
54406 4027 11558   4879 2014  3 19     57    117     18 0 0 0
54406 4027 11558   4879 2014  3 20     88    159     24 0 0 0
54406 4027 11558   4879 2014  3 21     94    184     -9 0 0 0
54406 4027 11558   4879 2014  3 22    101    201      7 0 0 0
54406 4027 11558   4879 2014  3 23    103    165     34 0 0 0
54406 4027 11558   4879 2014  3 24    116    228     43 0 0 0
54406 4027 11558   4879 2014  3 25    121    221     23 0 0 0
54406 4027 11558   4879 2014  3 26    136    260     43 0 0 0
54406 4027 11558   4879 2014  3 27    106    163     81 0 0 0
54406 4027 11558   4879 2014  3 28    138    212     92 0 0 0
54406 4027 11558   4879 2014  3 29    131    193     69 0 0 0
54406 4027 11558   4879 2014  3 30    135    229     33 0 0 0
54406 4027 11558   4879 2014  3 31    135    178    110 0 0 0
54406 4027 11558   4879 2014  4  1    127    227     33 0 0 0
54406 4027 11558   4879 2014  4  2    139    227     58 0 0 0
54406 4027 11558   4879 2014  4  3    116    162     63 0 0 0
54406 4027 11558   4879 2014  4  4    124    217     28 0 0 0
54406 4027 11558   4879 2014  4  5    115    182     61 0 0 0
54406 4027 11558   4879 2014  4  6    131    236     32 0 0 0
54406 4027 11558   4879 2014  4  7    148    251     36 0 0 0
54406 4027 11558   4879 2014  4  8    154    235     74 0 0 0
54406 4027 11558   4879 2014  4  9    177    265     88 0 0 0
54406 4027 11558   4879 2014  4 10    133    209    120 0 0 0
54406 4027 11558   4879 2014  4 11    120    164    102 0 0 0
54406 4027 11558   4879 2014  4 12    124    197     48 0 0 0
54406 4027 11558   4879 2014  4 13    152    240     63 0 0 0
54406 4027 11558   4879 2014  4 14    172    272     81 0 0 0
54406 4027 11558   4879 2014  4 15    155    194    142 0 0 0
54406 4027 11558   4879 2014  4 16    141    187    109 0 0 0
54406 4027 11558   4879 2014  4 17    114    145     81 0 0 0
54406 4027 11558   4879 2014  4 18    136    191     90 0 0 0
54406 4027 11558   4879 2014  4 19     98    147     83 0 0 0
54406 4027 11558   4879 2014  4 20    114    191     30 0 0 0
54406 4027 11558   4879 2014  4 21    137    222     44 0 0 0
54406 4027 11558   4879 2014  4 22    146    242     35 0 0 0
54406 4027 11558   4879 2014  4 23    154    222     90 0 0 0
54406 4027 11558   4879 2014  4 24    166    202    123 0 0 0
54406 4027 11558   4879 2014  4 25    148    199    100 0 0 0
54406 4027 11558   4879 2014  4 26    132    198     70 0 0 0
54406 4027 11558   4879 2014  4 27    148    234     58 0 0 0
54406 4027 11558   4879 2014  4 28    168    243     90 0 0 0
54406 4027 11558   4879 2014  4 29    176    261     87 0 0 0
54406 4027 11558   4879 2014  4 30    188    277     98 0 0 0
54406 4027 11558   4879 2014  5  1    165    234    116 0 0 0
54406 4027 11558   4879 2014  5  2    126    185     87 0 0 0
54406 4027 11558   4879 2014  5  3    111    184     45 0 0 0
54406 4027 11558   4879 2014  5  4     95    135     49 0 0 0
54406 4027 11558   4879 2014  5  5    111    197     28 0 0 0
54406 4027 11558   4879 2014  5  6    136    209     63 0 0 0
54406 4027 11558   4879 2014  5  7    160    225     80 0 0 0
54406 4027 11558   4879 2014  5  8    142    202     71 0 0 0
54406 4027 11558   4879 2014  5  9    142    167    133 0 0 0
54406 4027 11558   4879 2014  5 10    143    175    115 0 0 0
54406 4027 11558   4879 2014  5 11     98    155     81 0 0 0
54406 4027 11558   4879 2014  5 12    190    280     81 0 0 0
54406 4027 11558   4879 2014  5 13    189    270    104 0 0 0
54406 4027 11558   4879 2014  5 14    156    220    123 0 0 0
54406 4027 11558   4879 2014  5 15    185    278     63 0 0 0
54406 4027 11558   4879 2014  5 16    210    267    127 0 0 0
54406 4027 11558   4879 2014  5 17    184    246    139 0 0 0
54406 4027 11558   4879 2014  5 18    194    270    109 0 0 0
54406 4027 11558   4879 2014  5 19    210    291    148 0 0 0
54406 4027 11558   4879 2014  5 20    228    299    149 0 0 0
54406 4027 11558   4879 2014  5 21    229    296    155 0 0 0
54406 4027 11558   4879 2014  5 22    243    311    174 0 0 0
54406 4027 11558   4879 2014  5 23    251    313    186 0 0 0
54406 4027 11558   4879 2014  5 24    192    260    168 0 0 0
54406 4027 11558   4879 2014  5 25    206    236    177 0 0 0
54406 4027 11558   4879 2014  5 26    257    329    188 0 0 0
54406 4027 11558   4879 2014  5 27    252    284    230 0 0 0
54406 4027 11558   4879 2014  5 28    267    358    139 0 0 0
54406 4027 11558   4879 2014  5 29    278    375    166 0 0 0
54406 4027 11558   4879 2014  5 30    274    326    204 0 0 0
54406 4027 11558   4879 2014  5 31    264    334    198 0 0 0
54406 4027 11558   4879 2014  6  1    187    284    167 0 0 0
54406 4027 11558   4879 2014  6  2    191    240    158 0 0 0
54406 4027 11558   4879 2014  6  3    219    300    131 0 0 0
54406 4027 11558   4879 2014  6  4    224    285    183 0 0 0
54406 4027 11558   4879 2014  6  5    240    310    172 0 0 0
54406 4027 11558   4879 2014  6  6    197    274    159 0 0 0
54406 4027 11558   4879 2014  6  7    201    271    123 0 0 0
54406 4027 11558   4879 2014  6  8    192    280    146 0 0 0
54406 4027 11558   4879 2014  6  9    194    262    112 0 0 0
54406 4027 11558   4879 2014  6 10    183    236    153 0 0 0
54406 4027 11558   4879 2014  6 11    206    273    135 0 0 0
54406 4027 11558   4879 2014  6 12    232    323    148 0 0 0
54406 4027 11558   4879 2014  6 13    217    291    174 0 0 0
54406 4027 11558   4879 2014  6 14    232    310    156 0 0 0
54406 4027 11558   4879 2014  6 15    232    297    197 0 0 0
54406 4027 11558   4879 2014  6 16    230    288    178 0 0 0
54406 4027 11558   4879 2014  6 17    216    279    185 0 0 0
54406 4027 11558   4879 2014  6 18    228    311    166 0 0 0
54406 4027 11558   4879 2014  6 19    215    271    160 0 0 0
54406 4027 11558   4879 2014  6 20    199    254    161 0 0 0
54406 4027 11558   4879 2014  6 21    191    236    154 0 0 0
54406 4027 11558   4879 2014  6 22    183    235    135 0 0 0
54406 4027 11558   4879 2014  6 23    216    289    140 0 0 0
54406 4027 11558   4879 2014  6 24    235    279    166 0 0 0
54406 4027 11558   4879 2014  6 25    205    270    190 0 0 0
54406 4027 11558   4879 2014  6 26    237    302    185 0 0 0
54406 4027 11558   4879 2014  6 27    249    314    185 0 0 0
54406 4027 11558   4879 2014  6 28    244    328    153 0 0 0
54406 4027 11558   4879 2014  6 29    251    310    187 0 0 0
54406 4027 11558   4879 2014  6 30    247    308    193 0 0 0
54406 4027 11558   4879 2014  7  1    236    283    207 0 0 0
54406 4027 11558   4879 2014  7  2    214    240    187 0 0 0
54406 4027 11558   4879 2014  7  3    218    275    197 0 0 0
54406 4027 11558   4879 2014  7  4    249    312    192 0 0 0
54406 4027 11558   4879 2014  7  5    250    284    213 0 0 0
54406 4027 11558   4879 2014  7  6    253    306    213 0 0 0
54406 4027 11558   4879 2014  7  7    252    279    228 0 0 0
54406 4027 11558   4879 2014  7  8    257    303    225 0 0 0
54406 4027 11558   4879 2014  7  9    245    283    197 0 0 0
54406 4027 11558   4879 2014  7 10    268    342    178 0 0 0
54406 4027 11558   4879 2014  7 11    261    326    186 0 0 0
54406 4027 11558   4879 2014  7 12    257    310    196 0 0 0
54406 4027 11558   4879 2014  7 13    251    312    180 0 0 0
54406 4027 11558   4879 2014  7 14    247    328    173 0 0 0
54406 4027 11558   4879 2014  7 15    234    293    175 0 0 0
54406 4027 11558   4879 2014  7 16    229    312    181 0 0 0
54406 4027 11558   4879 2014  7 17    233    284    202 0 0 0
54406 4027 11558   4879 2014  7 18    263    305    230 0 0 0
54406 4027 11558   4879 2014  7 19    285    328    243 0 0 0
54406 4027 11558   4879 2014  7 20    276    309    235 0 0 0
54406 4027 11558   4879 2014  7 21    252    303    209 0 0 0
54406 4027 11558   4879 2014  7 22    227    266    217 0 0 0
54406 4027 11558   4879 2014  7 23    234    272    198 0 0 0
54406 4027 11558   4879 2014  7 24    240    301    206 0 0 0
54406 4027 11558   4879 2014  7 25    252    329    176 0 0 0
54406 4027 11558   4879 2014  7 26    267    337    193 0 0 0
54406 4027 11558   4879 2014  7 27    269    330    204 0 0 0
54406 4027 11558   4879 2014  7 28    266    323    204 0 0 0
54406 4027 11558   4879 2014  7 29    259    297    213 0 0 0
54406 4027 11558   4879 2014  7 30    233    287    198 0 0 0
54406 4027 11558   4879 2014  7 31    252    295    210 0 0 0
54406 4027 11558   4879 2014  8  1    254    288    226 0 0 0
54406 4027 11558   4879 2014  8  2    271    330    226 0 0 0
54406 4027 11558   4879 2014  8  3    274    319    239 0 0 0
54406 4027 11558   4879 2014  8  4    214    274    192 0 0 0
54406 4027 11558   4879 2014  8  5    223    304    165 0 0 0
54406 4027 11558   4879 2014  8  6    244    313    182 0 0 0
54406 4027 11558   4879 2014  8  7    238    308    164 0 0 0
54406 4027 11558   4879 2014  8  8    237    287    183 0 0 0
54406 4027 11558   4879 2014  8  9    226    287    181 0 0 0
54406 4027 11558   4879 2014  8 10    235    324    166 0 0 0
54406 4027 11558   4879 2014  8 11    243    309    170 0 0 0
54406 4027 11558   4879 2014  8 12    235    302    165 0 0 0
54406 4027 11558   4879 2014  8 13    186    242    169 0 0 0
54406 4027 11558   4879 2014  8 14    198    295    127 0 0 0
54406 4027 11558   4879 2014  8 15    219    294    139 0 0 0
54406 4027 11558   4879 2014  8 16    238    313    161 0 0 0
54406 4027 11558   4879 2014  8 17    231    293    200 0 0 0
54406 4027 11558   4879 2014  8 18    226    302    164 0 0 0
54406 4027 11558   4879 2014  8 19    236    310    176 0 0 0
54406 4027 11558   4879 2014  8 20    251    328    185 0 0 0
54406 4027 11558   4879 2014  8 21    254    321    210 0 0 0
54406 4027 11558   4879 2014  8 22    220    268    173 0 0 0
54406 4027 11558   4879 2014  8 23    238    307    182 0 0 0
54406 4027 11558   4879 2014  8 24    231    281    193 0 0 0
54406 4027 11558   4879 2014  8 25    219    293    147 0 0 0
54406 4027 11558   4879 2014  8 26    218    318    127 0 0 0
54406 4027 11558   4879 2014  8 27    224    309    129 0 0 0
54406 4027 11558   4879 2014  8 28    196    252    172 0 0 0
54406 4027 11558   4879 2014  8 29    197    237    164 0 0 0
54406 4027 11558   4879 2014  8 30    198    216    179 0 0 0
54406 4027 11558   4879 2014  8 31    200    251    167 0 0 0
54406 4027 11558   4879 2014  9  1    195    224    170 0 0 0
54406 4027 11558   4879 2014  9  2    175    188    165 0 0 0
54406 4027 11558   4879 2014  9  3    190    273    131 0 0 0
54406 4027 11558   4879 2014  9  4    218    302    149 0 0 0
54406 4027 11558   4879 2014  9  5    212    273    149 0 0 0
54406 4027 11558   4879 2014  9  6    211    254    171 0 0 0
54406 4027 11558   4879 2014  9  7    220    274    187 0 0 0
54406 4027 11558   4879 2014  9  8    200    261    135 0 0 0
54406 4027 11558   4879 2014  9  9    187    275    101 0 0 0
54406 4027 11558   4879 2014  9 10    199    254    146 0 0 0
54406 4027 11558   4879 2014  9 11    183    232    150 0 0 0
54406 4027 11558   4879 2014  9 12    179    209    159 0 0 0
54406 4027 11558   4879 2014  9 13    194    240    160 0 0 0
54406 4027 11558   4879 2014  9 14    175    199    165 0 0 0
54406 4027 11558   4879 2014  9 15    160    235     84 0 0 0
54406 4027 11558   4879 2014  9 16    140    196     84 0 0 0
54406 4027 11558   4879 2014  9 17    155    228    109 0 0 0
54406 4027 11558   4879 2014  9 18    161    258     79 0 0 0
54406 4027 11558   4879 2014  9 19    167    236    117 0 0 0
54406 4027 11558   4879 2014  9 20    174    260    116 0 0 0
54406 4027 11558   4879 2014  9 21    182    222    142 0 0 0
54406 4027 11558   4879 2014  9 22    181    197    163 0 0 0
54406 4027 11558   4879 2014  9 23    143    177    139 0 0 0
54406 4027 11558   4879 2014  9 24    165    228    133 0 0 0
54406 4027 11558   4879 2014  9 25    151    201     95 0 0 0
54406 4027 11558   4879 2014  9 26    159    193    142 0 0 0
54406 4027 11558   4879 2014  9 27    160    228    100 0 0 0
54406 4027 11558   4879 2014  9 28    155    204    127 0 0 0
54406 4027 11558   4879 2014  9 29    146    197    110 0 0 0
54406 4027 11558   4879 2014  9 30     95    125     80 0 0 0
54406 4027 11558   4879 2014 10  1     76     85     58 0 0 0
54406 4027 11558   4879 2014 10  2    112    186     83 0 0 0
54406 4027 11558   4879 2014 10  3    106    166     49 0 0 0
54406 4027 11558   4879 2014 10  4    125    163    114 0 0 0
54406 4027 11558   4879 2014 10  5    124    177     73 0 0 0
54406 4027 11558   4879 2014 10  6    101    183     23 0 0 0
54406 4027 11558   4879 2014 10  7    122    207     50 0 0 0
54406 4027 11558   4879 2014 10  8    132    197     83 0 0 0
54406 4027 11558   4879 2014 10  9    139    202    103 0 0 0
54406 4027 11558   4879 2014 10 10    145    190    113 0 0 0
54406 4027 11558   4879 2014 10 11    137    183    116 0 0 0
54406 4027 11558   4879 2014 10 12    114    146    102 0 0 0
54406 4027 11558   4879 2014 10 13     74    151     12 0 0 0
54406 4027 11558   4879 2014 10 14     86    190      2 0 0 0
54406 4027 11558   4879 2014 10 15    101    175     34 0 0 0
54406 4027 11558   4879 2014 10 16     95    200      8 0 0 0
54406 4027 11558   4879 2014 10 17    110    230     18 0 0 0
54406 4027 11558   4879 2014 10 18    117    233     31 0 0 0
54406 4027 11558   4879 2014 10 19    131    175    113 0 0 0
54406 4027 11558   4879 2014 10 20    121    184     75 0 0 0
54406 4027 11558   4879 2014 10 21    103    137     73 0 0 0
54406 4027 11558   4879 2014 10 22     75    145     13 0 0 0
54406 4027 11558   4879 2014 10 23     99    152     72 0 0 0
54406 4027 11558   4879 2014 10 24     93    179     47 0 0 0
54406 4027 11558   4879 2014 10 25    107    199     48 0 0 0
54406 4027 11558   4879 2014 10 26    112    163     76 0 0 0
54406 4027 11558   4879 2014 10 27     59    114     -3 0 0 0
54406 4027 11558   4879 2014 10 28     71    129     16 0 0 0
54406 4027 11558   4879 2014 10 29     86    147     33 0 0 0
54406 4027 11558   4879 2014 10 30    104    129     91 0 0 0
54406 4027 11558   4879 2014 10 31    105    119     98 0 0 0
54406 4027 11558   4879 2014 11  1     85    118     52 0 0 0
54406 4027 11558   4879 2014 11  2     71    113     26 0 0 0
54406 4027 11558   4879 2014 11  3     78    150     -6 0 0 0
54406 4027 11558   4879 2014 11  4     56    162    -19 0 0 0
54406 4027 11558   4879 2014 11  5     73    167    -10 0 0 0
54406 4027 11558   4879 2014 11  6     47    106      3 0 0 0
54406 4027 11558   4879 2014 11  7     26     72    -13 0 0 0
54406 4027 11558   4879 2014 11  8     22    114    -41 0 0 0
54406 4027 11558   4879 2014 11  9     29    130    -49 0 0 0
54406 4027 11558   4879 2014 11 10     28    105    -40 0 0 0
54406 4027 11558   4879 2014 11 11     54     94      0 0 0 0
54406 4027 11558   4879 2014 11 12     19     60     -4 0 0 0
54406 4027 11558   4879 2014 11 13     24     83    -13 0 0 0
54406 4027 11558   4879 2014 11 14     13     92    -51 0 0 0
54406 4027 11558   4879 2014 11 15     11     65    -24 0 0 0
54406 4027 11558   4879 2014 11 16     17     70    -24 0 0 0
54406 4027 11558   4879 2014 11 17     21     82    -47 0 0 0
54406 4027 11558   4879 2014 11 18      4     94    -60 0 0 0
54406 4027 11558   4879 2014 11 19     16     85    -33 0 0 0
54406 4027 11558   4879 2014 11 20     26    122    -29 0 0 0
54406 4027 11558   4879 2014 11 21     21    111    -54 0 0 0
54406 4027 11558   4879 2014 11 22      2     81    -56 0 0 0
54406 4027 11558   4879 2014 11 23     23     84     -6 0 0 0
54406 4027 11558   4879 2014 11 24      5     76    -54 0 0 0
54406 4027 11558   4879 2014 11 25     -2     59    -49 0 0 0
54406 4027 11558   4879 2014 11 26     16     57    -17 0 0 0
54406 4027 11558   4879 2014 11 27     12     38     -6 0 0 0
54406 4027 11558   4879 2014 11 28      6     73    -43 0 0 0
54406 4027 11558   4879 2014 11 29     -7     26    -49 0 0 0
54406 4027 11558   4879 2014 11 30    -17     31    -66 0 0 0
54406 4027 11558   4879 2014 12  1    -78    -40   -102 0 0 0
54406 4027 11558   4879 2014 12  2    -75    -13   -139 0 0 0
54406 4027 11558   4879 2014 12  3    -68    -31   -105 0 0 0
54406 4027 11558   4879 2014 12  4    -60    -23    -80 0 0 0
54406 4027 11558   4879 2014 12  5    -56      9   -100 0 0 0
54406 4027 11558   4879 2014 12  6    -50      6   -113 0 0 0
54406 4027 11558   4879 2014 12  7    -33     13    -70 0 0 0
54406 4027 11558   4879 2014 12  8    -56     10   -112 0 0 0
54406 4027 11558   4879 2014 12  9    -55    -15    -93 0 0 0
54406 4027 11558   4879 2014 12 10    -28     -2    -66 0 0 0
54406 4027 11558   4879 2014 12 11    -50     -3    -96 0 0 0
54406 4027 11558   4879 2014 12 12    -41    -14    -67 0 0 0
54406 4027 11558   4879 2014 12 13    -33     18    -86 0 0 0
54406 4027 11558   4879 2014 12 14    -58     27   -125 0 0 0
54406 4027 11558   4879 2014 12 15    -55    -21    -82 0 0 0
54406 4027 11558   4879 2014 12 16    -72    -47    -89 0 0 0
54406 4027 11558   4879 2014 12 17    -21     41    -67 0 0 0
54406 4027 11558   4879 2014 12 18    -43     30   -102 0 0 0
54406 4027 11558   4879 2014 12 19    -51      6    -93 0 0 0
54406 4027 11558   4879 2014 12 20    -76    -22   -133 0 0 0
54406 4027 11558   4879 2014 12 21    -58    -13   -104 0 0 0
54406 4027 11558   4879 2014 12 22     -9     53    -42 0 0 0
54406 4027 11558   4879 2014 12 23    -42     46   -109 0 0 0
54406 4027 11558   4879 2014 12 24    -31     10    -69 0 0 0
54406 4027 11558   4879 2014 12 25    -46     25   -103 0 0 0
54406 4027 11558   4879 2014 12 26    -55     11   -108 0 0 0
54406 4027 11558   4879 2014 12 27    -40     52   -100 0 0 0
54406 4027 11558   4879 2014 12 28    -11     42    -80 0 0 0
54406 4027 11558   4879 2014 12 29    -11     81    -89 0 0 0
54406 4027 11558   4879 2014 12 30    -19     31    -90 0 0 0
54406 4027 11558   4879 2014 12 31    -64     -2    -96 0 0 0
54406 4027 11558   4879 2015  1  1    -50      3   -109 0 0 0
54406 4027 11558   4879 2015  1  2    -29     30    -73 0 0 0
54406 4027 11558   4879 2015  1  3    -53     26   -105 0 0 0
54406 4027 11558   4879 2015  1  4    -20     66    -99 0 0 0
54406 4027 11558   4879 2015  1  5     -4     59    -38 0 0 0
54406 4027 11558   4879 2015  1  6    -37     20    -93 0 0 0
54406 4027 11558   4879 2015  1  7    -61     -1   -112 0 0 0
54406 4027 11558   4879 2015  1  8    -45     46   -126 0 0 0
54406 4027 11558   4879 2015  1  9    -17     36    -61 0 0 0
54406 4027 11558   4879 2015  1 10     -1     84    -85 0 0 0
54406 4027 11558   4879 2015  1 11     -8     50    -63 0 0 0
54406 4027 11558   4879 2015  1 12    -48      0    -82 0 0 0
54406 4027 11558   4879 2015  1 13    -48     13    -88 0 0 0
54406 4027 11558   4879 2015  1 14    -59    -30    -91 0 0 0
54406 4027 11558   4879 2015  1 15    -65    -14   -105 0 0 0
54406 4027 11558   4879 2015  1 16    -41     -6    -63 0 0 0
54406 4027 11558   4879 2015  1 17    -71    -10   -116 0 0 0
54406 4027 11558   4879 2015  1 18    -31     16    -56 0 0 0
54406 4027 11558   4879 2015  1 19    -24     50    -88 0 0 0
54406 4027 11558   4879 2015  1 20    -41     21   -108 0 0 0
54406 4027 11558   4879 2015  1 21    -33     13    -73 0 0 0
54406 4027 11558   4879 2015  1 22    -65     27   -130 0 0 0
54406 4027 11558   4879 2015  1 23    -45     59   -116 0 0 0
54406 4027 11558   4879 2015  1 24    -27     15    -64 0 0 0
54406 4027 11558   4879 2015  1 25    -26     18    -52 0 0 0
54406 4027 11558   4879 2015  1 26    -54      8    -78 0 0 0
54406 4027 11558   4879 2015  1 27    -89    -31   -142 0 0 0
54406 4027 11558   4879 2015  1 28    -67    -11   -110 0 0 0
54406 4027 11558   4879 2015  1 29    -50      7    -87 0 0 0
54406 4027 11558   4879 2015  1 30    -74    -11   -127 0 0 0
54406 4027 11558   4879 2015  1 31    -77     -4   -142 0 0 0
54406 4027 11558   4879 2015  2  1    -83     -2   -153 0 0 0
54406 4027 11558   4879 2015  2  2    -63     -1   -128 0 0 0
54406 4027 11558   4879 2015  2  3    -23     48    -85 0 0 0
54406 4027 11558   4879 2015  2  4    -30     30    -70 0 0 0
54406 4027 11558   4879 2015  2  5    -15     45    -62 0 0 0
54406 4027 11558   4879 2015  2  6     -6     64    -78 0 0 0
54406 4027 11558   4879 2015  2  7    -33     30    -75 0 0 0
54406 4027 11558   4879 2015  2  8    -76     -4   -133 0 0 0
54406 4027 11558   4879 2015  2  9    -42     75   -146 0 0 0
54406 4027 11558   4879 2015  2 10      5    110    -72 0 0 0
54406 4027 11558   4879 2015  2 11      2     70    -60 0 0 0
54406 4027 11558   4879 2015  2 12    -23     62    -93 0 0 0
54406 4027 11558   4879 2015  2 13    -17     93   -102 0 0 0
54406 4027 11558   4879 2015  2 14      4    120    -74 0 0 0
54406 4027 11558   4879 2015  2 15     21     90    -41 0 0 0
54406 4027 11558   4879 2015  2 16     22     84    -32 0 0 0
54406 4027 11558   4879 2015  2 17     13     81    -36 0 0 0
54406 4027 11558   4879 2015  2 18     -1     84    -66 0 0 0
54406 4027 11558   4879 2015  2 19    -18     21    -47 0 0 0
54406 4027 11558   4879 2015  2 20    -16     -4    -21 0 0 0
54406 4027 11558   4879 2015  2 21    -12     58    -49 0 0 0
54406 4027 11558   4879 2015  2 22    -54      0    -91 0 0 0
54406 4027 11558   4879 2015  2 23    -34     47    -95 0 0 0
54406 4027 11558   4879 2015  2 24    -18     78    -91 0 0 0
54406 4027 11558   4879 2015  2 25    -16     34    -39 0 0 0
54406 4027 11558   4879 2015  2 26    -32     29    -83 0 0 0
54406 4027 11558   4879 2015  2 27    -51    -17    -78 0 0 0
54406 4027 11558   4879 2015  2 28    -16     42    -68 0 0 0
54406 4027 11558   4879 2015  3  1     24     92    -37 0 0 0
54406 4027 11558   4879 2015  3  2     20    111    -62 0 0 0
54406 4027 11558   4879 2015  3  3    -30     38    -77 0 0 0
54406 4027 11558   4879 2015  3  4    -41     37   -107 0 0 0
54406 4027 11558   4879 2015  3  5    -27     50   -109 0 0 0
54406 4027 11558   4879 2015  3  6      3     94    -80 0 0 0
54406 4027 11558   4879 2015  3  7     19    105    -63 0 0 0
54406 4027 11558   4879 2015  3  8     22     82    -23 0 0 0
54406 4027 11558   4879 2015  3  9    -35     20    -85 0 0 0
54406 4027 11558   4879 2015  3 10    -16     69    -99 0 0 0
54406 4027 11558   4879 2015  3 11     18     84    -61 0 0 0
54406 4027 11558   4879 2015  3 12     34    114    -46 0 0 0
54406 4027 11558   4879 2015  3 13     31    110    -57 0 0 0
54406 4027 11558   4879 2015  3 14     25     86    -15 0 0 0
54406 4027 11558   4879 2015  3 15     77    149     -1 0 0 0
54406 4027 11558   4879 2015  3 16     88    182     31 0 0 0
54406 4027 11558   4879 2015  3 17     87    159     13 0 0 0
54406 4027 11558   4879 2015  3 18     72    151     33 0 0 0
54406 4027 11558   4879 2015  3 19     74    167    -14 0 0 0
54406 4027 11558   4879 2015  3 20     90    164      2 0 0 0
54406 4027 11558   4879 2015  3 21    105    158     48 0 0 0
54406 4027 11558   4879 2015  3 22     67    134     11 0 0 0
54406 4027 11558   4879 2015  3 23     68    161    -35 0 0 0
54406 4027 11558   4879 2015  3 24     65    157    -23 0 0 0
54406 4027 11558   4879 2015  3 25     77    158     -4 0 0 0
54406 4027 11558   4879 2015  3 26     95    185      4 0 0 0
54406 4027 11558   4879 2015  3 27    108    191     19 0 0 0
54406 4027 11558   4879 2015  3 28    137    192     75 0 0 0
54406 4027 11558   4879 2015  3 29    118    188     26 0 0 0
54406 4027 11558   4879 2015  3 30    139    182     96 0 0 0
54406 4027 11558   4879 2015  3 31    123    171    100 0 0 0
54406 4027 11558   4879 2015  4  1     70    109     43 0 0 0
54406 4027 11558   4879 2015  4  2     53    102     12 0 0 0
54406 4027 11558   4879 2015  4  3     92    141     35 0 0 0
54406 4027 11558   4879 2015  4  4     89    132     58 0 0 0
54406 4027 11558   4879 2015  4  5     88    130     44 0 0 0
54406 4027 11558   4879 2015  4  6     42     93      5 0 0 0
54406 4027 11558   4879 2015  4  7     49    108    -11 0 0 0
54406 4027 11558   4879 2015  4  8     57    127    -18 0 0 0
54406 4027 11558   4879 2015  4  9     88    179     17 0 0 0
54406 4027 11558   4879 2015  4 10    101    185      9 0 0 0
54406 4027 11558   4879 2015  4 11    115    173     79 0 0 0
54406 4027 11558   4879 2015  4 12     56     85     29 0 0 0
54406 4027 11558   4879 2015  4 13     84    157     18 0 0 0
54406 4027 11558   4879 2015  4 14    141    247     24 0 0 0
54406 4027 11558   4879 2015  4 15    168    282     81 0 0 0
54406 4027 11558   4879 2015  4 16    127    186     75 0 0 0
54406 4027 11558   4879 2015  4 17    140    252     37 0 0 0
54406 4027 11558   4879 2015  4 18    152    201    117 0 0 0
54406 4027 11558   4879 2015  4 19    146    200     98 0 0 0
54406 4027 11558   4879 2015  4 20    131    214     47 0 0 0
54406 4027 11558   4879 2015  4 21    144    234     43 0 0 0
54406 4027 11558   4879 2015  4 22    153    253     41 0 0 0
54406 4027 11558   4879 2015  4 23    173    271     82 0 0 0
54406 4027 11558   4879 2015  4 24    166    267     56 0 0 0
54406 4027 11558   4879 2015  4 25    190    300     72 0 0 0
54406 4027 11558   4879 2015  4 26    204    309     96 0 0 0
54406 4027 11558   4879 2015  4 27    192    259    139 0 0 0
54406 4027 11558   4879 2015  4 28    174    231    133 0 0 0
54406 4027 11558   4879 2015  4 29    189    262    117 0 0 0
54406 4027 11558   4879 2015  4 30    200    257    142 0 0 0
54406 4027 11558   4879 2015  5  1    149    224    117 0 0 0
54406 4027 11558   4879 2015  5  2    158    226     93 0 0 0
54406 4027 11558   4879 2015  5  3    154    199    114 0 0 0
54406 4027 11558   4879 2015  5  4    150    228     72 0 0 0
54406 4027 11558   4879 2015  5  5    164    243     77 0 0 0
54406 4027 11558   4879 2015  5  6    147    185     86 0 0 0
54406 4027 11558   4879 2015  5  7    154    223     79 0 0 0
54406 4027 11558   4879 2015  5  8    160    227     74 0 0 0
54406 4027 11558   4879 2015  5  9     86    181     74 0 0 0
54406 4027 11558   4879 2015  5 10     74     85     56 0 0 0
54406 4027 11558   4879 2015  5 11    116    153     67 0 0 0
54406 4027 11558   4879 2015  5 12    164    260     70 0 0 0
54406 4027 11558   4879 2015  5 13    199    313     80 0 0 0
54406 4027 11558   4879 2015  5 14    192    254    118 0 0 0
54406 4027 11558   4879 2015  5 15    180    242    134 0 0 0
54406 4027 11558   4879 2015  5 16    177    274     66 0 0 0
54406 4027 11558   4879 2015  5 17    185    244    128 0 0 0
54406 4027 11558   4879 2015  5 18    182    228    122 0 0 0
54406 4027 11558   4879 2015  5 19    177    213    132 0 0 0
54406 4027 11558   4879 2015  5 20    195    258    127 0 0 0
54406 4027 11558   4879 2015  5 21    190    282    105 0 0 0
54406 4027 11558   4879 2015  5 22    206    294    113 0 0 0
54406 4027 11558   4879 2015  5 23    220    307    128 0 0 0
54406 4027 11558   4879 2015  5 24    228    299    152 0 0 0
54406 4027 11558   4879 2015  5 25    239    312    149 0 0 0
54406 4027 11558   4879 2015  5 26    254    316    180 0 0 0
54406 4027 11558   4879 2015  5 27    236    280    173 0 0 0
54406 4027 11558   4879 2015  5 28    223    255    186 0 0 0
54406 4027 11558   4879 2015  5 29    231    296    182 0 0 0
54406 4027 11558   4879 2015  5 30    215    278    139 0 0 0
54406 4027 11558   4879 2015  5 31    239    318    157 0 0 0
54406 4027 11558   4879 2015  6  1    258    337    190 0 0 0
54406 4027 11558   4879 2015  6  2    246    294    202 0 0 0
54406 4027 11558   4879 2015  6  3    216    285    111 0 0 0
54406 4027 11558   4879 2015  6  4    172    242    140 0 0 0
54406 4027 11558   4879 2015  6  5    200    305    115 0 0 0
54406 4027 11558   4879 2015  6  6    210    275    152 0 0 0
54406 4027 11558   4879 2015  6  7    177    237    115 0 0 0
54406 4027 11558   4879 2015  6  8    184    275    102 0 0 0
54406 4027 11558   4879 2015  6  9    210    270    161 0 0 0
54406 4027 11558   4879 2015  6 10    185    217    159 0 0 0
54406 4027 11558   4879 2015  6 11    179    233    139 0 0 0
54406 4027 11558   4879 2015  6 12    190    226    156 0 0 0
54406 4027 11558   4879 2015  6 13    199    249    163 0 0 0
54406 4027 11558   4879 2015  6 14    219    292    136 0 0 0
54406 4027 11558   4879 2015  6 15    235    287    180 0 0 0
54406 4027 11558   4879 2015  6 16    222    305    178 0 0 0
54406 4027 11558   4879 2015  6 17    227    301    161 0 0 0
54406 4027 11558   4879 2015  6 18    229    293    166 0 0 0
54406 4027 11558   4879 2015  6 19    190    239    141 0 0 0
54406 4027 11558   4879 2015  6 20    223    290    146 0 0 0
54406 4027 11558   4879 2015  6 21    234    287    170 0 0 0
54406 4027 11558   4879 2015  6 22    231    280    180 0 0 0
54406 4027 11558   4879 2015  6 23    232    279    179 0 0 0
54406 4027 11558   4879 2015  6 24    216    257    200 0 0 0
54406 4027 11558   4879 2015  6 25    217    252    194 0 0 0
54406 4027 11558   4879 2015  6 26    212    271    177 0 0 0
54406 4027 11558   4879 2015  6 27    214    269    166 0 0 0
54406 4027 11558   4879 2015  6 28    249    287    219 0 0 0
54406 4027 11558   4879 2015  6 29    209    264    186 0 0 0
54406 4027 11558   4879 2015  6 30    199    259    140 0 0 0
54406 4027 11558   4879 2015  7  1    220    280    148 0 0 0
54406 4027 11558   4879 2015  7  2    218    298    133 0 0 0
54406 4027 11558   4879 2015  7  3    220    289    136 0 0 0
54406 4027 11558   4879 2015  7  4    198    242    160 0 0 0
54406 4027 11558   4879 2015  7  5    208    272    133 0 0 0
54406 4027 11558   4879 2015  7  6    220    272    171 0 0 0
54406 4027 11558   4879 2015  7  7    245    305    176 0 0 0
54406 4027 11558   4879 2015  7  8    251    301    190 0 0 0
54406 4027 11558   4879 2015  7  9    257    303    207 0 0 0
54406 4027 11558   4879 2015  7 10    253    291    203 0 0 0
54406 4027 11558   4879 2015  7 11    256    328    198 0 0 0
54406 4027 11558   4879 2015  7 12    272    361    200 0 0 0
54406 4027 11558   4879 2015  7 13    285    364    215 0 0 0
54406 4027 11558   4879 2015  7 14    252    330    202 0 0 0
54406 4027 11558   4879 2015  7 15    215    243    181 0 0 0
54406 4027 11558   4879 2015  7 16    190    217    173 0 0 0
54406 4027 11558   4879 2015  7 17    206    250    179 0 0 0
54406 4027 11558   4879 2015  7 18    209    254    188 0 0 0
54406 4027 11558   4879 2015  7 19    218    271    183 0 0 0
54406 4027 11558   4879 2015  7 20    231    272    197 0 0 0
54406 4027 11558   4879 2015  7 21    238    281    205 0 0 0
54406 4027 11558   4879 2015  7 22    217    301    191 0 0 0
54406 4027 11558   4879 2015  7 23    237    307    182 0 0 0
54406 4027 11558   4879 2015  7 24    243    306    185 0 0 0
54406 4027 11558   4879 2015  7 25    250    315    194 0 0 0
54406 4027 11558   4879 2015  7 26    266    330    209 0 0 0
54406 4027 11558   4879 2015  7 27    245    300    202 0 0 0
54406 4027 11558   4879 2015  7 28    236    291    205 0 0 0
54406 4027 11558   4879 2015  7 29    246    291    200 0 0 0
54406 4027 11558   4879 2015  7 30    229    257    199 0 0 0
54406 4027 11558   4879 2015  7 31    233    273    206 0 0 0
54406 4027 11558   4879 2015  8  1    223    242    215 0 0 0
54406 4027 11558   4879 2015  8  2    245    328    202 0 0 0
54406 4027 11558   4879 2015  8  3    209    262    184 0 0 0
54406 4027 11558   4879 2015  8  4    228    316    138 0 0 0
54406 4027 11558   4879 2015  8  5    235    291    171 0 0 0
54406 4027 11558   4879 2015  8  6    224    287    170 0 0 0
54406 4027 11558   4879 2015  8  7    229    290    175 0 0 0
54406 4027 11558   4879 2015  8  8    216    301    163 0 0 0
54406 4027 11558   4879 2015  8  9    243    323    181 0 0 0
54406 4027 11558   4879 2015  8 10    257    331    183 0 0 0
54406 4027 11558   4879 2015  8 11    258    323    196 0 0 0
54406 4027 11558   4879 2015  8 12    260    339    193 0 0 0
54406 4027 11558   4879 2015  8 13    265    330    207 0 0 0
54406 4027 11558   4879 2015  8 14    249    305    223 0 0 0
54406 4027 11558   4879 2015  8 15    238    318    157 0 0 0
54406 4027 11558   4879 2015  8 16    249    332    161 0 0 0
54406 4027 11558   4879 2015  8 17    246    301    198 0 0 0
54406 4027 11558   4879 2015  8 18    231    275    197 0 0 0
54406 4027 11558   4879 2015  8 19    218    269    187 0 0 0
54406 4027 11558   4879 2015  8 20    223    300    173 0 0 0
54406 4027 11558   4879 2015  8 21    226    282    158 0 0 0
54406 4027 11558   4879 2015  8 22    229    298    159 0 0 0
54406 4027 11558   4879 2015  8 23    197    274    168 0 0 0
54406 4027 11558   4879 2015  8 24    207    271    155 0 0 0
54406 4027 11558   4879 2015  8 25    217    282    180 0 0 0
54406 4027 11558   4879 2015  8 26    220    286    168 0 0 0
54406 4027 11558   4879 2015  8 27    216    269    165 0 0 0
54406 4027 11558   4879 2015  8 28    215    286    156 0 0 0
54406 4027 11558   4879 2015  8 29    213    278    160 0 0 0
54406 4027 11558   4879 2015  8 30    202    226    187 0 0 0
54406 4027 11558   4879 2015  8 31    186    227    163 0 0 0
54406 4027 11558   4879 2015  9  1    183    226    159 0 0 0
54406 4027 11558   4879 2015  9  2    208    282    152 0 0 0
54406 4027 11558   4879 2015  9  3    220    293    151 0 0 0
54406 4027 11558   4879 2015  9  4    191    232    173 0 0 0
54406 4027 11558   4879 2015  9  5    155    173    149 0 0 0
54406 4027 11558   4879 2015  9  6    187    255    146 0 0 0
54406 4027 11558   4879 2015  9  7    193    267    127 0 0 0
54406 4027 11558   4879 2015  9  8    196    247    141 0 0 0
54406 4027 11558   4879 2015  9  9    177    203    163 0 0 0
54406 4027 11558   4879 2015  9 10    137    163    106 0 0 0
54406 4027 11558   4879 2015  9 11    138    201    105 0 0 0
54406 4027 11558   4879 2015  9 12    165    234     97 0 0 0
54406 4027 11558   4879 2015  9 13    176    269     90 0 0 0
54406 4027 11558   4879 2015  9 14    170    242    106 0 0 0
54406 4027 11558   4879 2015  9 15    168    231    113 0 0 0
54406 4027 11558   4879 2015  9 16    170    245    113 0 0 0
54406 4027 11558   4879 2015  9 17    189    253    136 0 0 0
54406 4027 11558   4879 2015  9 18    195    277    154 0 0 0
54406 4027 11558   4879 2015  9 19    174    256     95 0 0 0
54406 4027 11558   4879 2015  9 20    178    242    122 0 0 0
54406 4027 11558   4879 2015  9 21    188    241    136 0 0 0
54406 4027 11558   4879 2015  9 22    168    200    147 0 0 0
54406 4027 11558   4879 2015  9 23    174    245    131 0 0 0
54406 4027 11558   4879 2015  9 24    167    236    129 0 0 0
54406 4027 11558   4879 2015  9 25    156    226    106 0 0 0
54406 4027 11558   4879 2015  9 26    141    244     53 0 0 0
54406 4027 11558   4879 2015  9 27    170    248    105 0 0 0
54406 4027 11558   4879 2015  9 28    150    182    142 0 0 0
54406 4027 11558   4879 2015  9 29    118    142    108 0 0 0
54406 4027 11558   4879 2015  9 30    124    171    103 0 0 0
54406 4027 11558   4879 2015 10  1    141    182    107 0 0 0
54406 4027 11558   4879 2015 10  2    158    231     71 0 0 0
54406 4027 11558   4879 2015 10  3    157    238     79 0 0 0
54406 4027 11558   4879 2015 10  4    145    239     76 0 0 0
54406 4027 11558   4879 2015 10  5    155    259     89 0 0 0
54406 4027 11558   4879 2015 10  6    159    246     95 0 0 0
54406 4027 11558   4879 2015 10  7    174    255    132 0 0 0
54406 4027 11558   4879 2015 10  8    127    172     73 0 0 0
54406 4027 11558   4879 2015 10  9    121    149     89 0 0 0
54406 4027 11558   4879 2015 10 10     87    122     55 0 0 0
54406 4027 11558   4879 2015 10 11    139    196     96 0 0 0
54406 4027 11558   4879 2015 10 12    130    216     57 0 0 0
54406 4027 11558   4879 2015 10 13    118    240     33 0 0 0
54406 4027 11558   4879 2015 10 14    125    213     72 0 0 0
54406 4027 11558   4879 2015 10 15    130    236     51 0 0 0
54406 4027 11558   4879 2015 10 16    132    239     56 0 0 0
54406 4027 11558   4879 2015 10 17    130    214     79 0 0 0
54406 4027 11558   4879 2015 10 18    124    172     83 0 0 0
54406 4027 11558   4879 2015 10 19    107    188     48 0 0 0
54406 4027 11558   4879 2015 10 20     96    117     82 0 0 0
54406 4027 11558   4879 2015 10 21     85     98     77 0 0 0
54406 4027 11558   4879 2015 10 22     72     91     53 0 0 0
54406 4027 11558   4879 2015 10 23    109    178     65 0 0 0
54406 4027 11558   4879 2015 10 24     96    168     38 0 0 0
54406 4027 11558   4879 2015 10 25     86    117     68 0 0 0
54406 4027 11558   4879 2015 10 26     84    126     52 0 0 0
54406 4027 11558   4879 2015 10 27     78    130     21 0 0 0
54406 4027 11558   4879 2015 10 28     54    117    -14 0 0 0
54406 4027 11558   4879 2015 10 29     43    100    -15 0 0 0
54406 4027 11558   4879 2015 10 30     43    137    -29 0 0 0
54406 4027 11558   4879 2015 10 31     53    145    -25 0 0 0
54406 4027 11558   4879 2015 11  1     58    159    -28 0 0 0
54406 4027 11558   4879 2015 11  2     63    175    -13 0 0 0
54406 4027 11558   4879 2015 11  3     75    149     26 0 0 0
54406 4027 11558   4879 2015 11  4     87    136     43 0 0 0
54406 4027 11558   4879 2015 11  5     60     98      6 0 0 0
54406 4027 11558   4879 2015 11  6     -1      8    -14 0 0 0
54406 4027 11558   4879 2015 11  7      7     29    -12 0 0 0
54406 4027 11558   4879 2015 11  8     17     48      3 0 0 0
54406 4027 11558   4879 2015 11  9     26    107    -27 0 0 0
54406 4027 11558   4879 2015 11 10     12     31    -14 0 0 0
54406 4027 11558   4879 2015 11 11     31     42     24 0 0 0
54406 4027 11558   4879 2015 11 12     39     51     29 0 0 0
54406 4027 11558   4879 2015 11 13     43     52     36 0 0 0
54406 4027 11558   4879 2015 11 14     53     81     44 0 0 0
54406 4027 11558   4879 2015 11 15     54    120      6 0 0 0
54406 4027 11558   4879 2015 11 16     44     76     37 0 0 0
54406 4027 11558   4879 2015 11 17     36     72      5 0 0 0
54406 4027 11558   4879 2015 11 18     11     43      1 0 0 0
54406 4027 11558   4879 2015 11 19     11     17      4 0 0 0
54406 4027 11558   4879 2015 11 20     -2     11    -15 0 0 0
54406 4027 11558   4879 2015 11 21     -4      5     -7 0 0 0
54406 4027 11558   4879 2015 11 22    -34     -6    -51 0 0 0
54406 4027 11558   4879 2015 11 23    -64    -31    -83 0 0 0
54406 4027 11558   4879 2015 11 24    -94    -79   -118 0 0 0
54406 4027 11558   4879 2015 11 25   -103    -53   -124 0 0 0
54406 4027 11558   4879 2015 11 26   -111    -55   -162 0 0 0
54406 4027 11558   4879 2015 11 27    -76    -26   -115 0 0 0
54406 4027 11558   4879 2015 11 28    -46    -16    -74 0 0 0
54406 4027 11558   4879 2015 11 29    -27     40    -48 0 0 0
54406 4027 11558   4879 2015 11 30    -47     23   -100 0 0 0
54406 4027 11558   4879 2015 12  1    -15      0    -29 0 0 0
54406 4027 11558   4879 2015 12  2    -26     -9    -36 0 0 0
54406 4027 11558   4879 2015 12  3    -47    -24    -58 0 0 0
54406 4027 11558   4879 2015 12  4    -30     14    -74 0 0 0
54406 4027 11558   4879 2015 12  5    -23     38    -70 0 0 0
54406 4027 11558   4879 2015 12  6    -40     21    -79 0 0 0
54406 4027 11558   4879 2015 12  7    -21     22    -44 0 0 0
54406 4027 11558   4879 2015 12  8    -17     -8    -43 0 0 0
54406 4027 11558   4879 2015 12  9     -8     14    -23 0 0 0
54406 4027 11558   4879 2015 12 10     -2     58    -35 0 0 0
54406 4027 11558   4879 2015 12 11    -37     34    -92 0 0 0
54406 4027 11558   4879 2015 12 12    -27     25    -61 0 0 0
54406 4027 11558   4879 2015 12 13    -28     14    -70 0 0 0
54406 4027 11558   4879 2015 12 14     -4     24    -19 0 0 0
54406 4027 11558   4879 2015 12 15    -28     -1    -48 0 0 0
54406 4027 11558   4879 2015 12 16    -60    -23    -75 0 0 0
54406 4027 11558   4879 2015 12 17    -50     13   -107 0 0 0
54406 4027 11558   4879 2015 12 18    -40     31    -96 0 0 0
54406 4027 11558   4879 2015 12 19    -63     -8   -111 0 0 0
54406 4027 11558   4879 2015 12 20    -60    -10    -81 0 0 0
54406 4027 11558   4879 2015 12 21    -62      5   -111 0 0 0
54406 4027 11558   4879 2015 12 22    -67    -10   -112 0 0 0
54406 4027 11558   4879 2015 12 23    -46     33   -105 0 0 0
54406 4027 11558   4879 2015 12 24    -27     26    -69 0 0 0
54406 4027 11558   4879 2015 12 25    -22     59    -95 0 0 0
54406 4027 11558   4879 2015 12 26     -5     48    -46 0 0 0
54406 4027 11558   4879 2015 12 27    -70    -23    -96 0 0 0
54406 4027 11558   4879 2015 12 28    -68     15   -129 0 0 0
54406 4027 11558   4879 2015 12 29    -37     20    -98 0 0 0
54406 4027 11558   4879 2015 12 30    -12     21    -31 0 0 0
54406 4027 11558   4879 2015 12 31    -56     20   -112 0 0 0
54406 4027 11558   4879 2016  1  1    -48     33   -109 0 0 0
54406 4027 11558   4879 2016  1  2    -34     63    -92 0 0 0
54406 4027 11558   4879 2016  1  3    -28     60    -90 0 0 0
54406 4027 11558   4879 2016  1  4    -53      0    -75 0 0 0
54406 4027 11558   4879 2016  1  5    -78    -20   -120 0 0 0
54406 4027 11558   4879 2016  1  6    -75     -6   -122 0 0 0
54406 4027 11558   4879 2016  1  7    -85    -33   -123 0 0 0
54406 4027 11558   4879 2016  1  8    -71    -15   -125 0 0 0
54406 4027 11558   4879 2016  1  9    -74     22   -143 0 0 0
54406 4027 11558   4879 2016  1 10    -71     -9   -131 0 0 0
54406 4027 11558   4879 2016  1 11   -107    -54   -140 0 0 0
54406 4027 11558   4879 2016  1 12   -114    -55   -159 0 0 0
54406 4027 11558   4879 2016  1 13    -66    -12   -123 0 0 0
54406 4027 11558   4879 2016  1 14    -37      6    -72 0 0 0
54406 4027 11558   4879 2016  1 15    -62     19   -130 0 0 0
54406 4027 11558   4879 2016  1 16    -48    -19    -59 0 0 0
54406 4027 11558   4879 2016  1 17   -109    -57   -145 0 0 0
54406 4027 11558   4879 2016  1 18   -137   -103   -172 0 0 0
54406 4027 11558   4879 2016  1 19   -104    -33   -170 0 0 0
54406 4027 11558   4879 2016  1 20    -94    -33   -143 0 0 0
54406 4027 11558   4879 2016  1 21    -86    -32   -118 0 0 0
54406 4027 11558   4879 2016  1 22   -146    -81   -166 0 0 0
54406 4027 11558   4879 2016  1 23   -190   -155   -215 0 0 0
54406 4027 11558   4879 2016  1 24   -144    -83   -199 0 0 0
54406 4027 11558   4879 2016  1 25    -83    -30   -121 0 0 0
54406 4027 11558   4879 2016  1 26    -68    -21   -107 0 0 0
54406 4027 11558   4879 2016  1 27    -78     -2   -150 0 0 0
54406 4027 11558   4879 2016  1 28    -72      7   -127 0 0 0
54406 4027 11558   4879 2016  1 29    -82    -42   -115 0 0 0
54406 4027 11558   4879 2016  1 30   -103    -62   -125 0 0 0
54406 4027 11558   4879 2016  1 31    -96    -27   -154 0 0 0
54406 4027 11558   4879 2016  2  1    -73     -3   -129 0 0 0
54406 4027 11558   4879 2016  2  2    -64     11   -134 0 0 0
54406 4027 11558   4879 2016  2  3    -52     37   -133 0 0 0
54406 4027 11558   4879 2016  2  4    -49     13    -90 0 0 0
54406 4027 11558   4879 2016  2  5    -54     -1    -85 0 0 0
54406 4027 11558   4879 2016  2  6    -25     36    -90 0 0 0
54406 4027 11558   4879 2016  2  7    -14     40    -81 0 0 0
54406 4027 11558   4879 2016  2  8     27     76    -17 0 0 0
54406 4027 11558   4879 2016  2  9     -3     84    -76 0 0 0
54406 4027 11558   4879 2016  2 10     10     88    -67 0 0 0
54406 4027 11558   4879 2016  2 11     26     50      2 0 0 0
54406 4027 11558   4879 2016  2 12     19     43      3 0 0 0
54406 4027 11558   4879 2016  2 13    -36      4    -77 0 0 0
54406 4027 11558   4879 2016  2 14    -93    -41   -127 0 0 0
54406 4027 11558   4879 2016  2 15    -53     -9    -98 0 0 0
54406 4027 11558   4879 2016  2 16     -8     37    -43 0 0 0
54406 4027 11558   4879 2016  2 17      1     62    -60 0 0 0
54406 4027 11558   4879 2016  2 18     16     47    -27 0 0 0
54406 4027 11558   4879 2016  2 19    -27     23    -65 0 0 0
54406 4027 11558   4879 2016  2 20    -42      2    -88 0 0 0
54406 4027 11558   4879 2016  2 21    -49     18   -124 0 0 0
54406 4027 11558   4879 2016  2 22    -31     41    -92 0 0 0
54406 4027 11558   4879 2016  2 23    -49     -2    -84 0 0 0
54406 4027 11558   4879 2016  2 24    -50     33   -126 0 0 0
54406 4027 11558   4879 2016  2 25    -27     39   -111 0 0 0
54406 4027 11558   4879 2016  2 26    -10     61    -79 0 0 0
54406 4027 11558   4879 2016  2 27    -10     42    -64 0 0 0
54406 4027 11558   4879 2016  2 28    -28     24    -52 0 0 0
54406 4027 11558   4879 2016  2 29    -34     38   -100 0 0 0
54406 4027 11558   4879 2016  3  1      5    121    -92 0 0 0
54406 4027 11558   4879 2016  3  2     51    163    -29 0 0 0
54406 4027 11558   4879 2016  3  3     63    195    -20 0 0 0
54406 4027 11558   4879 2016  3  4     56    103     10 0 0 0
54406 4027 11558   4879 2016  3  5     44     76     20 0 0 0
54406 4027 11558   4879 2016  3  6     24     96    -32 0 0 0
54406 4027 11558   4879 2016  3  7     10     62    -30 0 0 0
54406 4027 11558   4879 2016  3  8    -24     26    -61 0 0 0
54406 4027 11558   4879 2016  3  9    -29     25    -87 0 0 0
54406 4027 11558   4879 2016  3 10    -16     33    -77 0 0 0
54406 4027 11558   4879 2016  3 11     -8     53    -70 0 0 0
54406 4027 11558   4879 2016  3 12      2    101    -67 0 0 0
54406 4027 11558   4879 2016  3 13     34     97    -32 0 0 0
54406 4027 11558   4879 2016  3 14     39    142    -51 0 0 0
54406 4027 11558   4879 2016  3 15     52    115      6 0 0 0
54406 4027 11558   4879 2016  3 16     58    162    -20 0 0 0
54406 4027 11558   4879 2016  3 17     80    168     18 0 0 0
54406 4027 11558   4879 2016  3 18     88    198      3 0 0 0
54406 4027 11558   4879 2016  3 19     79    130     18 0 0 0
54406 4027 11558   4879 2016  3 20     88    186     -4 0 0 0
54406 4027 11558   4879 2016  3 21     90    192    -10 0 0 0
54406 4027 11558   4879 2016  3 22    106    131     78 0 0 0
54406 4027 11558   4879 2016  3 23     63    106     17 0 0 0
54406 4027 11558   4879 2016  3 24     47    112    -35 0 0 0
54406 4027 11558   4879 2016  3 25     51    119    -32 0 0 0
54406 4027 11558   4879 2016  3 26     84    171      7 0 0 0
54406 4027 11558   4879 2016  3 27     95    178     12 0 0 0
54406 4027 11558   4879 2016  3 28    100    218      8 0 0 0
54406 4027 11558   4879 2016  3 29    114    195     22 0 0 0
54406 4027 11558   4879 2016  3 30    118    195     20 0 0 0
54406 4027 11558   4879 2016  3 31    123    186     48 0 0 0
54406 4027 11558   4879 2016  4  1    129    174     99 0 0 0
54406 4027 11558   4879 2016  4  2    107    142     66 0 0 0
54406 4027 11558   4879 2016  4  3    101    169     45 0 0 0
54406 4027 11558   4879 2016  4  4    106    199      8 0 0 0
54406 4027 11558   4879 2016  4  5    118    196     24 0 0 0
54406 4027 11558   4879 2016  4  6    124    175     74 0 0 0
54406 4027 11558   4879 2016  4  7    132    200     51 0 0 0
54406 4027 11558   4879 2016  4  8    144    230     41 0 0 0
54406 4027 11558   4879 2016  4  9    157    258     59 0 0 0
54406 4027 11558   4879 2016  4 10    112    181     35 0 0 0
54406 4027 11558   4879 2016  4 11     84    129     39 0 0 0
54406 4027 11558   4879 2016  4 12     93    189     39 0 0 0
54406 4027 11558   4879 2016  4 13    136    218     59 0 0 0
54406 4027 11558   4879 2016  4 14    143    199     70 0 0 0
54406 4027 11558   4879 2016  4 15    137    189     75 0 0 0
54406 4027 11558   4879 2016  4 16    121    155    104 0 0 0
54406 4027 11558   4879 2016  4 17    116    159     66 0 0 0
54406 4027 11558   4879 2016  4 18    108    167     42 0 0 0
54406 4027 11558   4879 2016  4 19     97    132     56 0 0 0
54406 4027 11558   4879 2016  4 20    139    243     35 0 0 0
54406 4027 11558   4879 2016  4 21    164    270     50 0 0 0
54406 4027 11558   4879 2016  4 22    156    209    117 0 0 0
54406 4027 11558   4879 2016  4 23    135    203     61 0 0 0
54406 4027 11558   4879 2016  4 24    151    222     59 0 0 0
54406 4027 11558   4879 2016  4 25    179    241    113 0 0 0
54406 4027 11558   4879 2016  4 26    157    207    118 0 0 0
54406 4027 11558   4879 2016  4 27    157    195    128 0 0 0
54406 4027 11558   4879 2016  4 28    163    229     84 0 0 0
54406 4027 11558   4879 2016  4 29    162    232    107 0 0 0
54406 4027 11558   4879 2016  4 30    189    269     85 0 0 0
54406 4027 11558   4879 2016  5  1    204    274    148 0 0 0
54406 4027 11558   4879 2016  5  2    118    207     91 0 0 0
54406 4027 11558   4879 2016  5  3    156    222     67 0 0 0
54406 4027 11558   4879 2016  5  4    161    242     53 0 0 0
54406 4027 11558   4879 2016  5  5    191    263    137 0 0 0
54406 4027 11558   4879 2016  5  6    160    223     98 0 0 0
54406 4027 11558   4879 2016  5  7    169    237     85 0 0 0
54406 4027 11558   4879 2016  5  8    174    240     90 0 0 0
54406 4027 11558   4879 2016  5  9    144    191    130 0 0 0
54406 4027 11558   4879 2016  5 10    158    252     72 0 0 0
54406 4027 11558   4879 2016  5 11    182    210    153 0 0 0
54406 4027 11558   4879 2016  5 12    150    195    127 0 0 0
54406 4027 11558   4879 2016  5 13    136    216     34 0 0 0
54406 4027 11558   4879 2016  5 14    114    172     91 0 0 0
54406 4027 11558   4879 2016  5 15    140    213     60 0 0 0
54406 4027 11558   4879 2016  5 16    182    286     56 0 0 0
54406 4027 11558   4879 2016  5 17    204    296     89 0 0 0
54406 4027 11558   4879 2016  5 18    214    263    149 0 0 0
54406 4027 11558   4879 2016  5 19    205    259    138 0 0 0
54406 4027 11558   4879 2016  5 20    200    255    130 0 0 0
54406 4027 11558   4879 2016  5 21    201    260    124 0 0 0
54406 4027 11558   4879 2016  5 22    202    260    134 0 0 0
54406 4027 11558   4879 2016  5 23    166    223    111 0 0 0
54406 4027 11558   4879 2016  5 24    177    254     89 0 0 0
54406 4027 11558   4879 2016  5 25    166    235    113 0 0 0
54406 4027 11558   4879 2016  5 26    204    262    126 0 0 0
54406 4027 11558   4879 2016  5 27    199    276    109 0 0 0
54406 4027 11558   4879 2016  5 28    210    282    116 0 0 0
54406 4027 11558   4879 2016  5 29    216    293    157 0 0 0
54406 4027 11558   4879 2016  5 30    240    348    148 0 0 0
54406 4027 11558   4879 2016  5 31    214    266    204 0 0 0
54406 4027 11558   4879 2016  6  1    214    275    139 0 0 0
54406 4027 11558   4879 2016  6  2    224    291    137 0 0 0
54406 4027 11558   4879 2016  6  3    216    255    162 0 0 0
54406 4027 11558   4879 2016  6  4    230    285    179 0 0 0
54406 4027 11558   4879 2016  6  5    225    279    158 0 0 0
54406 4027 11558   4879 2016  6  6    218    291    153 0 0 0
54406 4027 11558   4879 2016  6  7    212    258    176 0 0 0
54406 4027 11558   4879 2016  6  8    218    294    154 0 0 0
54406 4027 11558   4879 2016  6  9    224    298    185 0 0 0
54406 4027 11558   4879 2016  6 10    217    295    167 0 0 0
54406 4027 11558   4879 2016  6 11    223    288    163 0 0 0
54406 4027 11558   4879 2016  6 12    216    278    157 0 0 0
54406 4027 11558   4879 2016  6 13    180    236    167 0 0 0
54406 4027 11558   4879 2016  6 14    159    185    153 0 0 0
54406 4027 11558   4879 2016  6 15    219    303    144 0 0 0
54406 4027 11558   4879 2016  6 16    233    301    150 0 0 0
54406 4027 11558   4879 2016  6 17    215    269    163 0 0 0
54406 4027 11558   4879 2016  6 18    233    318    146 0 0 0
54406 4027 11558   4879 2016  6 19    248    331    153 0 0 0
54406 4027 11558   4879 2016  6 20    248    305    190 0 0 0
54406 4027 11558   4879 2016  6 21    243    322    181 0 0 0
54406 4027 11558   4879 2016  6 22    249    311    190 0 0 0
54406 4027 11558   4879 2016  6 23    249    295    216 0 0 0
54406 4027 11558   4879 2016  6 24    234    302    159 0 0 0
54406 4027 11558   4879 2016  6 25    255    331    180 0 0 0
54406 4027 11558   4879 2016  6 26    255    331    170 0 0 0
54406 4027 11558   4879 2016  6 27    218    279    188 0 0 0
54406 4027 11558   4879 2016  6 28    176    202    156 0 0 0
54406 4027 11558   4879 2016  6 29    216    292    171 0 0 0
54406 4027 11558   4879 2016  6 30    234    303    183 0 0 0
54406 4027 11558   4879 2016  7  1    238    293    173 0 0 0
54406 4027 11558   4879 2016  7  2    238    320    155 0 0 0
54406 4027 11558   4879 2016  7  3    235    284    180 0 0 0
54406 4027 11558   4879 2016  7  4    244    290    201 0 0 0
54406 4027 11558   4879 2016  7  5    252    297    204 0 0 0
54406 4027 11558   4879 2016  7  6    254    311    187 0 0 0
54406 4027 11558   4879 2016  7  7    251    302    193 0 0 0
54406 4027 11558   4879 2016  7  8    258    297    216 0 0 0
54406 4027 11558   4879 2016  7  9    279    341    223 0 0 0
54406 4027 11558   4879 2016  7 10    279    330    224 0 0 0
54406 4027 11558   4879 2016  7 11    282    328    229 0 0 0
54406 4027 11558   4879 2016  7 12    236    295    208 0 0 0
54406 4027 11558   4879 2016  7 13    257    330    193 0 0 0
54406 4027 11558   4879 2016  7 14    243    281    216 0 0 0
54406 4027 11558   4879 2016  7 15    186    218    175 0 0 0
54406 4027 11558   4879 2016  7 16    193    215    176 0 0 0
54406 4027 11558   4879 2016  7 17    228    279    190 0 0 0
54406 4027 11558   4879 2016  7 18    232    271    194 0 0 0
54406 4027 11558   4879 2016  7 19    212    234    200 0 0 0
54406 4027 11558   4879 2016  7 20    200    205    197 0 0 0
54406 4027 11558   4879 2016  7 21    222    269    198 0 0 0
54406 4027 11558   4879 2016  7 22    246    293    207 0 0 0
54406 4027 11558   4879 2016  7 23    262    327    225 0 0 0
54406 4027 11558   4879 2016  7 24    264    327    221 0 0 0
54406 4027 11558   4879 2016  7 25    266    303    232 0 0 0
54406 4027 11558   4879 2016  7 26    254    322    203 0 0 0
54406 4027 11558   4879 2016  7 27    240    337    191 0 0 0
54406 4027 11558   4879 2016  7 28    239    312    178 0 0 0
54406 4027 11558   4879 2016  7 29    263    318    213 0 0 0
54406 4027 11558   4879 2016  7 30    265    295    244 0 0 0
54406 4027 11558   4879 2016  7 31    237    277    212 0 0 0
54406 4027 11558   4879 2016  8  1    265    310    231 0 0 0
54406 4027 11558   4879 2016  8  2    268    318    213 0 0 0
54406 4027 11558   4879 2016  8  3    271    333    213 0 0 0
54406 4027 11558   4879 2016  8  4    271    328    219 0 0 0
54406 4027 11558   4879 2016  8  5    268    307    240 0 0 0
54406 4027 11558   4879 2016  8  6    266    313    231 0 0 0
54406 4027 11558   4879 2016  8  7    250    303    211 0 0 0
54406 4027 11558   4879 2016  8  8    251    299    191 0 0 0
54406 4027 11558   4879 2016  8  9    249    296    191 0 0 0
54406 4027 11558   4879 2016  8 10    267    307    222 0 0 0
54406 4027 11558   4879 2016  8 11    276    331    243 0 0 0
54406 4027 11558   4879 2016  8 12    259    279    221 0 0 0
54406 4027 11558   4879 2016  8 13    232    263    210 0 0 0
54406 4027 11558   4879 2016  8 14    244    314    182 0 0 0
54406 4027 11558   4879 2016  8 15    223    260    191 0 0 0
54406 4027 11558   4879 2016  8 16    226    293    162 0 0 0
54406 4027 11558   4879 2016  8 17    224    250    206 0 0 0
54406 4027 11558   4879 2016  8 18    208    224    202 0 0 0
54406 4027 11558   4879 2016  8 19    241    307    204 0 0 0
54406 4027 11558   4879 2016  8 20    245    300    190 0 0 0
54406 4027 11558   4879 2016  8 21    254    322    195 0 0 0
54406 4027 11558   4879 2016  8 22    248    285    220 0 0 0
54406 4027 11558   4879 2016  8 23    230    247    218 0 0 0
54406 4027 11558   4879 2016  8 24    245    314    195 0 0 0
54406 4027 11558   4879 2016  8 25    231    266    207 0 0 0
54406 4027 11558   4879 2016  8 26    192    263    120 0 0 0
54406 4027 11558   4879 2016  8 27    201    283    117 0 0 0
54406 4027 11558   4879 2016  8 28    209    288    135 0 0 0
54406 4027 11558   4879 2016  8 29    199    278    118 0 0 0
54406 4027 11558   4879 2016  8 30    207    281    145 0 0 0
54406 4027 11558   4879 2016  8 31    218    299    129 0 0 0
54406 4027 11558   4879 2016  9  1    215    244    193 0 0 0
54406 4027 11558   4879 2016  9  2    203    237    170 0 0 0
54406 4027 11558   4879 2016  9  3    216    285    151 0 0 0
54406 4027 11558   4879 2016  9  4    210    258    175 0 0 0
54406 4027 11558   4879 2016  9  5    200    280    142 0 0 0
54406 4027 11558   4879 2016  9  6    204    266    139 0 0 0
54406 4027 11558   4879 2016  9  7    209    287    166 0 0 0
54406 4027 11558   4879 2016  9  8    192    278    121 0 0 0
54406 4027 11558   4879 2016  9  9    191    276    115 0 0 0
54406 4027 11558   4879 2016  9 10    187    269    114 0 0 0
54406 4027 11558   4879 2016  9 11    180    215    154 0 0 0
54406 4027 11558   4879 2016  9 12    191    254    155 0 0 0
54406 4027 11558   4879 2016  9 13    196    261    156 0 0 0
54406 4027 11558   4879 2016  9 14    201    277    156 0 0 0
54406 4027 11558   4879 2016  9 15    202    285    139 0 0 0
54406 4027 11558   4879 2016  9 16    208    291    166 0 0 0
54406 4027 11558   4879 2016  9 17    181    196    158 0 0 0
54406 4027 11558   4879 2016  9 18    168    225    145 0 0 0
54406 4027 11558   4879 2016  9 19    151    219     82 0 0 0
54406 4027 11558   4879 2016  9 20    152    232     80 0 0 0
54406 4027 11558   4879 2016  9 21    153    202    124 0 0 0
54406 4027 11558   4879 2016  9 22    154    207    110 0 0 0
54406 4027 11558   4879 2016  9 23    174    246    129 0 0 0
54406 4027 11558   4879 2016  9 24    181    257    136 0 0 0
54406 4027 11558   4879 2016  9 25    177    216    124 0 0 0
54406 4027 11558   4879 2016  9 26    180    225    150 0 0 0
54406 4027 11558   4879 2016  9 27    147    179    107 0 0 0
54406 4027 11558   4879 2016  9 28    114    188     53 0 0 0
54406 4027 11558   4879 2016  9 29    117    187     41 0 0 0
54406 4027 11558   4879 2016  9 30    145    228     73 0 0 0
54406 4027 11558   4879 2016 10  1    170    240    115 0 0 0
54406 4027 11558   4879 2016 10  2    161    231    115 0 0 0
54406 4027 11558   4879 2016 10  3    180    260    136 0 0 0
54406 4027 11558   4879 2016 10  4    132    186    113 0 0 0
54406 4027 11558   4879 2016 10  5    137    225     73 0 0 0
54406 4027 11558   4879 2016 10  6    117    145     77 0 0 0
54406 4027 11558   4879 2016 10  7    110    128     96 0 0 0
54406 4027 11558   4879 2016 10  8     93    148     42 0 0 0
54406 4027 11558   4879 2016 10  9     72    158     17 0 0 0
54406 4027 11558   4879 2016 10 10     92    196     21 0 0 0
54406 4027 11558   4879 2016 10 11    103    197     38 0 0 0
54406 4027 11558   4879 2016 10 12    110    165     78 0 0 0
54406 4027 11558   4879 2016 10 13    128    205     95 0 0 0
54406 4027 11558   4879 2016 10 14    138    221     78 0 0 0
54406 4027 11558   4879 2016 10 15    126    162     89 0 0 0
54406 4027 11558   4879 2016 10 16    137    199    113 0 0 0
54406 4027 11558   4879 2016 10 17    115    205     41 0 0 0
54406 4027 11558   4879 2016 10 18    123    189     70 0 0 0
54406 4027 11558   4879 2016 10 19    152    212    117 0 0 0
54406 4027 11558   4879 2016 10 20    111    150     75 0 0 0
54406 4027 11558   4879 2016 10 21     80     95     70 0 0 0
54406 4027 11558   4879 2016 10 22     91    119     77 0 0 0
54406 4027 11558   4879 2016 10 23     77    108     62 0 0 0
54406 4027 11558   4879 2016 10 24     61    121     18 0 0 0
54406 4027 11558   4879 2016 10 25     88    181     26 0 0 0
54406 4027 11558   4879 2016 10 26     96    147     70 0 0 0
54406 4027 11558   4879 2016 10 27     65     85     49 0 0 0
54406 4027 11558   4879 2016 10 28     47     96     15 0 0 0
54406 4027 11558   4879 2016 10 29     31    102    -36 0 0 0
54406 4027 11558   4879 2016 10 30     22     67     -6 0 0 0
54406 4027 11558   4879 2016 10 31    -11     39    -56 0 0 0
54406 4027 11558   4879 2016 11  1    -18     53    -74 0 0 0
54406 4027 11558   4879 2016 11  2     27    115    -54 0 0 0
54406 4027 11558   4879 2016 11  3     53    179    -33 0 0 0
54406 4027 11558   4879 2016 11  4     71    210     -9 0 0 0
54406 4027 11558   4879 2016 11  5     78    191     14 0 0 0
54406 4027 11558   4879 2016 11  6     51     86     42 0 0 0
54406 4027 11558   4879 2016 11  7     39     91     14 0 0 0
54406 4027 11558   4879 2016 11  8     22    105    -38 0 0 0
54406 4027 11558   4879 2016 11  9      4     61    -38 0 0 0
54406 4027 11558   4879 2016 11 10     42     89      5 0 0 0
54406 4027 11558   4879 2016 11 11     25     91    -22 0 0 0
54406 4027 11558   4879 2016 11 12     27    106    -36 0 0 0
54406 4027 11558   4879 2016 11 13     48     89     18 0 0 0
54406 4027 11558   4879 2016 11 14     42     97    -11 0 0 0
54406 4027 11558   4879 2016 11 15      7     68    -41 0 0 0
54406 4027 11558   4879 2016 11 16     13     90    -39 0 0 0
54406 4027 11558   4879 2016 11 17     25     68    -16 0 0 0
54406 4027 11558   4879 2016 11 18     37     54     18 0 0 0
54406 4027 11558   4879 2016 11 19     60    130      2 0 0 0
54406 4027 11558   4879 2016 11 20      9     71    -12 0 0 0
54406 4027 11558   4879 2016 11 21    -52    -12    -77 0 0 0
54406 4027 11558   4879 2016 11 22    -86    -46   -119 0 0 0
54406 4027 11558   4879 2016 11 23    -67     -6   -117 0 0 0
54406 4027 11558   4879 2016 11 24    -48     32   -114 0 0 0
54406 4027 11558   4879 2016 11 25    -47     18   -101 0 0 0
54406 4027 11558   4879 2016 11 26    -11     55    -61 0 0 0
54406 4027 11558   4879 2016 11 27      8     39    -28 0 0 0
54406 4027 11558   4879 2016 11 28    -27     62    -87 0 0 0
54406 4027 11558   4879 2016 11 29    -31     26    -77 0 0 0
54406 4027 11558   4879 2016 11 30      8     71    -36 0 0 0
54406 4027 11558   4879 2016 12  1     14     67    -23 0 0 0
54406 4027 11558   4879 2016 12  2    -23     79    -79 0 0 0
54406 4027 11558   4879 2016 12  3    -16     72    -70 0 0 0
54406 4027 11558   4879 2016 12  4     -7     41    -41 0 0 0
54406 4027 11558   4879 2016 12  5    -10     23    -25 0 0 0
54406 4027 11558   4879 2016 12  6     -7     93    -92 0 0 0
54406 4027 11558   4879 2016 12  7     29     74     -7 0 0 0
54406 4027 11558   4879 2016 12  8     11     37    -28 0 0 0
54406 4027 11558   4879 2016 12  9    -41     15    -78 0 0 0
54406 4027 11558   4879 2016 12 10    -60     18   -120 0 0 0
54406 4027 11558   4879 2016 12 11    -42      4    -81 0 0 0
54406 4027 11558   4879 2016 12 12     -9     51    -53 0 0 0
54406 4027 11558   4879 2016 12 13    -19      9    -35 0 0 0
54406 4027 11558   4879 2016 12 14    -57      8   -112 0 0 0
54406 4027 11558   4879 2016 12 15    -43     14    -96 0 0 0
54406 4027 11558   4879 2016 12 16    -23     75   -104 0 0 0
54406 4027 11558   4879 2016 12 17    -32     57    -86 0 0 0
54406 4027 11558   4879 2016 12 18    -41     50    -91 0 0 0
54406 4027 11558   4879 2016 12 19    -34     62    -97 0 0 0
54406 4027 11558   4879 2016 12 20    -30     33    -80 0 0 0
54406 4027 11558   4879 2016 12 21     -2     36    -44 0 0 0
54406 4027 11558   4879 2016 12 22    -16     18    -39 0 0 0
54406 4027 11558   4879 2016 12 23    -56     16   -107 0 0 0
54406 4027 11558   4879 2016 12 24    -52      0    -98 0 0 0
54406 4027 11558   4879 2016 12 25    -55     -9    -95 0 0 0
54406 4027 11558   4879 2016 12 26    -26      1    -49 0 0 0
54406 4027 11558   4879 2016 12 27    -66    -16   -110 0 0 0
54406 4027 11558   4879 2016 12 28    -86    -16   -133 0 0 0
54406 4027 11558   4879 2016 12 29    -72     -1   -134 0 0 0
54406 4027 11558   4879 2016 12 30    -87    -20   -141 0 0 0
54406 4027 11558   4879 2016 12 31    -52     39   -115 0 0 0
54406 4027 11558   4879 2017  1  1    -45     60   -102 0 0 0
54406 4027 11558   4879 2017  1  2    -14     75    -88 0 0 0
54406 4027 11558   4879 2017  1  3    -17    111    -89 0 0 0
54406 4027 11558   4879 2017  1  4    -16     68    -94 0 0 0
54406 4027 11558   4879 2017  1  5    -25     24    -60 0 0 0
54406 4027 11558   4879 2017  1  6    -27      5    -63 0 0 0
54406 4027 11558   4879 2017  1  7    -15     -3    -26 0 0 0
54406 4027 11558   4879 2017  1  8    -31     23    -83 0 0 0
54406 4027 11558   4879 2017  1  9    -41      7    -82 0 0 0
54406 4027 11558   4879 2017  1 10    -52     -1   -102 0 0 0
54406 4027 11558   4879 2017  1 11    -44     32   -120 0 0 0
54406 4027 11558   4879 2017  1 12    -17     31    -90 0 0 0
54406 4027 11558   4879 2017  1 13    -56      0    -87 0 0 0
54406 4027 11558   4879 2017  1 14    -77     -5   -132 0 0 0
54406 4027 11558   4879 2017  1 15    -71    -44    -93 0 0 0
54406 4027 11558   4879 2017  1 16    -60    -46    -83 0 0 0
54406 4027 11558   4879 2017  1 17    -45      4    -67 0 0 0
54406 4027 11558   4879 2017  1 18    -75     -9   -145 0 0 0
54406 4027 11558   4879 2017  1 19    -75    -45   -115 0 0 0
54406 4027 11558   4879 2017  1 20    -94    -31   -144 0 0 0
54406 4027 11558   4879 2017  1 21    -92    -36   -142 0 0 0
54406 4027 11558   4879 2017  1 22    -79     -2   -139 0 0 0
54406 4027 11558   4879 2017  1 23    -97     -5   -156 0 0 0
54406 4027 11558   4879 2017  1 24    -80      8   -155 0 0 0
54406 4027 11558   4879 2017  1 25    -57     19   -126 0 0 0
54406 4027 11558   4879 2017  1 26    -24     62    -70 0 0 0
54406 4027 11558   4879 2017  1 27    -47     40   -113 0 0 0
54406 4027 11558   4879 2017  1 28    -29     27    -56 0 0 0
54406 4027 11558   4879 2017  1 29    -63    -34    -83 0 0 0
54406 4027 11558   4879 2017  1 30   -101    -28   -145 0 0 0
54406 4027 11558   4879 2017  1 31    -52     37   -128 0 0 0
54406 4027 11558   4879 2017  2  1    -68     10   -132 0 0 0
54406 4027 11558   4879 2017  2  2    -80     34   -158 0 0 0
54406 4027 11558   4879 2017  2  3    -40     62   -115 0 0 0
54406 4027 11558   4879 2017  2  4      3     76    -65 0 0 0
54406 4027 11558   4879 2017  2  5    -20     52    -81 0 0 0
54406 4027 11558   4879 2017  2  6    -18     41    -72 0 0 0
54406 4027 11558   4879 2017  2  7    -39    -12    -58 0 0 0
54406 4027 11558   4879 2017  2  8    -49     -2    -70 0 0 0
54406 4027 11558   4879 2017  2  9    -65    -10    -96 0 0 0
54406 4027 11558   4879 2017  2 10    -45     23    -92 0 0 0
54406 4027 11558   4879 2017  2 11    -29     70   -112 0 0 0
54406 4027 11558   4879 2017  2 12    -21     93   -106 0 0 0
54406 4027 11558   4879 2017  2 13     -9     98    -91 0 0 0
54406 4027 11558   4879 2017  2 14    -20     69    -90 0 0 0
54406 4027 11558   4879 2017  2 15    -13     84    -89 0 0 0
54406 4027 11558   4879 2017  2 16      1     66    -37 0 0 0
54406 4027 11558   4879 2017  2 17    -33     30    -88 0 0 0
54406 4027 11558   4879 2017  2 18    -12     92   -100 0 0 0
54406 4027 11558   4879 2017  2 19     19    119    -22 0 0 0
54406 4027 11558   4879 2017  2 20    -44     10    -73 0 0 0
54406 4027 11558   4879 2017  2 21    -53    -15    -77 0 0 0
54406 4027 11558   4879 2017  2 22    -26     47    -88 0 0 0
54406 4027 11558   4879 2017  2 23    -25     42   -120 0 0 0
54406 4027 11558   4879 2017  2 24     -4     83    -69 0 0 0
54406 4027 11558   4879 2017  2 25     24     98    -29 0 0 0
54406 4027 11558   4879 2017  2 26     16    108    -66 0 0 0
54406 4027 11558   4879 2017  2 27     29    130    -61 0 0 0
54406 4027 11558   4879 2017  2 28     36    126    -48 0 0 0
54406 4027 11558   4879 2017  3  1     14     52    -14 0 0 0
54406 4027 11558   4879 2017  3  2     22    130    -70 0 0 0
54406 4027 11558   4879 2017  3  3     42    150    -34 0 0 0
54406 4027 11558   4879 2017  3  4     43    127    -27 0 0 0
54406 4027 11558   4879 2017  3  5     21     77    -13 0 0 0
54406 4027 11558   4879 2017  3  6      5     65    -45 0 0 0
54406 4027 11558   4879 2017  3  7    -14     47    -65 0 0 0
54406 4027 11558   4879 2017  3  8     33    108     -9 0 0 0
54406 4027 11558   4879 2017  3  9     63    139     16 0 0 0
54406 4027 11558   4879 2017  3 10     54    158    -41 0 0 0
54406 4027 11558   4879 2017  3 11     73    164     12 0 0 0
54406 4027 11558   4879 2017  3 12     45     96      1 0 0 0
54406 4027 11558   4879 2017  3 13     41    119    -31 0 0 0
54406 4027 11558   4879 2017  3 14     54    137    -24 0 0 0
54406 4027 11558   4879 2017  3 15     55    134    -23 0 0 0
54406 4027 11558   4879 2017  3 16     51    136    -21 0 0 0
54406 4027 11558   4879 2017  3 17     68    150     24 0 0 0
54406 4027 11558   4879 2017  3 18     74    169    -15 0 0 0
54406 4027 11558   4879 2017  3 19     83    149     23 0 0 0
54406 4027 11558   4879 2017  3 20     62    102     47 0 0 0
54406 4027 11558   4879 2017  3 21     50    123    -21 0 0 0
54406 4027 11558   4879 2017  3 22     56    107     -5 0 0 0
54406 4027 11558   4879 2017  3 23     38     79     26 0 0 0
54406 4027 11558   4879 2017  3 24      7     29      0 0 0 0
54406 4027 11558   4879 2017  3 25     44    115    -10 0 0 0
54406 4027 11558   4879 2017  3 26     45    101      3 0 0 0
54406 4027 11558   4879 2017  3 27     53    120     -9 0 0 0
54406 4027 11558   4879 2017  3 28     76    163      7 0 0 0
54406 4027 11558   4879 2017  3 29     92    190      9 0 0 0
54406 4027 11558   4879 2017  3 30     80    143     26 0 0 0
54406 4027 11558   4879 2017  3 31     84    152      8 0 0 0
54406 4027 11558   4879 2017  4  1    111    212      4 0 0 0
54406 4027 11558   4879 2017  4  2    121    227     18 0 0 0
54406 4027 11558   4879 2017  4  3    129    213     32 0 0 0
54406 4027 11558   4879 2017  4  4    140    184    108 0 0 0
54406 4027 11558   4879 2017  4  5    129    197     60 0 0 0
54406 4027 11558   4879 2017  4  6    150    245     80 0 0 0
54406 4027 11558   4879 2017  4  7    128    170    102 0 0 0
54406 4027 11558   4879 2017  4  8    132    180    106 0 0 0
54406 4027 11558   4879 2017  4  9    106    164     25 0 0 0
54406 4027 11558   4879 2017  4 10    121    200     63 0 0 0
54406 4027 11558   4879 2017  4 11    124    178     80 0 0 0
54406 4027 11558   4879 2017  4 12    126    217     18 0 0 0
54406 4027 11558   4879 2017  4 13    122    199     36 0 0 0
54406 4027 11558   4879 2017  4 14    155    246     57 0 0 0
54406 4027 11558   4879 2017  4 15    163    274     52 0 0 0
54406 4027 11558   4879 2017  4 16    162    244     89 0 0 0
54406 4027 11558   4879 2017  4 17    167    231     89 0 0 0
54406 4027 11558   4879 2017  4 18    139    194     92 0 0 0
54406 4027 11558   4879 2017  4 19    129    183     93 0 0 0
54406 4027 11558   4879 2017  4 20    128    187     48 0 0 0
54406 4027 11558   4879 2017  4 21    125    188     64 0 0 0
54406 4027 11558   4879 2017  4 22    139    239     23 0 0 0
54406 4027 11558   4879 2017  4 23    154    211     79 0 0 0
54406 4027 11558   4879 2017  4 24    138    186     76 0 0 0
54406 4027 11558   4879 2017  4 25    120    178     49 0 0 0
54406 4027 11558   4879 2017  4 26    129    199     39 0 0 0
54406 4027 11558   4879 2017  4 27    159    251     50 0 0 0
54406 4027 11558   4879 2017  4 28    199    286     96 0 0 0
54406 4027 11558   4879 2017  4 29    228    317    105 0 0 0
54406 4027 11558   4879 2017  4 30    194    269    116 0 0 0
54406 4027 11558   4879 2017  5  1    184    242    100 0 0 0
54406 4027 11558   4879 2017  5  2    187    255     97 0 0 0
54406 4027 11558   4879 2017  5  3    176    217    143 0 0 0
54406 4027 11558   4879 2017  5  4    156    210     99 0 0 0
54406 4027 11558   4879 2017  5  5    133    176    112 0 0 0
54406 4027 11558   4879 2017  5  6    190    255    134 0 0 0
54406 4027 11558   4879 2017  5  7    188    286     82 0 0 0
54406 4027 11558   4879 2017  5  8    184    281     92 0 0 0
54406 4027 11558   4879 2017  5  9    185    237     95 0 0 0
54406 4027 11558   4879 2017  5 10    201    282    122 0 0 0
54406 4027 11558   4879 2017  5 11    173    247     80 0 0 0
54406 4027 11558   4879 2017  5 12    176    258     64 0 0 0
54406 4027 11558   4879 2017  5 13    173    250    112 0 0 0
54406 4027 11558   4879 2017  5 14    203    256    127 0 0 0
54406 4027 11558   4879 2017  5 15    189    265    106 0 0 0
54406 4027 11558   4879 2017  5 16    217    303    126 0 0 0
54406 4027 11558   4879 2017  5 17    233    320    142 0 0 0
54406 4027 11558   4879 2017  5 18    250    330    161 0 0 0
54406 4027 11558   4879 2017  5 19    257    327    182 0 0 0
54406 4027 11558   4879 2017  5 20    257    318    173 0 0 0
54406 4027 11558   4879 2017  5 21    228    279    188 0 0 0
54406 4027 11558   4879 2017  5 22    162    226    144 0 0 0
54406 4027 11558   4879 2017  5 23    182    276     98 0 0 0
54406 4027 11558   4879 2017  5 24    214    305    103 0 0 0
54406 4027 11558   4879 2017  5 25    222    301    130 0 0 0
54406 4027 11558   4879 2017  5 26    216    295    122 0 0 0
54406 4027 11558   4879 2017  5 27    231    309    155 0 0 0
54406 4027 11558   4879 2017  5 28    238    347    171 0 0 0
54406 4027 11558   4879 2017  5 29    208    240    181 0 0 0
54406 4027 11558   4879 2017  5 30    200    271    149 0 0 0
54406 4027 11558   4879 2017  5 31    237    338    144 0 0 0
54406 4027 11558   4879 2017  6  1    232    299    150 0 0 0
54406 4027 11558   4879 2017  6  2    182    243    152 0 0 0
54406 4027 11558   4879 2017  6  3    185    261     96 0 0 0
54406 4027 11558   4879 2017  6  4    214    303    116 0 0 0
54406 4027 11558   4879 2017  6  5    217    261    160 0 0 0
54406 4027 11558   4879 2017  6  6    141    228    130 0 0 0
54406 4027 11558   4879 2017  6  7    199    282    134 0 0 0
54406 4027 11558   4879 2017  6  8    208    313    109 0 0 0
54406 4027 11558   4879 2017  6  9    245    359    123 0 0 0
54406 4027 11558   4879 2017  6 10    222    291    167 0 0 0
54406 4027 11558   4879 2017  6 11    212    256    142 0 0 0
54406 4027 11558   4879 2017  6 12    207    248    157 0 0 0
54406 4027 11558   4879 2017  6 13    186    247    143 0 0 0
54406 4027 11558   4879 2017  6 14    228    341    114 0 0 0
54406 4027 11558   4879 2017  6 15    268    362    149 0 0 0
54406 4027 11558   4879 2017  6 16    265    351    156 0 0 0
54406 4027 11558   4879 2017  6 17    260    313    191 0 0 0
54406 4027 11558   4879 2017  6 18    244    319    184 0 0 0
54406 4027 11558   4879 2017  6 19    241    323    156 0 0 0
54406 4027 11558   4879 2017  6 20    252    327    174 0 0 0
54406 4027 11558   4879 2017  6 21    244    287    203 0 0 0
54406 4027 11558   4879 2017  6 22    187    242    175 0 0 0
54406 4027 11558   4879 2017  6 23    173    196    163 0 0 0
54406 4027 11558   4879 2017  6 24    200    257    164 0 0 0
54406 4027 11558   4879 2017  6 25    213    304    143 0 0 0
54406 4027 11558   4879 2017  6 26    234    322    149 0 0 0
54406 4027 11558   4879 2017  6 27    239    302    188 0 0 0
54406 4027 11558   4879 2017  6 28    239    295    171 0 0 0
54406 4027 11558   4879 2017  6 29    254    311    199 0 0 0
54406 4027 11558   4879 2017  6 30    267    322    203 0 0 0
