54511 3948 11628    313 2013 12  1     28    114    -35 0 0 0
54511 3948 11628    313 2013 12  2     29    115    -35 0 0 0
54511 3948 11628    313 2013 12  3     50    147    -10 0 0 0
54511 3948 11628    313 2013 12  4     47    134    -16 0 0 0
54511 3948 11628    313 2013 12  5     64    109     34 0 0 0
54511 3948 11628    313 2013 12  6     31     99    -17 0 0 0
54511 3948 11628    313 2013 12  7     15     62    -20 0 0 0
54511 3948 11628    313 2013 12  8     46    102     11 0 0 0
54511 3948 11628    313 2013 12  9     31     65     10 0 0 0
54511 3948 11628    313 2013 12 10      8     70    -45 0 0 0
54511 3948 11628    313 2013 12 11     11     63    -21 0 0 0
54511 3948 11628    313 2013 12 12    -16     27    -42 0 0 0
54511 3948 11628    313 2013 12 13    -31     25    -78 0 0 0
54511 3948 11628    313 2013 12 14    -10     53    -57 0 0 0
54511 3948 11628    313 2013 12 15    -14     54    -60 0 0 0
54511 3948 11628    313 2013 12 16    -12     27    -50 0 0 0
54511 3948 11628    313 2013 12 17     -6     17    -32 0 0 0
54511 3948 11628    313 2013 12 18    -44     -3    -83 0 0 0
54511 3948 11628    313 2013 12 19    -45     15    -88 0 0 0
54511 3948 11628    313 2013 12 20    -28     28    -82 0 0 0
54511 3948 11628    313 2013 12 21    -24     26    -79 0 0 0
54511 3948 11628    313 2013 12 22    -33     20    -79 0 0 0
54511 3948 11628    313 2013 12 23    -27     53    -85 0 0 0
54511 3948 11628    313 2013 12 24    -27     23    -80 0 0 0
54511 3948 11628    313 2013 12 25    -16     52    -65 0 0 0
54511 3948 11628    313 2013 12 26    -19     15    -48 0 0 0
54511 3948 11628    313 2013 12 27    -16     18    -53 0 0 0
54511 3948 11628    313 2013 12 28    -11     28    -38 0 0 0
54511 3948 11628    313 2013 12 29    -18     66    -78 0 0 0
54511 3948 11628    313 2013 12 30     40     83    -42 0 0 0
54511 3948 11628    313 2013 12 31     41    100    -39 0 0 0
54511 3948 11628    313 2014  1  1     30    128    -34 0 0 0
54511 3948 11628    313 2014  1  2     10     74    -25 0 0 0
54511 3948 11628    313 2014  1  3     44     85    -10 0 0 0
54511 3948 11628    313 2014  1  4    -13     33    -45 0 0 0
54511 3948 11628    313 2014  1  5     12     64    -59 0 0 0
54511 3948 11628    313 2014  1  6     -8     14    -29 0 0 0
54511 3948 11628    313 2014  1  7     13     49    -28 0 0 0
54511 3948 11628    313 2014  1  8    -14     35    -39 0 0 0
54511 3948 11628    313 2014  1  9    -27      9    -51 0 0 0
54511 3948 11628    313 2014  1 10    -43     31   -104 0 0 0
54511 3948 11628    313 2014  1 11    -31     43    -91 0 0 0
54511 3948 11628    313 2014  1 12    -10     39    -47 0 0 0
54511 3948 11628    313 2014  1 13    -31     32    -86 0 0 0
54511 3948 11628    313 2014  1 14    -30     23    -72 0 0 0
54511 3948 11628    313 2014  1 15    -30     52    -91 0 0 0
54511 3948 11628    313 2014  1 16     -5     46    -40 0 0 0
54511 3948 11628    313 2014  1 17     -2     44    -27 0 0 0
54511 3948 11628    313 2014  1 18    -15     55    -75 0 0 0
54511 3948 11628    313 2014  1 19      2     44    -39 0 0 0
54511 3948 11628    313 2014  1 20      2     37    -20 0 0 0
54511 3948 11628    313 2014  1 21    -13     35    -58 0 0 0
54511 3948 11628    313 2014  1 22    -21     62    -79 0 0 0
54511 3948 11628    313 2014  1 23    -26     26    -67 0 0 0
54511 3948 11628    313 2014  1 24     28     97    -34 0 0 0
54511 3948 11628    313 2014  1 25     26     78    -36 0 0 0
54511 3948 11628    313 2014  1 26    -19     35    -45 0 0 0
54511 3948 11628    313 2014  1 27     12    123    -51 0 0 0
54511 3948 11628    313 2014  1 28      0     70    -49 0 0 0
54511 3948 11628    313 2014  1 29    -21     28    -58 0 0 0
54511 3948 11628    313 2014  1 30     11     92    -55 0 0 0
54511 3948 11628    313 2014  1 31     -6     25    -36 0 0 0
54511 3948 11628    313 2014  2  1     20     37     11 0 0 0
54511 3948 11628    313 2014  2  2     37     92      0 0 0 0
54511 3948 11628    313 2014  2  3     -6     29    -32 0 0 0
54511 3948 11628    313 2014  2  4    -25      7    -63 0 0 0
54511 3948 11628    313 2014  2  5    -26     11    -73 0 0 0
54511 3948 11628    313 2014  2  6    -23     18    -66 0 0 0
54511 3948 11628    313 2014  2  7    -32      2    -44 0 0 0
54511 3948 11628    313 2014  2  8    -26     16    -54 0 0 0
54511 3948 11628    313 2014  2  9    -57    -13    -82 0 0 0
54511 3948 11628    313 2014  2 10    -52    -11    -88 0 0 0
54511 3948 11628    313 2014  2 11    -54      7   -112 0 0 0
54511 3948 11628    313 2014  2 12    -31     35    -92 0 0 0
54511 3948 11628    313 2014  2 13    -22      6    -50 0 0 0
54511 3948 11628    313 2014  2 14    -23     32    -61 0 0 0
54511 3948 11628    313 2014  2 15    -19     33    -48 0 0 0
54511 3948 11628    313 2014  2 16      5     61    -42 0 0 0
54511 3948 11628    313 2014  2 17     15     48    -17 0 0 0
54511 3948 11628    313 2014  2 18     -8     23    -39 0 0 0
54511 3948 11628    313 2014  2 19     -1     61    -51 0 0 0
54511 3948 11628    313 2014  2 20    -18     13    -39 0 0 0
54511 3948 11628    313 2014  2 21     -5     39    -44 0 0 0
54511 3948 11628    313 2014  2 22     27     58    -11 0 0 0
54511 3948 11628    313 2014  2 23     13     38      4 0 0 0
54511 3948 11628    313 2014  2 24     35     67     20 0 0 0
54511 3948 11628    313 2014  2 25     34     86    -11 0 0 0
54511 3948 11628    313 2014  2 26     54     95      7 0 0 0
54511 3948 11628    313 2014  2 27     48     83     27 0 0 0
54511 3948 11628    313 2014  2 28     22     68    -26 0 0 0
54511 3948 11628    313 2014  3  1     54    117    -15 0 0 0
54511 3948 11628    313 2014  3  2     32    103    -20 0 0 0
54511 3948 11628    313 2014  3  3     23     62     -5 0 0 0
54511 3948 11628    313 2014  3  4     57     90     23 0 0 0
54511 3948 11628    313 2014  3  5     36     81    -27 0 0 0
54511 3948 11628    313 2014  3  6     33     78     -4 0 0 0
54511 3948 11628    313 2014  3  7     27     86    -27 0 0 0
54511 3948 11628    313 2014  3  8     41    103     -4 0 0 0
54511 3948 11628    313 2014  3  9     42    100    -17 0 0 0
54511 3948 11628    313 2014  3 10     30     92    -22 0 0 0
54511 3948 11628    313 2014  3 11     72    134     10 0 0 0
54511 3948 11628    313 2014  3 12     77    117     59 0 0 0
54511 3948 11628    313 2014  3 13     72    130    -27 0 0 0
54511 3948 11628    313 2014  3 14    117    167     62 0 0 0
54511 3948 11628    313 2014  3 15    127    218     25 0 0 0
54511 3948 11628    313 2014  3 16    117    171     73 0 0 0
54511 3948 11628    313 2014  3 17    127    207     54 0 0 0
54511 3948 11628    313 2014  3 18    123    167     81 0 0 0
54511 3948 11628    313 2014  3 19     88    124     54 0 0 0
54511 3948 11628    313 2014  3 20    123    184     68 0 0 0
54511 3948 11628    313 2014  3 21    151    220     39 0 0 0
54511 3948 11628    313 2014  3 22    156    229     46 0 0 0
54511 3948 11628    313 2014  3 23    133    196     60 0 0 0
54511 3948 11628    313 2014  3 24    135    212     65 0 0 0
54511 3948 11628    313 2014  3 25    155    230     85 0 0 0
54511 3948 11628    313 2014  3 26    166    237     96 0 0 0
54511 3948 11628    313 2014  3 27    139    180    111 0 0 0
54511 3948 11628    313 2014  3 28    163    223    123 0 0 0
54511 3948 11628    313 2014  3 29    174    223    122 0 0 0
54511 3948 11628    313 2014  3 30    184    259     82 0 0 0
54511 3948 11628    313 2014  3 31    172    230    132 0 0 0
54511 3948 11628    313 2014  4  1    163    242     84 0 0 0
54511 3948 11628    313 2014  4  2    170    223    122 0 0 0
54511 3948 11628    313 2014  4  3    143    195     66 0 0 0
54511 3948 11628    313 2014  4  4    149    265     53 0 0 0
54511 3948 11628    313 2014  4  5    129    200     70 0 0 0
54511 3948 11628    313 2014  4  6    164    250     59 0 0 0
54511 3948 11628    313 2014  4  7    172    247     96 0 0 0
54511 3948 11628    313 2014  4  8    182    251     99 0 0 0
54511 3948 11628    313 2014  4  9    212    304    125 0 0 0
54511 3948 11628    313 2014  4 10    160    221    134 0 0 0
54511 3948 11628    313 2014  4 11    146    181    125 0 0 0
54511 3948 11628    313 2014  4 12    150    211     71 0 0 0
54511 3948 11628    313 2014  4 13    169    238     90 0 0 0
54511 3948 11628    313 2014  4 14    186    256    117 0 0 0
54511 3948 11628    313 2014  4 15    177    223    149 0 0 0
54511 3948 11628    313 2014  4 16    174    218    128 0 0 0
54511 3948 11628    313 2014  4 17    148    183    111 0 0 0
54511 3948 11628    313 2014  4 18    152    206    121 0 0 0
54511 3948 11628    313 2014  4 19    124    152    113 0 0 0
54511 3948 11628    313 2014  4 20    152    221     74 0 0 0
54511 3948 11628    313 2014  4 21    181    250     83 0 0 0
54511 3948 11628    313 2014  4 22    197    271     90 0 0 0
54511 3948 11628    313 2014  4 23    200    254    147 0 0 0
54511 3948 11628    313 2014  4 24    199    252    164 0 0 0
54511 3948 11628    313 2014  4 25    207    263    147 0 0 0
54511 3948 11628    313 2014  4 26    156    215    112 0 0 0
54511 3948 11628    313 2014  4 27    176    247    111 0 0 0
54511 3948 11628    313 2014  4 28    188    255    111 0 0 0
54511 3948 11628    313 2014  4 29    193    266    124 0 0 0
54511 3948 11628    313 2014  4 30    209    275    128 0 0 0
54511 3948 11628    313 2014  5  1    207    272    164 0 0 0
54511 3948 11628    313 2014  5  2    164    231    133 0 0 0
54511 3948 11628    313 2014  5  3    165    241    102 0 0 0
54511 3948 11628    313 2014  5  4    142    182     96 0 0 0
54511 3948 11628    313 2014  5  5    144    206     68 0 0 0
54511 3948 11628    313 2014  5  6    161    212     95 0 0 0
54511 3948 11628    313 2014  5  7    198    260    128 0 0 0
54511 3948 11628    313 2014  5  8    176    231    107 0 0 0
54511 3948 11628    313 2014  5  9    178    209    164 0 0 0
54511 3948 11628    313 2014  5 10    174    207    144 0 0 0
54511 3948 11628    313 2014  5 11    116    191    104 0 0 0
54511 3948 11628    313 2014  5 12    212    295     97 0 0 0
54511 3948 11628    313 2014  5 13    241    309    154 0 0 0
54511 3948 11628    313 2014  5 14    196    266    179 0 0 0
54511 3948 11628    313 2014  5 15    216    290    105 0 0 0
54511 3948 11628    313 2014  5 16    238    295    162 0 0 0
54511 3948 11628    313 2014  5 17    223    283    160 0 0 0
54511 3948 11628    313 2014  5 18    237    306    153 0 0 0
54511 3948 11628    313 2014  5 19    242    291    195 0 0 0
54511 3948 11628    313 2014  5 20    258    323    204 0 0 0
54511 3948 11628    313 2014  5 21    247    318    182 0 0 0
54511 3948 11628    313 2014  5 22    271    349    199 0 0 0
54511 3948 11628    313 2014  5 23    285    339    231 0 0 0
54511 3948 11628    313 2014  5 24    216    294    193 0 0 0
54511 3948 11628    313 2014  5 25    236    288    194 0 0 0
54511 3948 11628    313 2014  5 26    264    342    160 0 0 0
54511 3948 11628    313 2014  5 27    280    325    186 0 0 0
54511 3948 11628    313 2014  5 28    288    369    163 0 0 0
54511 3948 11628    313 2014  5 29    318    411    209 0 0 0
54511 3948 11628    313 2014  5 30    298    348    260 0 0 0
54511 3948 11628    313 2014  5 31    282    338    227 0 0 0
54511 3948 11628    313 2014  6  1    247    317    206 0 0 0
54511 3948 11628    313 2014  6  2    220    261    196 0 0 0
54511 3948 11628    313 2014  6  3    252    316    167 0 0 0
54511 3948 11628    313 2014  6  4    257    298    201 0 0 0
54511 3948 11628    313 2014  6  5    280    339    209 0 0 0
54511 3948 11628    313 2014  6  6    217    301    180 0 0 0
54511 3948 11628    313 2014  6  7    231    304    143 0 0 0
54511 3948 11628    313 2014  6  8    233    310    187 0 0 0
54511 3948 11628    313 2014  6  9    233    312    158 0 0 0
54511 3948 11628    313 2014  6 10    217    266    181 0 0 0
54511 3948 11628    313 2014  6 11    237    302    181 0 0 0
54511 3948 11628    313 2014  6 12    278    357    191 0 0 0
54511 3948 11628    313 2014  6 13    260    320    187 0 0 0
54511 3948 11628    313 2014  6 14    259    324    195 0 0 0
54511 3948 11628    313 2014  6 15    262    327    226 0 0 0
54511 3948 11628    313 2014  6 16    259    303    216 0 0 0
54511 3948 11628    313 2014  6 17    232    279    179 0 0 0
54511 3948 11628    313 2014  6 18    240    300    190 0 0 0
54511 3948 11628    313 2014  6 19    240    262    200 0 0 0
54511 3948 11628    313 2014  6 20    221    279    184 0 0 0
54511 3948 11628    313 2014  6 21    220    277    186 0 0 0
54511 3948 11628    313 2014  6 22    220    282    181 0 0 0
54511 3948 11628    313 2014  6 23    250    312    178 0 0 0
54511 3948 11628    313 2014  6 24    273    316    212 0 0 0
54511 3948 11628    313 2014  6 25    244    295    229 0 0 0
54511 3948 11628    313 2014  6 26    262    321    223 0 0 0
54511 3948 11628    313 2014  6 27    292    338    215 0 0 0
54511 3948 11628    313 2014  6 28    299    363    202 0 0 0
54511 3948 11628    313 2014  6 29    288    343    234 0 0 0
54511 3948 11628    313 2014  6 30    298    351    242 0 0 0
54511 3948 11628    313 2014  7  1    288    320    248 0 0 0
54511 3948 11628    313 2014  7  2    234    298    202 0 0 0
54511 3948 11628    313 2014  7  3    261    294    227 0 0 0
54511 3948 11628    313 2014  7  4    271    317    242 0 0 0
54511 3948 11628    313 2014  7  5    271    311    225 0 0 0
54511 3948 11628    313 2014  7  6    282    319    246 0 0 0
54511 3948 11628    313 2014  7  7    282    317    239 0 0 0
54511 3948 11628    313 2014  7  8    294    338    260 0 0 0
54511 3948 11628    313 2014  7  9    281    327    246 0 0 0
54511 3948 11628    313 2014  7 10    296    359    225 0 0 0
54511 3948 11628    313 2014  7 11    303    363    223 0 0 0
54511 3948 11628    313 2014  7 12    293    335    259 0 0 0
54511 3948 11628    313 2014  7 13    283    348    225 0 0 0
54511 3948 11628    313 2014  7 14    284    350    215 0 0 0
54511 3948 11628    313 2014  7 15    275    314    235 0 0 0
54511 3948 11628    313 2014  7 16    254    313    222 0 0 0
54511 3948 11628    313 2014  7 17    255    287    222 0 0 0
54511 3948 11628    313 2014  7 18    291    342    245 0 0 0
54511 3948 11628    313 2014  7 19    313    354    264 0 0 0
54511 3948 11628    313 2014  7 20    307    352    263 0 0 0
54511 3948 11628    313 2014  7 21    309    353    279 0 0 0
54511 3948 11628    313 2014  7 22    288    326    277 0 0 0
54511 3948 11628    313 2014  7 23    266    290    240 0 0 0
54511 3948 11628    313 2014  7 24    266    295    242 0 0 0
54511 3948 11628    313 2014  7 25    274    329    210 0 0 0
54511 3948 11628    313 2014  7 26    288    349    233 0 0 0
54511 3948 11628    313 2014  7 27    287    344    233 0 0 0
54511 3948 11628    313 2014  7 28    291    345    237 0 0 0
54511 3948 11628    313 2014  7 29    295    336    249 0 0 0
54511 3948 11628    313 2014  7 30    247    314    225 0 0 0
54511 3948 11628    313 2014  7 31    271    311    239 0 0 0
54511 3948 11628    313 2014  8  1    277    323    242 0 0 0
54511 3948 11628    313 2014  8  2    296    338    257 0 0 0
54511 3948 11628    313 2014  8  3    305    348    275 0 0 0
54511 3948 11628    313 2014  8  4    246    299    208 0 0 0
54511 3948 11628    313 2014  8  5    250    311    195 0 0 0
54511 3948 11628    313 2014  8  6    278    334    229 0 0 0
54511 3948 11628    313 2014  8  7    273    321    219 0 0 0
54511 3948 11628    313 2014  8  8    270    315    220 0 0 0
54511 3948 11628    313 2014  8  9    268    312    226 0 0 0
54511 3948 11628    313 2014  8 10    265    326    202 0 0 0
54511 3948 11628    313 2014  8 11    287    338    223 0 0 0
54511 3948 11628    313 2014  8 12    278    324    208 0 0 0
54511 3948 11628    313 2014  8 13    205    294    195 0 0 0
54511 3948 11628    313 2014  8 14    238    297    174 0 0 0
54511 3948 11628    313 2014  8 15    261    321    192 0 0 0
54511 3948 11628    313 2014  8 16    268    327    214 0 0 0
54511 3948 11628    313 2014  8 17    261    301    226 0 0 0
54511 3948 11628    313 2014  8 18    257    302    225 0 0 0
54511 3948 11628    313 2014  8 19    266    324    213 0 0 0
54511 3948 11628    313 2014  8 20    272    329    219 0 0 0
54511 3948 11628    313 2014  8 21    275    327    237 0 0 0
54511 3948 11628    313 2014  8 22    256    291    216 0 0 0
54511 3948 11628    313 2014  8 23    270    319    216 0 0 0
54511 3948 11628    313 2014  8 24    265    314    215 0 0 0
54511 3948 11628    313 2014  8 25    265    319    196 0 0 0
54511 3948 11628    313 2014  8 26    270    353    188 0 0 0
54511 3948 11628    313 2014  8 27    268    332    197 0 0 0
54511 3948 11628    313 2014  8 28    257    286    236 0 0 0
54511 3948 11628    313 2014  8 29    227    268    187 0 0 0
54511 3948 11628    313 2014  8 30    243    274    223 0 0 0
54511 3948 11628    313 2014  8 31    229    270    207 0 0 0
54511 3948 11628    313 2014  9  1    237    269    214 0 0 0
54511 3948 11628    313 2014  9  2    198    251    192 0 0 0
54511 3948 11628    313 2014  9  3    228    301    155 0 0 0
54511 3948 11628    313 2014  9  4    247    328    160 0 0 0
54511 3948 11628    313 2014  9  5    243    300    183 0 0 0
54511 3948 11628    313 2014  9  6    248    290    209 0 0 0
54511 3948 11628    313 2014  9  7    253    290    222 0 0 0
54511 3948 11628    313 2014  9  8    251    293    220 0 0 0
54511 3948 11628    313 2014  9  9    224    295    159 0 0 0
54511 3948 11628    313 2014  9 10    237    292    186 0 0 0
54511 3948 11628    313 2014  9 11    228    269    194 0 0 0
54511 3948 11628    313 2014  9 12    209    234    186 0 0 0
54511 3948 11628    313 2014  9 13    222    272    178 0 0 0
54511 3948 11628    313 2014  9 14    205    229    185 0 0 0
54511 3948 11628    313 2014  9 15    210    277    135 0 0 0
54511 3948 11628    313 2014  9 16    185    221    136 0 0 0
54511 3948 11628    313 2014  9 17    179    219    148 0 0 0
54511 3948 11628    313 2014  9 18    193    277    121 0 0 0
54511 3948 11628    313 2014  9 19    191    251    143 0 0 0
54511 3948 11628    313 2014  9 20    219    271    181 0 0 0
54511 3948 11628    313 2014  9 21    213    246    172 0 0 0
54511 3948 11628    313 2014  9 22    207    224    194 0 0 0
54511 3948 11628    313 2014  9 23    185    207    178 0 0 0
54511 3948 11628    313 2014  9 24    198    255    164 0 0 0
54511 3948 11628    313 2014  9 25    186    224    150 0 0 0
54511 3948 11628    313 2014  9 26    196    241    171 0 0 0
54511 3948 11628    313 2014  9 27    201    255    152 0 0 0
54511 3948 11628    313 2014  9 28    190    224    162 0 0 0
54511 3948 11628    313 2014  9 29    181    235    150 0 0 0
54511 3948 11628    313 2014  9 30    127    166    103 0 0 0
54511 3948 11628    313 2014 10  1    124    154    107 0 0 0
54511 3948 11628    313 2014 10  2    146    209     88 0 0 0
54511 3948 11628    313 2014 10  3    152    189    121 0 0 0
54511 3948 11628    313 2014 10  4    149    169    137 0 0 0
54511 3948 11628    313 2014 10  5    150    211    116 0 0 0
54511 3948 11628    313 2014 10  6    144    215     60 0 0 0
54511 3948 11628    313 2014 10  7    149    215     91 0 0 0
54511 3948 11628    313 2014 10  8    155    206    125 0 0 0
54511 3948 11628    313 2014 10  9    164    222    127 0 0 0
54511 3948 11628    313 2014 10 10    180    230    132 0 0 0
54511 3948 11628    313 2014 10 11    171    210    135 0 0 0
54511 3948 11628    313 2014 10 12    156    184    136 0 0 0
54511 3948 11628    313 2014 10 13    126    181     81 0 0 0
54511 3948 11628    313 2014 10 14    126    216     40 0 0 0
54511 3948 11628    313 2014 10 15    151    219     74 0 0 0
54511 3948 11628    313 2014 10 16    141    214     45 0 0 0
54511 3948 11628    313 2014 10 17    143    238     65 0 0 0
54511 3948 11628    313 2014 10 18    156    244     79 0 0 0
54511 3948 11628    313 2014 10 19    168    207    135 0 0 0
54511 3948 11628    313 2014 10 20    148    173    124 0 0 0
54511 3948 11628    313 2014 10 21    123    158     94 0 0 0
54511 3948 11628    313 2014 10 22    110    147     78 0 0 0
54511 3948 11628    313 2014 10 23    130    164    116 0 0 0
54511 3948 11628    313 2014 10 24    137    183     91 0 0 0
54511 3948 11628    313 2014 10 25    139    187    103 0 0 0
54511 3948 11628    313 2014 10 26    136    179     99 0 0 0
54511 3948 11628    313 2014 10 27     97    154     32 0 0 0
54511 3948 11628    313 2014 10 28     97    150     41 0 0 0
54511 3948 11628    313 2014 10 29    116    163     65 0 0 0
54511 3948 11628    313 2014 10 30    129    152    111 0 0 0
54511 3948 11628    313 2014 10 31    134    154    119 0 0 0
54511 3948 11628    313 2014 11  1    130    161     70 0 0 0
54511 3948 11628    313 2014 11  2    114    149     79 0 0 0
54511 3948 11628    313 2014 11  3     99    189     10 0 0 0
54511 3948 11628    313 2014 11  4     84    154     20 0 0 0
54511 3948 11628    313 2014 11  5    135    202     25 0 0 0
54511 3948 11628    313 2014 11  6     97    157     58 0 0 0
54511 3948 11628    313 2014 11  7     61     92     13 0 0 0
54511 3948 11628    313 2014 11  8     53    127     -6 0 0 0
54511 3948 11628    313 2014 11  9     71    159     -5 0 0 0
54511 3948 11628    313 2014 11 10     66    156     -5 0 0 0
54511 3948 11628    313 2014 11 11     89    128     22 0 0 0
54511 3948 11628    313 2014 11 12     65    107     47 0 0 0
54511 3948 11628    313 2014 11 13     48    122    -21 0 0 0
54511 3948 11628    313 2014 11 14     52    128    -17 0 0 0
54511 3948 11628    313 2014 11 15     48     92     22 0 0 0
54511 3948 11628    313 2014 11 16     68    123      9 0 0 0
54511 3948 11628    313 2014 11 17     71    135      0 0 0 0
54511 3948 11628    313 2014 11 18     53    141     -9 0 0 0
54511 3948 11628    313 2014 11 19     38     85     -3 0 0 0
54511 3948 11628    313 2014 11 20     37     87      8 0 0 0
54511 3948 11628    313 2014 11 21     53    144      5 0 0 0
54511 3948 11628    313 2014 11 22     71    121    -10 0 0 0
54511 3948 11628    313 2014 11 23     45     81     18 0 0 0
54511 3948 11628    313 2014 11 24     46    118     -1 0 0 0
54511 3948 11628    313 2014 11 25     32     83    -16 0 0 0
54511 3948 11628    313 2014 11 26     31     83    -12 0 0 0
54511 3948 11628    313 2014 11 27     53     67     28 0 0 0
54511 3948 11628    313 2014 11 28     50     96      4 0 0 0
54511 3948 11628    313 2014 11 29     30     46      2 0 0 0
54511 3948 11628    313 2014 11 30     40     79     -2 0 0 0
54511 3948 11628    313 2014 12  1    -33     -2    -54 0 0 0
54511 3948 11628    313 2014 12  2    -40      3    -95 0 0 0
54511 3948 11628    313 2014 12  3    -19     10    -61 0 0 0
54511 3948 11628    313 2014 12  4    -11     18    -39 0 0 0
54511 3948 11628    313 2014 12  5    -20     38    -69 0 0 0
54511 3948 11628    313 2014 12  6    -20     36    -66 0 0 0
54511 3948 11628    313 2014 12  7     11     52    -24 0 0 0
54511 3948 11628    313 2014 12  8     -6     42    -52 0 0 0
54511 3948 11628    313 2014 12  9    -20      5    -61 0 0 0
54511 3948 11628    313 2014 12 10      2     53    -44 0 0 0
54511 3948 11628    313 2014 12 11     -2     40    -30 0 0 0
54511 3948 11628    313 2014 12 12      2     34    -21 0 0 0
54511 3948 11628    313 2014 12 13      9     49    -31 0 0 0
54511 3948 11628    313 2014 12 14     -5     62    -68 0 0 0
54511 3948 11628    313 2014 12 15     -2     31    -45 0 0 0
54511 3948 11628    313 2014 12 16    -23     -3    -42 0 0 0
54511 3948 11628    313 2014 12 17    -15     54    -65 0 0 0
54511 3948 11628    313 2014 12 18    -20     21    -50 0 0 0
54511 3948 11628    313 2014 12 19      7     51    -50 0 0 0
54511 3948 11628    313 2014 12 20    -15     22    -56 0 0 0
54511 3948 11628    313 2014 12 21    -23     23    -63 0 0 0
54511 3948 11628    313 2014 12 22      2     94    -64 0 0 0
54511 3948 11628    313 2014 12 23      0     93    -49 0 0 0
54511 3948 11628    313 2014 12 24     31     62     -9 0 0 0
54511 3948 11628    313 2014 12 25     14     74    -44 0 0 0
54511 3948 11628    313 2014 12 26    -13     32    -48 0 0 0
54511 3948 11628    313 2014 12 27     -7     59    -59 0 0 0
54511 3948 11628    313 2014 12 28     18     89    -37 0 0 0
54511 3948 11628    313 2014 12 29     22    123    -44 0 0 0
54511 3948 11628    313 2014 12 30     27     67    -27 0 0 0
54511 3948 11628    313 2014 12 31    -18     50    -43 0 0 0
54511 3948 11628    313 2015  1  1    -21     25    -77 0 0 0
54511 3948 11628    313 2015  1  2    -20     48    -65 0 0 0
54511 3948 11628    313 2015  1  3    -20     36    -71 0 0 0
54511 3948 11628    313 2015  1  4      2     86    -70 0 0 0
54511 3948 11628    313 2015  1  5     39    110      9 0 0 0
54511 3948 11628    313 2015  1  6     -3     39    -29 0 0 0
54511 3948 11628    313 2015  1  7    -19     33    -68 0 0 0
54511 3948 11628    313 2015  1  8    -19     41    -66 0 0 0
54511 3948 11628    313 2015  1  9     11     75    -49 0 0 0
54511 3948 11628    313 2015  1 10     14    111    -52 0 0 0
54511 3948 11628    313 2015  1 11     21     65    -22 0 0 0
54511 3948 11628    313 2015  1 12    -11     42    -55 0 0 0
54511 3948 11628    313 2015  1 13    -17     31    -43 0 0 0
54511 3948 11628    313 2015  1 14    -11     10    -48 0 0 0
54511 3948 11628    313 2015  1 15    -30      0    -53 0 0 0
54511 3948 11628    313 2015  1 16     -2     27    -49 0 0 0
54511 3948 11628    313 2015  1 17    -22     30    -68 0 0 0
54511 3948 11628    313 2015  1 18     18     70    -15 0 0 0
54511 3948 11628    313 2015  1 19     13     67    -48 0 0 0
54511 3948 11628    313 2015  1 20     -9     42    -51 0 0 0
54511 3948 11628    313 2015  1 21     20     57    -22 0 0 0
54511 3948 11628    313 2015  1 22     -7     58    -70 0 0 0
54511 3948 11628    313 2015  1 23     -6     68    -60 0 0 0
54511 3948 11628    313 2015  1 24     10     39    -28 0 0 0
54511 3948 11628    313 2015  1 25     -3     34    -25 0 0 0
54511 3948 11628    313 2015  1 26     -8     52    -47 0 0 0
54511 3948 11628    313 2015  1 27    -35     13    -64 0 0 0
54511 3948 11628    313 2015  1 28    -23     11    -56 0 0 0
54511 3948 11628    313 2015  1 29     -2     42    -40 0 0 0
54511 3948 11628    313 2015  1 30    -13     32    -41 0 0 0
54511 3948 11628    313 2015  1 31    -23     39    -69 0 0 0
54511 3948 11628    313 2015  2  1    -27     29    -84 9 9 9
54511 3948 11628    313 2015  2  2    -14     42    -67 9 9 9
54511 3948 11628    313 2015  2  3     20     86    -46 9 9 9
54511 3948 11628    313 2015  2  4     16     69    -16 9 9 9
54511 3948 11628    313 2015  2  5     26     74    -14 9 9 9
54511 3948 11628    313 2015  2  6     17     98    -50 9 9 9
54511 3948 11628    313 2015  2  7     22     60    -11 9 9 9
54511 3948 11628    313 2015  2  8    -36     18    -92 9 9 9
54511 3948 11628    313 2015  2  9    -15     61    -92 9 9 9
54511 3948 11628    313 2015  2 10     21    133    -66 9 9 9
54511 3948 11628    313 2015  2 11     44    102    -21 9 9 9
54511 3948 11628    313 2015  2 12     23     79    -40 9 9 9
54511 3948 11628    313 2015  2 13     11     96    -56 9 9 9
54511 3948 11628    313 2015  2 14     28    107    -21 9 9 9
54511 3948 11628    313 2015  2 15     34     67    -15 9 9 9
54511 3948 11628    313 2015  2 16     41    120    -30 9 9 9
54511 3948 11628    313 2015  2 17     49    105     19 9 9 9
54511 3948 11628    313 2015  2 18     37    109    -22 9 9 9
54511 3948 11628    313 2015  2 19      6     55    -30 9 9 9
54511 3948 11628    313 2015  2 20      4     11     -2 9 9 9
54511 3948 11628    313 2015  2 21      6     45      0 9 9 9
54511 3948 11628    313 2015  2 22    -10     42    -42 9 9 9
54511 3948 11628    313 2015  2 23      6     59    -61 9 9 9
54511 3948 11628    313 2015  2 24      6     67    -42 9 9 9
54511 3948 11628    313 2015  2 25     35     69    -10 9 9 9
54511 3948 11628    313 2015  2 26     20     62    -25 9 9 9
54511 3948 11628    313 2015  2 27      2     39    -24 9 9 9
54511 3948 11628    313 2015  2 28    -10     16    -25 9 9 9
54511 3948 11628    313 2015  3  1     43    124    -37 0 0 0
54511 3948 11628    313 2015  3  2     61    147    -30 0 0 0
54511 3948 11628    313 2015  3  3     25     98    -13 0 0 0
54511 3948 11628    313 2015  3  4     10     63    -73 0 0 0
54511 3948 11628    313 2015  3  5     23     83    -46 0 0 0
54511 3948 11628    313 2015  3  6     32    101    -32 0 0 0
54511 3948 11628    313 2015  3  7     59    125     -6 0 0 0
54511 3948 11628    313 2015  3  8     60    121     20 0 0 0
54511 3948 11628    313 2015  3  9     13     64    -23 0 0 0
54511 3948 11628    313 2015  3 10     25     83    -62 0 0 0
54511 3948 11628    313 2015  3 11     43    110    -40 0 0 0
54511 3948 11628    313 2015  3 12     58    130    -20 0 0 0
54511 3948 11628    313 2015  3 13     54    134    -27 0 0 0
54511 3948 11628    313 2015  3 14     49    119      5 0 0 0
54511 3948 11628    313 2015  3 15     94    172      2 0 0 0
54511 3948 11628    313 2015  3 16    108    146     66 0 0 0
54511 3948 11628    313 2015  3 17    108    159     68 0 0 0
54511 3948 11628    313 2015  3 18     91    135     56 0 0 0
54511 3948 11628    313 2015  3 19    115    196     26 0 0 0
54511 3948 11628    313 2015  3 20    141    201     73 0 0 0
54511 3948 11628    313 2015  3 21    155    192    100 0 0 0
54511 3948 11628    313 2015  3 22    104    161     63 0 0 0
54511 3948 11628    313 2015  3 23     96    188     -8 0 0 0
54511 3948 11628    313 2015  3 24     96    167     30 0 0 0
54511 3948 11628    313 2015  3 25    110    188     36 0 0 0
54511 3948 11628    313 2015  3 26    143    209     67 0 0 0
54511 3948 11628    313 2015  3 27    143    204     76 0 0 0
54511 3948 11628    313 2015  3 28    184    238     99 0 0 0
54511 3948 11628    313 2015  3 29    169    238     85 0 0 0
54511 3948 11628    313 2015  3 30    182    226    136 0 0 0
54511 3948 11628    313 2015  3 31    120    201    101 0 0 0
54511 3948 11628    313 2015  4  1     99    131     62 0 0 0
54511 3948 11628    313 2015  4  2     86    152     44 0 0 0
54511 3948 11628    313 2015  4  3    121    162     68 0 0 0
54511 3948 11628    313 2015  4  4    116    167     74 0 0 0
54511 3948 11628    313 2015  4  5    132    173    106 0 0 0
54511 3948 11628    313 2015  4  6     74    117     45 0 0 0
54511 3948 11628    313 2015  4  7     79    130     29 0 0 0
54511 3948 11628    313 2015  4  8     87    134     38 0 0 0
54511 3948 11628    313 2015  4  9    112    180     43 0 0 0
54511 3948 11628    313 2015  4 10    137    215     65 0 0 0
54511 3948 11628    313 2015  4 11    142    187    106 0 0 0
54511 3948 11628    313 2015  4 12     79    130     61 0 0 0
54511 3948 11628    313 2015  4 13    110    184     44 0 0 0
54511 3948 11628    313 2015  4 14    157    258     45 0 0 0
54511 3948 11628    313 2015  4 15    177    254     93 0 0 0
54511 3948 11628    313 2015  4 16    163    212    127 0 0 0
54511 3948 11628    313 2015  4 17    172    257     91 0 0 0
54511 3948 11628    313 2015  4 18    180    218    141 0 0 0
54511 3948 11628    313 2015  4 19    168    215    137 0 0 0
54511 3948 11628    313 2015  4 20    154    223     63 0 0 0
54511 3948 11628    313 2015  4 21    191    274    105 0 0 0
54511 3948 11628    313 2015  4 22    188    256     85 0 0 0
54511 3948 11628    313 2015  4 23    210    287    129 0 0 0
54511 3948 11628    313 2015  4 24    191    259     87 0 0 0
54511 3948 11628    313 2015  4 25    225    317    106 0 0 0
54511 3948 11628    313 2015  4 26    241    309    158 0 0 0
54511 3948 11628    313 2015  4 27    223    283    175 0 0 0
54511 3948 11628    313 2015  4 28    204    251    167 0 0 0
54511 3948 11628    313 2015  4 29    206    268    136 0 0 0
54511 3948 11628    313 2015  4 30    234    296    164 0 0 0
54511 3948 11628    313 2015  5  1    187    265    146 0 0 0
54511 3948 11628    313 2015  5  2    192    242    140 0 0 0
54511 3948 11628    313 2015  5  3    196    238    153 0 0 0
54511 3948 11628    313 2015  5  4    185    232    135 0 0 0
54511 3948 11628    313 2015  5  5    202    276    121 0 0 0
54511 3948 11628    313 2015  5  6    187    238    149 0 0 0
54511 3948 11628    313 2015  5  7    182    240     97 0 0 0
54511 3948 11628    313 2015  5  8    185    239    140 0 0 0
54511 3948 11628    313 2015  5  9    131    185    119 0 0 0
54511 3948 11628    313 2015  5 10    108    129     85 0 0 0
54511 3948 11628    313 2015  5 11    132    187     91 0 0 0
54511 3948 11628    313 2015  5 12    183    277    108 0 0 0
54511 3948 11628    313 2015  5 13    220    324    119 0 0 0
54511 3948 11628    313 2015  5 14    221    283    188 0 0 0
54511 3948 11628    313 2015  5 15    211    247    190 0 0 0
54511 3948 11628    313 2015  5 16    219    290    109 0 0 0
54511 3948 11628    313 2015  5 17    228    282    183 0 0 0
54511 3948 11628    313 2015  5 18    238    280    192 0 0 0
54511 3948 11628    313 2015  5 19    234    268    187 0 0 0
54511 3948 11628    313 2015  5 20    240    297    185 0 0 0
54511 3948 11628    313 2015  5 21    230    285    171 0 0 0
54511 3948 11628    313 2015  5 22    224    296    149 0 0 0
54511 3948 11628    313 2015  5 23    245    311    163 0 0 0
54511 3948 11628    313 2015  5 24    259    321    191 0 0 0
54511 3948 11628    313 2015  5 25    270    332    203 0 0 0
54511 3948 11628    313 2015  5 26    272    335    204 0 0 0
54511 3948 11628    313 2015  5 27    261    316    210 0 0 0
54511 3948 11628    313 2015  5 28    257    295    219 0 0 0
54511 3948 11628    313 2015  5 29    247    298    200 0 0 0
54511 3948 11628    313 2015  5 30    249    303    178 0 0 0
54511 3948 11628    313 2015  5 31    270    332    195 0 0 0
54511 3948 11628    313 2015  6  1    281    331    230 0 0 0
54511 3948 11628    313 2015  6  2    273    332    214 0 0 0
54511 3948 11628    313 2015  6  3    255    318    173 0 0 0
54511 3948 11628    313 2015  6  4    212    274    177 0 0 0
54511 3948 11628    313 2015  6  5    242    323    154 0 0 0
54511 3948 11628    313 2015  6  6    240    292    210 0 0 0
54511 3948 11628    313 2015  6  7    223    295    152 0 0 0
54511 3948 11628    313 2015  6  8    233    311    146 0 0 0
54511 3948 11628    313 2015  6  9    246    295    197 0 0 0
54511 3948 11628    313 2015  6 10    216    264    186 0 0 0
54511 3948 11628    313 2015  6 11    231    294    164 0 0 0
54511 3948 11628    313 2015  6 12    244    290    179 0 0 0
54511 3948 11628    313 2015  6 13    240    283    190 0 0 0
54511 3948 11628    313 2015  6 14    259    327    182 0 0 0
54511 3948 11628    313 2015  6 15    265    321    215 0 0 0
54511 3948 11628    313 2015  6 16    269    339    222 0 0 0
54511 3948 11628    313 2015  6 17    272    344    212 0 0 0
54511 3948 11628    313 2015  6 18    275    330    191 0 0 0
54511 3948 11628    313 2015  6 19    216    299    170 0 0 0
54511 3948 11628    313 2015  6 20    246    310    176 0 0 0
54511 3948 11628    313 2015  6 21    271    321    209 0 0 0
54511 3948 11628    313 2015  6 22    261    315    214 0 0 0
54511 3948 11628    313 2015  6 23    265    320    218 0 0 0
54511 3948 11628    313 2015  6 24    251    293    240 0 0 0
54511 3948 11628    313 2015  6 25    249    279    229 0 0 0
54511 3948 11628    313 2015  6 26    243    294    206 0 0 0
54511 3948 11628    313 2015  6 27    252    298    215 0 0 0
54511 3948 11628    313 2015  6 28    275    328    233 0 0 0
54511 3948 11628    313 2015  6 29    229    289    193 0 0 0
54511 3948 11628    313 2015  6 30    223    273    184 0 0 0
54511 3948 11628    313 2015  7  1    255    345    174 0 0 0
54511 3948 11628    313 2015  7  2    280    344    176 0 0 0
54511 3948 11628    313 2015  7  3    259    314    180 0 0 0
54511 3948 11628    313 2015  7  4    228    266    196 0 0 0
54511 3948 11628    313 2015  7  5    238    299    177 0 0 0
54511 3948 11628    313 2015  7  6    258    312    203 0 0 0
54511 3948 11628    313 2015  7  7    273    328    207 0 0 0
54511 3948 11628    313 2015  7  8    277    334    221 0 0 0
54511 3948 11628    313 2015  7  9    280    339    230 0 0 0
54511 3948 11628    313 2015  7 10    280    332    229 0 0 0
54511 3948 11628    313 2015  7 11    290    344    239 0 0 0
54511 3948 11628    313 2015  7 12    307    387    243 0 0 0
54511 3948 11628    313 2015  7 13    326    389    263 0 0 0
54511 3948 11628    313 2015  7 14    298    347    246 0 0 0
54511 3948 11628    313 2015  7 15    283    306    259 0 0 0
54511 3948 11628    313 2015  7 16    232    286    212 0 0 0
54511 3948 11628    313 2015  7 17    237    270    210 0 0 0
54511 3948 11628    313 2015  7 18    236    286    208 0 0 0
54511 3948 11628    313 2015  7 19    238    293    213 0 0 0
54511 3948 11628    313 2015  7 20    256    300    226 0 0 0
54511 3948 11628    313 2015  7 21    255    301    231 0 0 0
54511 3948 11628    313 2015  7 22    264    313    212 0 0 0
54511 3948 11628    313 2015  7 23    260    313    218 0 0 0
54511 3948 11628    313 2015  7 24    271    329    235 0 0 0
54511 3948 11628    313 2015  7 25    280    332    227 0 0 0
54511 3948 11628    313 2015  7 26    301    352    240 0 0 0
54511 3948 11628    313 2015  7 27    294    336    239 0 0 0
54511 3948 11628    313 2015  7 28    268    318    234 0 0 0
54511 3948 11628    313 2015  7 29    290    322    256 0 0 0
54511 3948 11628    313 2015  7 30    247    302    227 0 0 0
54511 3948 11628    313 2015  7 31    254    297    223 0 0 0
54511 3948 11628    313 2015  8  1    255    271    245 0 0 0
54511 3948 11628    313 2015  8  2    260    305    230 0 0 0
54511 3948 11628    313 2015  8  3    263    300    234 0 0 0
54511 3948 11628    313 2015  8  4    263    330    187 0 0 0
54511 3948 11628    313 2015  8  5    275    317    229 0 0 0
54511 3948 11628    313 2015  8  6    263    309    220 0 0 0
54511 3948 11628    313 2015  8  7    253    313    205 0 0 0
54511 3948 11628    313 2015  8  8    254    312    202 0 0 0
54511 3948 11628    313 2015  8  9    283    339    232 0 0 0
54511 3948 11628    313 2015  8 10    296    354    247 0 0 0
54511 3948 11628    313 2015  8 11    294    344    256 0 0 0
54511 3948 11628    313 2015  8 12    297    355    241 0 0 0
54511 3948 11628    313 2015  8 13    294    346    240 0 0 0
54511 3948 11628    313 2015  8 14    291    326    254 0 0 0
54511 3948 11628    313 2015  8 15    287    354    221 0 0 0
54511 3948 11628    313 2015  8 16    286    349    224 0 0 0
54511 3948 11628    313 2015  8 17    286    338    236 0 0 0
54511 3948 11628    313 2015  8 18    262    296    240 0 0 0
54511 3948 11628    313 2015  8 19    254    294    221 0 0 0
54511 3948 11628    313 2015  8 20    266    336    205 0 0 0
54511 3948 11628    313 2015  8 21    284    334    215 0 0 0
54511 3948 11628    313 2015  8 22    275    328    220 0 0 0
54511 3948 11628    313 2015  8 23    242    286    217 0 0 0
54511 3948 11628    313 2015  8 24    248    297    206 0 0 0
54511 3948 11628    313 2015  8 25    259    315    221 0 0 0
54511 3948 11628    313 2015  8 26    264    322    216 0 0 0
54511 3948 11628    313 2015  8 27    269    319    220 0 0 0
54511 3948 11628    313 2015  8 28    261    336    210 0 0 0
54511 3948 11628    313 2015  8 29    261    304    200 0 0 0
54511 3948 11628    313 2015  8 30    218    269    193 0 0 0
54511 3948 11628    313 2015  8 31    212    231    197 0 0 0
54511 3948 11628    313 2015  9  1    202    238    187 0 0 0
54511 3948 11628    313 2015  9  2    252    309    196 0 0 0
54511 3948 11628    313 2015  9  3    260    316    197 0 0 0
54511 3948 11628    313 2015  9  4    218    278    197 0 0 0
54511 3948 11628    313 2015  9  5    181    198    170 0 0 0
54511 3948 11628    313 2015  9  6    224    279    180 0 0 0
54511 3948 11628    313 2015  9  7    229    290    164 0 0 0
54511 3948 11628    313 2015  9  8    232    270    167 0 0 0
54511 3948 11628    313 2015  9  9    223    254    207 0 0 0
54511 3948 11628    313 2015  9 10    171    216    143 0 0 0
54511 3948 11628    313 2015  9 11    170    236    137 0 0 0
54511 3948 11628    313 2015  9 12    202    261    144 0 0 0
54511 3948 11628    313 2015  9 13    218    296    131 0 0 0
54511 3948 11628    313 2015  9 14    210    266    156 0 0 0
54511 3948 11628    313 2015  9 15    202    264    149 0 0 0
54511 3948 11628    313 2015  9 16    210    266    149 0 0 0
54511 3948 11628    313 2015  9 17    222    275    168 0 0 0
54511 3948 11628    313 2015  9 18    241    302    203 0 0 0
54511 3948 11628    313 2015  9 19    229    287    164 0 0 0
54511 3948 11628    313 2015  9 20    221    273    185 0 0 0
54511 3948 11628    313 2015  9 21    227    278    168 0 0 0
54511 3948 11628    313 2015  9 22    219    260    185 0 0 0
54511 3948 11628    313 2015  9 23    211    268    152 0 0 0
54511 3948 11628    313 2015  9 24    211    257    191 0 0 0
54511 3948 11628    313 2015  9 25    198    264    145 0 0 0
54511 3948 11628    313 2015  9 26    199    273    127 0 0 0
54511 3948 11628    313 2015  9 27    222    286    153 0 0 0
54511 3948 11628    313 2015  9 28    182    239    170 0 0 0
54511 3948 11628    313 2015  9 29    156    175    140 0 0 0
54511 3948 11628    313 2015  9 30    156    197    137 0 0 0
54511 3948 11628    313 2015 10  1    170    223    142 0 0 0
54511 3948 11628    313 2015 10  2    184    261     97 0 0 0
54511 3948 11628    313 2015 10  3    187    247    111 0 0 0
54511 3948 11628    313 2015 10  4    178    247    127 0 0 0
54511 3948 11628    313 2015 10  5    188    244    138 0 0 0
54511 3948 11628    313 2015 10  6    192    251    141 0 0 0
54511 3948 11628    313 2015 10  7    207    254    169 0 0 0
54511 3948 11628    313 2015 10  8    168    233    149 0 0 0
54511 3948 11628    313 2015 10  9    141    206     81 0 0 0
54511 3948 11628    313 2015 10 10    126    157     98 0 0 0
54511 3948 11628    313 2015 10 11    175    221    130 0 0 0
54511 3948 11628    313 2015 10 12    176    257     83 0 0 0
54511 3948 11628    313 2015 10 13    179    274     82 0 0 0
54511 3948 11628    313 2015 10 14    168    218    124 0 0 0
54511 3948 11628    313 2015 10 15    180    253    108 0 0 0
54511 3948 11628    313 2015 10 16    168    249    118 0 0 0
54511 3948 11628    313 2015 10 17    165    224    121 0 0 0
54511 3948 11628    313 2015 10 18    164    185    134 0 0 0
54511 3948 11628    313 2015 10 19    141    190     95 0 0 0
54511 3948 11628    313 2015 10 20    131    144    115 0 0 0
54511 3948 11628    313 2015 10 21    100    131     95 0 0 0
54511 3948 11628    313 2015 10 22    102    111     83 0 0 0
54511 3948 11628    313 2015 10 23    129    189     86 0 0 0
54511 3948 11628    313 2015 10 24    134    186     79 0 0 0
54511 3948 11628    313 2015 10 25    115    145     93 0 0 0
54511 3948 11628    313 2015 10 26    105    150     79 0 0 0
54511 3948 11628    313 2015 10 27    114    171     53 0 0 0
54511 3948 11628    313 2015 10 28    115    160     59 0 0 0
54511 3948 11628    313 2015 10 29     93    137     52 0 0 0
54511 3948 11628    313 2015 10 30     77    141      3 0 0 0
54511 3948 11628    313 2015 10 31     80    162      3 0 0 0
54511 3948 11628    313 2015 11  1     92    175     25 0 0 0
54511 3948 11628    313 2015 11  2    102    201     21 0 0 0
54511 3948 11628    313 2015 11  3    100    185     30 0 0 0
54511 3948 11628    313 2015 11  4    110    162     61 0 0 0
54511 3948 11628    313 2015 11  5     95    132     49 0 0 0
54511 3948 11628    313 2015 11  6     22     49      8 0 0 0
54511 3948 11628    313 2015 11  7     27     50      7 0 0 0
54511 3948 11628    313 2015 11  8     45     73     33 0 0 0
54511 3948 11628    313 2015 11  9     57     68     26 0 0 0
54511 3948 11628    313 2015 11 10     61     64     57 0 0 0
54511 3948 11628    313 2015 11 11     66     76     58 0 0 0
54511 3948 11628    313 2015 11 12     71     79     62 0 0 0
54511 3948 11628    313 2015 11 13     74     99     54 0 0 0
54511 3948 11628    313 2015 11 14     87    102     68 0 0 0
54511 3948 11628    313 2015 11 15     95    126     61 0 0 0
54511 3948 11628    313 2015 11 16     74    102     61 0 0 0
54511 3948 11628    313 2015 11 17     52     99     11 0 0 0
54511 3948 11628    313 2015 11 18     43     60     26 0 0 0
54511 3948 11628    313 2015 11 19     39     52     12 0 0 0
54511 3948 11628    313 2015 11 20      8     14      1 0 0 0
54511 3948 11628    313 2015 11 21      6     16      0 0 0 0
54511 3948 11628    313 2015 11 22    -20      5    -38 0 0 0
54511 3948 11628    313 2015 11 23    -22      1    -38 0 0 0
54511 3948 11628    313 2015 11 24    -48    -14    -59 0 0 0
54511 3948 11628    313 2015 11 25    -51     -9    -68 0 0 0
54511 3948 11628    313 2015 11 26    -59    -13    -87 0 0 0
54511 3948 11628    313 2015 11 27    -42    -14    -67 0 0 0
54511 3948 11628    313 2015 11 28    -13      7    -29 0 0 0
54511 3948 11628    313 2015 11 29      7     70    -36 0 0 0
54511 3948 11628    313 2015 11 30    -11     27    -42 0 0 0
54511 3948 11628    313 2015 12  1     -1      8    -11 0 0 0
54511 3948 11628    313 2015 12  2     29     56    -28 0 0 0
54511 3948 11628    313 2015 12  3      5     25     -9 0 0 0
54511 3948 11628    313 2015 12  4     14     69    -25 0 0 0
54511 3948 11628    313 2015 12  5     19     90    -39 0 0 0
54511 3948 11628    313 2015 12  6     15     67    -25 0 0 0
54511 3948 11628    313 2015 12  7     23     53      0 0 0 0
54511 3948 11628    313 2015 12  8     16     26    -12 0 0 0
54511 3948 11628    313 2015 12  9     32     49     15 0 0 0
54511 3948 11628    313 2015 12 10     47     96     -9 0 0 0
54511 3948 11628    313 2015 12 11     15     66    -31 0 0 0
54511 3948 11628    313 2015 12 12      8     55    -19 0 0 0
54511 3948 11628    313 2015 12 13     10     45    -23 0 0 0
54511 3948 11628    313 2015 12 14     14     39      2 0 0 0
54511 3948 11628    313 2015 12 15     21     38     -1 0 0 0
54511 3948 11628    313 2015 12 16     -7     18    -20 0 0 0
54511 3948 11628    313 2015 12 17    -25     36    -77 0 0 0
54511 3948 11628    313 2015 12 18     -1     71    -61 0 0 0
54511 3948 11628    313 2015 12 19    -10     46    -55 0 0 0
54511 3948 11628    313 2015 12 20    -10     31    -31 0 0 0
54511 3948 11628    313 2015 12 21    -10     55    -52 0 0 0
54511 3948 11628    313 2015 12 22    -12      9    -47 0 0 0
54511 3948 11628    313 2015 12 23      6     70    -29 0 0 0
54511 3948 11628    313 2015 12 24     -1     35    -26 0 0 0
54511 3948 11628    313 2015 12 25    -42    -10    -58 0 0 0
54511 3948 11628    313 2015 12 26    -24      2    -49 0 0 0
54511 3948 11628    313 2015 12 27    -38    -18    -52 0 0 0
54511 3948 11628    313 2015 12 28    -30     36    -82 0 0 0
54511 3948 11628    313 2015 12 29    -16     34    -52 0 0 0
54511 3948 11628    313 2015 12 30     21     64    -39 0 0 0
54511 3948 11628    313 2015 12 31    -14     53    -63 0 0 0
54511 3948 11628    313 2016  1  1    -11     57    -49 0 0 0
54511 3948 11628    313 2016  1  2      1     80    -55 0 0 0
54511 3948 11628    313 2016  1  3     -4     32    -36 0 0 0
54511 3948 11628    313 2016  1  4     -8     24    -46 0 0 0
54511 3948 11628    313 2016  1  5    -28      9    -57 0 0 0
54511 3948 11628    313 2016  1  6    -21     41    -83 0 0 0
54511 3948 11628    313 2016  1  7    -26     20    -55 0 0 0
54511 3948 11628    313 2016  1  8    -20     22    -44 0 0 0
54511 3948 11628    313 2016  1  9    -27     55    -83 0 0 0
54511 3948 11628    313 2016  1 10    -30     13    -59 0 0 0
54511 3948 11628    313 2016  1 11    -43    -13    -66 0 0 0
54511 3948 11628    313 2016  1 12    -50     -1    -96 0 0 0
54511 3948 11628    313 2016  1 13    -33     25    -78 0 0 0
54511 3948 11628    313 2016  1 14    -25     49    -83 0 0 0
54511 3948 11628    313 2016  1 15    -22     45    -83 0 0 0
54511 3948 11628    313 2016  1 16    -28     17    -44 0 0 0
54511 3948 11628    313 2016  1 17    -53    -19    -70 0 0 0
54511 3948 11628    313 2016  1 18    -81    -47   -116 0 0 0
54511 3948 11628    313 2016  1 19    -75    -12   -137 0 0 0
54511 3948 11628    313 2016  1 20    -60    -29    -93 0 0 0
54511 3948 11628    313 2016  1 21    -54    -28    -72 0 0 0
54511 3948 11628    313 2016  1 22    -90    -48   -109 0 0 0
54511 3948 11628    313 2016  1 23   -143   -109   -152 0 0 0
54511 3948 11628    313 2016  1 24   -100    -39   -151 0 0 0
54511 3948 11628    313 2016  1 25    -41     22   -101 0 0 0
54511 3948 11628    313 2016  1 26    -14     28    -71 0 0 0
54511 3948 11628    313 2016  1 27    -45     27   -102 0 0 0
54511 3948 11628    313 2016  1 28    -24     40    -60 0 0 0
54511 3948 11628    313 2016  1 29    -48     -9    -79 0 0 0
54511 3948 11628    313 2016  1 30    -56    -24    -82 0 0 0
54511 3948 11628    313 2016  1 31    -34     23    -93 0 0 0
54511 3948 11628    313 2016  2  1    -15     43    -84 0 0 0
54511 3948 11628    313 2016  2  2    -23     51    -90 0 0 0
54511 3948 11628    313 2016  2  3    -18     76    -85 0 0 0
54511 3948 11628    313 2016  2  4     17     49    -14 0 0 0
54511 3948 11628    313 2016  2  5      8     34    -24 0 0 0
54511 3948 11628    313 2016  2  6     -3     62    -64 0 0 0
54511 3948 11628    313 2016  2  7     -6     87    -71 0 0 0
54511 3948 11628    313 2016  2  8     30    117    -49 0 0 0
54511 3948 11628    313 2016  2  9     30    115    -47 0 0 0
54511 3948 11628    313 2016  2 10     16     90    -49 0 0 0
54511 3948 11628    313 2016  2 11     44     64      3 0 0 0
54511 3948 11628    313 2016  2 12     54    107      0 0 0 0
54511 3948 11628    313 2016  2 13     13     62    -20 0 0 0
54511 3948 11628    313 2016  2 14    -38      0    -65 0 0 0
54511 3948 11628    313 2016  2 15     -2     50    -74 0 0 0
54511 3948 11628    313 2016  2 16     41     87    -39 0 0 0
54511 3948 11628    313 2016  2 17     32    100    -43 0 0 0
54511 3948 11628    313 2016  2 18     50     97      0 0 0 0
54511 3948 11628    313 2016  2 19     37     68      1 0 0 0
54511 3948 11628    313 2016  2 20      2     45    -18 0 0 0
54511 3948 11628    313 2016  2 21     -3     61    -72 0 0 0
54511 3948 11628    313 2016  2 22     21     88    -45 0 0 0
54511 3948 11628    313 2016  2 23      2     43    -21 0 0 0
54511 3948 11628    313 2016  2 24      8     74    -71 0 0 0
54511 3948 11628    313 2016  2 25     28     73    -44 0 0 0
54511 3948 11628    313 2016  2 26     33     87     -9 0 0 0
54511 3948 11628    313 2016  2 27     42     88    -24 0 0 0
54511 3948 11628    313 2016  2 28     12     71    -44 0 0 0
54511 3948 11628    313 2016  2 29     -5     36    -56 0 0 0
54511 3948 11628    313 2016  3  1     35    107    -40 0 0 0
54511 3948 11628    313 2016  3  2     81    194    -15 0 0 0
54511 3948 11628    313 2016  3  3     83    139     39 0 0 0
54511 3948 11628    313 2016  3  4     67     88     25 0 0 0
54511 3948 11628    313 2016  3  5     99    129     72 0 0 0
54511 3948 11628    313 2016  3  6     55    110      1 0 0 0
54511 3948 11628    313 2016  3  7     69    108      0 0 0 0
54511 3948 11628    313 2016  3  8     23     64     -7 0 0 0
54511 3948 11628    313 2016  3  9     20     56    -14 0 0 0
54511 3948 11628    313 2016  3 10     30     75    -13 0 0 0
54511 3948 11628    313 2016  3 11     38     84    -31 0 0 0
54511 3948 11628    313 2016  3 12     34     99    -15 0 0 0
54511 3948 11628    313 2016  3 13     75    129      8 0 0 0
54511 3948 11628    313 2016  3 14     79    170    -14 0 0 0
54511 3948 11628    313 2016  3 15     91    132     60 0 0 0
54511 3948 11628    313 2016  3 16    101    173     19 0 0 0
54511 3948 11628    313 2016  3 17    115    178     45 0 0 0
54511 3948 11628    313 2016  3 18    140    222     65 0 0 0
54511 3948 11628    313 2016  3 19    111    162     82 0 0 0
54511 3948 11628    313 2016  3 20    113    191     25 0 0 0
54511 3948 11628    313 2016  3 21    121    196     29 0 0 0
54511 3948 11628    313 2016  3 22    126    156    107 0 0 0
54511 3948 11628    313 2016  3 23     98    149     58 0 0 0
54511 3948 11628    313 2016  3 24     99    148     18 0 0 0
54511 3948 11628    313 2016  3 25    102    147     20 0 0 0
54511 3948 11628    313 2016  3 26    117    196     35 0 0 0
54511 3948 11628    313 2016  3 27    153    221     45 0 0 0
54511 3948 11628    313 2016  3 28    162    229     71 0 0 0
54511 3948 11628    313 2016  3 29    173    228     82 0 0 0
54511 3948 11628    313 2016  3 30    157    228     96 0 0 0
54511 3948 11628    313 2016  3 31    160    238     81 0 0 0
54511 3948 11628    313 2016  4  1    186    218    133 0 0 0
54511 3948 11628    313 2016  4  2    148    194    115 0 0 0
54511 3948 11628    313 2016  4  3    150    192     93 0 0 0
54511 3948 11628    313 2016  4  4    150    219     67 0 0 0
54511 3948 11628    313 2016  4  5    159    223     80 0 0 0
54511 3948 11628    313 2016  4  6    148    201     95 0 0 0
54511 3948 11628    313 2016  4  7    186    249     93 0 0 0
54511 3948 11628    313 2016  4  8    186    244     86 0 0 0
54511 3948 11628    313 2016  4  9    162    257     93 0 0 0
54511 3948 11628    313 2016  4 10    130    196     50 0 0 0
54511 3948 11628    313 2016  4 11    104    159     45 0 0 0
54511 3948 11628    313 2016  4 12    123    189     70 0 0 0
54511 3948 11628    313 2016  4 13    175    255     80 0 0 0
54511 3948 11628    313 2016  4 14    184    237    136 0 0 0
54511 3948 11628    313 2016  4 15    162    221     81 0 0 0
54511 3948 11628    313 2016  4 16    158    200    124 0 0 0
54511 3948 11628    313 2016  4 17    160    202    121 0 0 0
54511 3948 11628    313 2016  4 18    151    205    102 0 0 0
54511 3948 11628    313 2016  4 19    128    159     85 0 0 0
54511 3948 11628    313 2016  4 20    183    271    106 0 0 0
54511 3948 11628    313 2016  4 21    206    319    100 0 0 0
54511 3948 11628    313 2016  4 22    213    261    160 0 0 0
54511 3948 11628    313 2016  4 23    176    222    119 0 0 0
54511 3948 11628    313 2016  4 24    171    252     85 0 0 0
54511 3948 11628    313 2016  4 25    222    286    161 0 0 0
54511 3948 11628    313 2016  4 26    172    240    134 0 0 0
54511 3948 11628    313 2016  4 27    162    193    125 0 0 0
54511 3948 11628    313 2016  4 28    192    262    112 0 0 0
54511 3948 11628    313 2016  4 29    193    259    124 0 0 0
54511 3948 11628    313 2016  4 30    228    312    145 0 0 0
54511 3948 11628    313 2016  5  1    241    315    171 0 0 0
54511 3948 11628    313 2016  5  2    162    284    114 0 0 0
54511 3948 11628    313 2016  5  3    189    266     85 0 0 0
54511 3948 11628    313 2016  5  4    208    287     91 0 0 0
54511 3948 11628    313 2016  5  5    200    241    181 0 0 0
54511 3948 11628    313 2016  5  6    203    255    150 0 0 0
54511 3948 11628    313 2016  5  7    215    265    105 0 0 0
54511 3948 11628    313 2016  5  8    202    269    122 0 0 0
54511 3948 11628    313 2016  5  9    181    244    151 0 0 0
54511 3948 11628    313 2016  5 10    209    282    116 0 0 0
54511 3948 11628    313 2016  5 11    225    267    179 0 0 0
54511 3948 11628    313 2016  5 12    175    252    144 0 0 0
54511 3948 11628    313 2016  5 13    176    243     78 0 0 0
54511 3948 11628    313 2016  5 14    137    206    122 0 0 0
54511 3948 11628    313 2016  5 15    175    241    119 0 0 0
54511 3948 11628    313 2016  5 16    228    311    110 0 0 0
54511 3948 11628    313 2016  5 17    248    324    144 0 0 0
54511 3948 11628    313 2016  5 18    244    297    182 0 0 0
54511 3948 11628    313 2016  5 19    240    294    174 0 0 0
54511 3948 11628    313 2016  5 20    228    288    170 0 0 0
54511 3948 11628    313 2016  5 21    232    294    164 0 0 0
54511 3948 11628    313 2016  5 22    234    297    170 0 0 0
54511 3948 11628    313 2016  5 23    211    254    172 0 0 0
54511 3948 11628    313 2016  5 24    213    295    119 0 0 0
54511 3948 11628    313 2016  5 25    228    276    180 0 0 0
54511 3948 11628    313 2016  5 26    243    310    165 0 0 0
54511 3948 11628    313 2016  5 27    234    291    166 0 0 0
54511 3948 11628    313 2016  5 28    238    303    155 0 0 0
54511 3948 11628    313 2016  5 29    249    306    173 0 0 0
54511 3948 11628    313 2016  5 30    264    343    180 0 0 0
54511 3948 11628    313 2016  5 31    247    312    233 0 0 0
54511 3948 11628    313 2016  6  1    246    293    178 0 0 0
54511 3948 11628    313 2016  6  2    258    321    162 0 0 0
54511 3948 11628    313 2016  6  3    254    298    188 0 0 0
54511 3948 11628    313 2016  6  4    261    310    217 0 0 0
54511 3948 11628    313 2016  6  5    243    303    192 0 0 0
54511 3948 11628    313 2016  6  6    246    306    188 0 0 0
54511 3948 11628    313 2016  6  7    211    282    178 0 0 0
54511 3948 11628    313 2016  6  8    238    297    175 0 0 0
54511 3948 11628    313 2016  6  9    278    340    197 0 0 0
54511 3948 11628    313 2016  6 10    252    316    202 0 0 0
54511 3948 11628    313 2016  6 11    260    305    189 0 0 0
54511 3948 11628    313 2016  6 12    254    310    197 0 0 0
54511 3948 11628    313 2016  6 13    214    290    193 0 0 0
54511 3948 11628    313 2016  6 14    189    222    174 0 0 0
54511 3948 11628    313 2016  6 15    247    308    157 0 0 0
54511 3948 11628    313 2016  6 16    271    351    181 0 0 0
54511 3948 11628    313 2016  6 17    275    320    214 0 0 0
54511 3948 11628    313 2016  6 18    271    317    216 0 0 0
54511 3948 11628    313 2016  6 19    289    358    213 0 0 0
54511 3948 11628    313 2016  6 20    281    338    242 0 0 0
54511 3948 11628    313 2016  6 21    290    345    240 0 0 0
54511 3948 11628    313 2016  6 22    277    333    227 0 0 0
54511 3948 11628    313 2016  6 23    277    308    246 0 0 0
54511 3948 11628    313 2016  6 24    284    342    183 0 0 0
54511 3948 11628    313 2016  6 25    312    378    246 0 0 0
54511 3948 11628    313 2016  6 26    308    376    226 0 0 0
54511 3948 11628    313 2016  6 27    260    320    222 0 0 0
54511 3948 11628    313 2016  6 28    215    226    182 0 0 0
54511 3948 11628    313 2016  6 29    241    286    201 0 0 0
54511 3948 11628    313 2016  6 30    263    329    211 0 0 0
54511 3948 11628    313 2016  7  1    276    313    236 0 0 0
54511 3948 11628    313 2016  7  2    275    333    209 0 0 0
54511 3948 11628    313 2016  7  3    278    322    235 0 0 0
54511 3948 11628    313 2016  7  4    274    317    236 0 0 0
54511 3948 11628    313 2016  7  5    271    317    228 0 0 0
54511 3948 11628    313 2016  7  6    287    336    222 0 0 0
54511 3948 11628    313 2016  7  7    285    334    233 0 0 0
54511 3948 11628    313 2016  7  8    280    330    238 0 0 0
54511 3948 11628    313 2016  7  9    300    351    252 0 0 0
54511 3948 11628    313 2016  7 10    309    359    255 0 0 0
54511 3948 11628    313 2016  7 11    310    359    263 0 0 0
54511 3948 11628    313 2016  7 12    278    325    253 0 0 0
54511 3948 11628    313 2016  7 13    299    365    229 0 0 0
54511 3948 11628    313 2016  7 14    285    329    258 0 0 0
54511 3948 11628    313 2016  7 15    223    264    204 0 0 0
54511 3948 11628    313 2016  7 16    243    276    213 0 0 0
54511 3948 11628    313 2016  7 17    266    313    231 0 0 0
54511 3948 11628    313 2016  7 18    258    293    238 0 0 0
54511 3948 11628    313 2016  7 19    242    260    232 0 0 0
54511 3948 11628    313 2016  7 20    221    243    213 0 0 0
54511 3948 11628    313 2016  7 21    241    263    220 0 0 0
54511 3948 11628    313 2016  7 22    268    306    235 0 0 0
54511 3948 11628    313 2016  7 23    297    337    263 0 0 0
54511 3948 11628    313 2016  7 24    283    337    254 0 0 0
54511 3948 11628    313 2016  7 25    279    332    246 0 0 0
54511 3948 11628    313 2016  7 26    287    329    226 0 0 0
54511 3948 11628    313 2016  7 27    281    344    248 0 0 0
54511 3948 11628    313 2016  7 28    277    328    225 0 0 0
54511 3948 11628    313 2016  7 29    294    333    269 0 0 0
54511 3948 11628    313 2016  7 30    283    315    266 0 0 0
54511 3948 11628    313 2016  7 31    256    288    234 0 0 0
54511 3948 11628    313 2016  8  1    283    317    259 0 0 0
54511 3948 11628    313 2016  8  2    291    332    251 0 0 0
54511 3948 11628    313 2016  8  3    302    346    251 0 0 0
54511 3948 11628    313 2016  8  4    298    330    265 0 0 0
54511 3948 11628    313 2016  8  5    288    330    254 0 0 0
54511 3948 11628    313 2016  8  6    296    327    264 0 0 0
54511 3948 11628    313 2016  8  7    272    313    236 0 0 0
54511 3948 11628    313 2016  8  8    280    321    236 0 0 0
54511 3948 11628    313 2016  8  9    275    314    218 0 0 0
54511 3948 11628    313 2016  8 10    293    335    258 0 0 0
54511 3948 11628    313 2016  8 11    307    342    269 0 0 0
54511 3948 11628    313 2016  8 12    279    334    247 0 0 0
54511 3948 11628    313 2016  8 13    279    326    252 0 0 0
54511 3948 11628    313 2016  8 14    289    327    232 0 0 0
54511 3948 11628    313 2016  8 15    248    290    218 0 0 0
54511 3948 11628    313 2016  8 16    259    313    196 0 0 0
54511 3948 11628    313 2016  8 17    257    278    237 0 0 0
54511 3948 11628    313 2016  8 18    238    253    227 0 0 0
54511 3948 11628    313 2016  8 19    273    328    228 0 0 0
54511 3948 11628    313 2016  8 20    273    315    232 0 0 0
54511 3948 11628    313 2016  8 21    287    333    235 0 0 0
54511 3948 11628    313 2016  8 22    283    326    240 0 0 0
54511 3948 11628    313 2016  8 23    271    301    243 0 0 0
54511 3948 11628    313 2016  8 24    278    299    247 0 0 0
54511 3948 11628    313 2016  8 25    272    293    240 0 0 0
54511 3948 11628    313 2016  8 26    240    301    160 0 0 0
54511 3948 11628    313 2016  8 27    248    326    170 0 0 0
54511 3948 11628    313 2016  8 28    257    326    178 0 0 0
54511 3948 11628    313 2016  8 29    254    308    184 0 0 0
54511 3948 11628    313 2016  8 30    265    325    209 0 0 0
54511 3948 11628    313 2016  8 31    276    341    181 0 0 0
54511 3948 11628    313 2016  9  1    245    297    213 0 0 0
54511 3948 11628    313 2016  9  2    243    288    208 0 0 0
54511 3948 11628    313 2016  9  3    252    302    192 0 0 0
54511 3948 11628    313 2016  9  4    252    295    214 0 0 0
54511 3948 11628    313 2016  9  5    257    320    195 0 0 0
54511 3948 11628    313 2016  9  6    262    316    206 0 0 0
54511 3948 11628    313 2016  9  7    232    297    198 0 0 0
54511 3948 11628    313 2016  9  8    235    313    166 0 0 0
54511 3948 11628    313 2016  9  9    250    314    181 0 0 0
54511 3948 11628    313 2016  9 10    249    303    189 0 0 0
54511 3948 11628    313 2016  9 11    215    256    178 0 0 0
54511 3948 11628    313 2016  9 12    223    271    170 0 0 0
54511 3948 11628    313 2016  9 13    233    278    192 0 0 0
54511 3948 11628    313 2016  9 14    247    295    194 0 0 0
54511 3948 11628    313 2016  9 15    256    307    204 0 0 0
54511 3948 11628    313 2016  9 16    254    304    213 0 0 0
54511 3948 11628    313 2016  9 17    222    247    209 0 0 0
54511 3948 11628    313 2016  9 18    191    223    179 0 0 0
54511 3948 11628    313 2016  9 19    197    253    147 0 0 0
54511 3948 11628    313 2016  9 20    200    267    133 0 0 0
54511 3948 11628    313 2016  9 21    196    237    161 0 0 0
54511 3948 11628    313 2016  9 22    202    251    154 0 0 0
54511 3948 11628    313 2016  9 23    215    267    172 0 0 0
54511 3948 11628    313 2016  9 24    228    272    178 0 0 0
54511 3948 11628    313 2016  9 25    230    274    205 0 0 0
54511 3948 11628    313 2016  9 26    198    234    183 0 0 0
54511 3948 11628    313 2016  9 27    182    209    161 0 0 0
54511 3948 11628    313 2016  9 28    157    210    116 0 0 0
54511 3948 11628    313 2016  9 29    155    214     84 0 0 0
54511 3948 11628    313 2016  9 30    184    241    121 0 0 0
54511 3948 11628    313 2016 10  1    187    243    139 0 0 0
54511 3948 11628    313 2016 10  2    197    250    145 0 0 0
54511 3948 11628    313 2016 10  3    217    284    183 0 0 0
54511 3948 11628    313 2016 10  4    173    227    145 0 0 0
54511 3948 11628    313 2016 10  5    167    212    130 0 0 0
54511 3948 11628    313 2016 10  6    159    184    139 0 0 0
54511 3948 11628    313 2016 10  7    134    158    120 0 0 0
54511 3948 11628    313 2016 10  8    131    176     86 0 0 0
54511 3948 11628    313 2016 10  9    109    176     51 0 0 0
54511 3948 11628    313 2016 10 10    116    187     61 0 0 0
54511 3948 11628    313 2016 10 11    136    182     84 0 0 0
54511 3948 11628    313 2016 10 12    149    186    121 0 0 0
54511 3948 11628    313 2016 10 13    153    213    100 0 0 0
54511 3948 11628    313 2016 10 14    162    225    123 0 0 0
54511 3948 11628    313 2016 10 15    147    172    108 0 0 0
54511 3948 11628    313 2016 10 16    162    199    141 0 0 0
54511 3948 11628    313 2016 10 17    162    225    103 0 0 0
54511 3948 11628    313 2016 10 18    160    181    137 0 0 0
54511 3948 11628    313 2016 10 19    163    194    149 0 0 0
54511 3948 11628    313 2016 10 20    137    168    104 0 0 0
54511 3948 11628    313 2016 10 21    106    111     98 0 0 0
54511 3948 11628    313 2016 10 22    120    143    104 0 0 0
54511 3948 11628    313 2016 10 23    109    159     63 0 0 0
54511 3948 11628    313 2016 10 24     98    119     77 0 0 0
54511 3948 11628    313 2016 10 25    111    181     55 0 0 0
54511 3948 11628    313 2016 10 26    127    172     97 0 0 0
54511 3948 11628    313 2016 10 27     90    116     74 0 0 0
54511 3948 11628    313 2016 10 28     99    129     58 0 0 0
54511 3948 11628    313 2016 10 29     66    127      3 0 0 0
54511 3948 11628    313 2016 10 30     68    113     15 0 0 0
54511 3948 11628    313 2016 10 31     31     83     -2 0 0 0
54511 3948 11628    313 2016 11  1     23     82    -40 0 0 0
54511 3948 11628    313 2016 11  2     53    124     -9 0 0 0
54511 3948 11628    313 2016 11  3     52    108      5 0 0 0
54511 3948 11628    313 2016 11  4     60    109     24 0 0 0
54511 3948 11628    313 2016 11  5     88    159     58 0 0 0
54511 3948 11628    313 2016 11  6     72     99     52 0 0 0
54511 3948 11628    313 2016 11  7     81    126     50 0 0 0
54511 3948 11628    313 2016 11  8     55    117    -14 0 0 0
54511 3948 11628    313 2016 11  9     35     77      2 0 0 0
54511 3948 11628    313 2016 11 10     63    100     44 0 0 0
54511 3948 11628    313 2016 11 11     47     91     10 0 0 0
54511 3948 11628    313 2016 11 12     70    132      6 0 0 0
54511 3948 11628    313 2016 11 13     78     98     67 0 0 0
54511 3948 11628    313 2016 11 14     98    135     49 0 0 0
54511 3948 11628    313 2016 11 15     43    109    -15 0 0 0
54511 3948 11628    313 2016 11 16     57    117     22 0 0 0
54511 3948 11628    313 2016 11 17     59     65     37 0 0 0
54511 3948 11628    313 2016 11 18     67     74     63 0 0 0
54511 3948 11628    313 2016 11 19    102    165     51 0 0 0
54511 3948 11628    313 2016 11 20     41     92     25 0 0 0
54511 3948 11628    313 2016 11 21    -14     25    -30 0 0 0
54511 3948 11628    313 2016 11 22    -36     -2    -66 0 0 0
54511 3948 11628    313 2016 11 23    -15     26    -53 0 0 0
54511 3948 11628    313 2016 11 24    -12     44    -60 0 0 0
54511 3948 11628    313 2016 11 25      3     53    -49 0 0 0
54511 3948 11628    313 2016 11 26     18     78    -21 0 0 0
54511 3948 11628    313 2016 11 27     32     75    -15 0 0 0
54511 3948 11628    313 2016 11 28     12     84    -44 0 0 0
54511 3948 11628    313 2016 11 29     12     44    -25 0 0 0
54511 3948 11628    313 2016 11 30     46     99    -10 0 0 0
54511 3948 11628    313 2016 12  1     55    103      4 0 0 0
54511 3948 11628    313 2016 12  2     27    101    -28 0 0 0
54511 3948 11628    313 2016 12  3     23     79    -23 0 0 0
54511 3948 11628    313 2016 12  4     29    106    -24 0 0 0
54511 3948 11628    313 2016 12  5     24     66     -5 0 0 0
54511 3948 11628    313 2016 12  6     -2     63    -54 0 0 0
54511 3948 11628    313 2016 12  7     27     83    -24 0 0 0
54511 3948 11628    313 2016 12  8     37     91     -7 0 0 0
54511 3948 11628    313 2016 12  9     11     47     -6 0 0 0
54511 3948 11628    313 2016 12 10     -8     63    -61 0 0 0
54511 3948 11628    313 2016 12 11     -5     41    -50 0 0 0
54511 3948 11628    313 2016 12 12     29     65     11 0 0 0
54511 3948 11628    313 2016 12 13      5     33    -19 0 0 0
54511 3948 11628    313 2016 12 14    -14     31    -49 0 0 0
54511 3948 11628    313 2016 12 15      4     53    -64 0 0 0
54511 3948 11628    313 2016 12 16     -4     64    -56 0 0 0
54511 3948 11628    313 2016 12 17      1     53    -46 0 0 0
54511 3948 11628    313 2016 12 18     -2     73    -44 0 0 0
54511 3948 11628    313 2016 12 19      4     85    -47 0 0 0
54511 3948 11628    313 2016 12 20    -20      5    -44 0 0 0
54511 3948 11628    313 2016 12 21      8     41    -16 0 0 0
54511 3948 11628    313 2016 12 22     26     60    -18 0 0 0
54511 3948 11628    313 2016 12 23    -13     44    -48 0 0 0
54511 3948 11628    313 2016 12 24     -9     44    -53 0 0 0
54511 3948 11628    313 2016 12 25    -10     18    -37 0 0 0
54511 3948 11628    313 2016 12 26     13     43    -16 0 0 0
54511 3948 11628    313 2016 12 27    -17     34    -64 0 0 0
54511 3948 11628    313 2016 12 28    -21     21    -53 0 0 0
54511 3948 11628    313 2016 12 29    -27     19    -71 0 0 0
54511 3948 11628    313 2016 12 30    -37     13    -82 0 0 0
54511 3948 11628    313 2016 12 31    -39     24    -71 0 0 0
54511 3948 11628    313 2017  1  1    -40    -15    -58 0 0 0
54511 3948 11628    313 2017  1  2    -26     41    -80 0 0 0
54511 3948 11628    313 2017  1  3    -20     41    -57 0 0 0
54511 3948 11628    313 2017  1  4    -15     40    -53 0 0 0
54511 3948 11628    313 2017  1  5      9     36    -28 0 0 0
54511 3948 11628    313 2017  1  6      1     55    -46 0 0 0
54511 3948 11628    313 2017  1  7     17     40     13 0 0 0
54511 3948 11628    313 2017  1  8     14     64    -14 0 0 0
54511 3948 11628    313 2017  1  9      8     42    -15 0 0 0
54511 3948 11628    313 2017  1 10     10     47    -16 0 0 0
54511 3948 11628    313 2017  1 11    -11     67    -63 0 0 0
54511 3948 11628    313 2017  1 12      4     56    -27 0 0 0
54511 3948 11628    313 2017  1 13      4     41    -35 0 0 0
54511 3948 11628    313 2017  1 14    -22     30    -64 0 0 0
54511 3948 11628    313 2017  1 15    -35     -6    -51 0 0 0
54511 3948 11628    313 2017  1 16    -18      2    -44 0 0 0
54511 3948 11628    313 2017  1 17    -10     21    -20 0 0 0
54511 3948 11628    313 2017  1 18    -25     18    -58 0 0 0
54511 3948 11628    313 2017  1 19    -31     -6    -59 0 0 0
54511 3948 11628    313 2017  1 20    -51     -2    -84 0 0 0
54511 3948 11628    313 2017  1 21    -37      1    -94 0 0 0
54511 3948 11628    313 2017  1 22    -50      6    -92 0 0 0
54511 3948 11628    313 2017  1 23    -52      3   -101 0 0 0
54511 3948 11628    313 2017  1 24    -39     23   -101 0 0 0
54511 3948 11628    313 2017  1 25    -30     30    -75 0 0 0
54511 3948 11628    313 2017  1 26     11     95    -50 0 0 0
54511 3948 11628    313 2017  1 27     -6     43    -61 0 0 0
54511 3948 11628    313 2017  1 28    -17     20    -43 0 0 0
54511 3948 11628    313 2017  1 29    -17     14    -39 0 0 0
54511 3948 11628    313 2017  1 30    -31     18    -75 0 0 0
54511 3948 11628    313 2017  1 31    -12     48    -55 0 0 0
54511 3948 11628    313 2017  2  1     -7     45    -41 0 0 0
54511 3948 11628    313 2017  2  2    -31     56   -100 0 0 0
54511 3948 11628    313 2017  2  3     -8     64    -64 0 0 0
54511 3948 11628    313 2017  2  4     20     77    -15 0 0 0
54511 3948 11628    313 2017  2  5     42     92    -15 0 0 0
54511 3948 11628    313 2017  2  6     12     64    -19 0 0 0
54511 3948 11628    313 2017  2  7     -2     32    -19 0 0 0
54511 3948 11628    313 2017  2  8     -3     38    -35 0 0 0
54511 3948 11628    313 2017  2  9    -13     28    -37 0 0 0
54511 3948 11628    313 2017  2 10      6     55    -30 0 0 0
54511 3948 11628    313 2017  2 11      4     91    -74 0 0 0
54511 3948 11628    313 2017  2 12     11    104    -46 0 0 0
54511 3948 11628    313 2017  2 13     41    122    -31 0 0 0
54511 3948 11628    313 2017  2 14     -1     69    -38 0 0 0
54511 3948 11628    313 2017  2 15     17     87    -34 0 0 0
54511 3948 11628    313 2017  2 16     54     93     16 0 0 0
54511 3948 11628    313 2017  2 17     20     62    -10 0 0 0
54511 3948 11628    313 2017  2 18     33    102    -37 0 0 0
54511 3948 11628    313 2017  2 19     55    142     -6 0 0 0
54511 3948 11628    313 2017  2 20     11     64    -23 0 0 0
54511 3948 11628    313 2017  2 21    -16     22    -27 0 0 0
54511 3948 11628    313 2017  2 22     -2     58    -46 0 0 0
54511 3948 11628    313 2017  2 23     26     81    -46 0 0 0
54511 3948 11628    313 2017  2 24     47    114    -42 0 0 0
54511 3948 11628    313 2017  2 25     79    135      2 0 0 0
54511 3948 11628    313 2017  2 26     69    133     -7 0 0 0
54511 3948 11628    313 2017  2 27     73    161     -8 0 0 0
54511 3948 11628    313 2017  2 28    101    157     40 0 0 0
54511 3948 11628    313 2017  3  1     62    115     42 0 0 0
54511 3948 11628    313 2017  3  2     62    151     -4 0 0 0
54511 3948 11628    313 2017  3  3     73    144      0 0 0 0
54511 3948 11628    313 2017  3  4     52    124    -18 0 0 0
54511 3948 11628    313 2017  3  5     71    112     42 0 0 0
54511 3948 11628    313 2017  3  6     37     99    -10 0 0 0
54511 3948 11628    313 2017  3  7     35     85     -3 0 0 0
54511 3948 11628    313 2017  3  8     69    134    -22 0 0 0
54511 3948 11628    313 2017  3  9     96    175     -8 0 0 0
54511 3948 11628    313 2017  3 10    102    193      1 0 0 0
54511 3948 11628    313 2017  3 11    135    199     66 0 0 0
54511 3948 11628    313 2017  3 12     93    161     59 0 0 0
54511 3948 11628    313 2017  3 13     96    155     18 0 0 0
54511 3948 11628    313 2017  3 14    111    173      5 0 0 0
54511 3948 11628    313 2017  3 15     82    155     15 0 0 0
54511 3948 11628    313 2017  3 16    101    163     20 0 0 0
54511 3948 11628    313 2017  3 17    107    156     70 0 0 0
54511 3948 11628    313 2017  3 18    118    191     40 0 0 0
54511 3948 11628    313 2017  3 19    120    183     56 0 0 0
54511 3948 11628    313 2017  3 20     98    147     76 0 0 0
54511 3948 11628    313 2017  3 21     92    142     44 0 0 0
54511 3948 11628    313 2017  3 22     98    139     37 0 0 0
54511 3948 11628    313 2017  3 23     73    124     53 0 0 0
54511 3948 11628    313 2017  3 24     33     77     15 0 0 0
54511 3948 11628    313 2017  3 25     77    139      7 0 0 0
54511 3948 11628    313 2017  3 26    101    144     73 0 0 0
54511 3948 11628    313 2017  3 27    105    153     53 0 0 0
54511 3948 11628    313 2017  3 28    108    165     38 0 0 0
54511 3948 11628    313 2017  3 29    125    196     52 0 0 0
54511 3948 11628    313 2017  3 30    128    161     92 0 0 0
54511 3948 11628    313 2017  3 31    129    188     66 0 0 0
54511 3948 11628    313 2017  4  1    144    222     43 0 0 0
54511 3948 11628    313 2017  4  2    151    231     58 0 0 0
54511 3948 11628    313 2017  4  3    170    255     77 0 0 0
54511 3948 11628    313 2017  4  4    167    202    132 0 0 0
54511 3948 11628    313 2017  4  5    153    200    126 0 0 0
54511 3948 11628    313 2017  4  6    161    249     92 0 0 0
54511 3948 11628    313 2017  4  7    145    200    126 0 0 0
54511 3948 11628    313 2017  4  8    153    183    134 0 0 0
54511 3948 11628    313 2017  4  9    130    187     71 0 0 0
54511 3948 11628    313 2017  4 10    148    198    109 0 0 0
54511 3948 11628    313 2017  4 11    155    216     79 0 0 0
54511 3948 11628    313 2017  4 12    165    260     60 0 0 0
54511 3948 11628    313 2017  4 13    143    191     57 0 0 0
54511 3948 11628    313 2017  4 14    185    278     79 0 0 0
54511 3948 11628    313 2017  4 15    216    311    103 0 0 0
54511 3948 11628    313 2017  4 16    200    252    139 0 0 0
54511 3948 11628    313 2017  4 17    193    256    108 0 0 0
54511 3948 11628    313 2017  4 18    187    233    148 0 0 0
54511 3948 11628    313 2017  4 19    143    194    127 0 0 0
54511 3948 11628    313 2017  4 20    158    233     56 0 0 0
54511 3948 11628    313 2017  4 21    174    225    129 0 0 0
54511 3948 11628    313 2017  4 22    187    264     95 0 0 0
54511 3948 11628    313 2017  4 23    189    241    155 0 0 0
54511 3948 11628    313 2017  4 24    179    233    104 0 0 0
54511 3948 11628    313 2017  4 25    160    204    137 0 0 0
54511 3948 11628    313 2017  4 26    180    235     78 0 0 0
54511 3948 11628    313 2017  4 27    204    288     72 0 0 0
54511 3948 11628    313 2017  4 28    221    306    122 0 0 0
54511 3948 11628    313 2017  4 29    257    335    136 0 0 0
54511 3948 11628    313 2017  4 30    231    289    160 0 0 0
54511 3948 11628    313 2017  5  1    204    267    118 0 0 0
54511 3948 11628    313 2017  5  2    222    293    135 0 0 0
54511 3948 11628    313 2017  5  3    206    263    177 0 0 0
54511 3948 11628    313 2017  5  4    199    248    159 0 0 0
54511 3948 11628    313 2017  5  5    180    213    154 0 0 0
54511 3948 11628    313 2017  5  6    215    289    115 0 0 0
54511 3948 11628    313 2017  5  7    230    309    130 0 0 0
54511 3948 11628    313 2017  5  8    237    308    147 0 0 0
54511 3948 11628    313 2017  5  9    221    283    166 0 0 0
54511 3948 11628    313 2017  5 10    231    316    150 0 0 0
54511 3948 11628    313 2017  5 11    233    301    130 0 0 0
54511 3948 11628    313 2017  5 12    226    291    134 0 0 0
54511 3948 11628    313 2017  5 13    217    281    143 0 0 0
54511 3948 11628    313 2017  5 14    235    279    174 0 0 0
54511 3948 11628    313 2017  5 15    217    279    157 0 0 0
54511 3948 11628    313 2017  5 16    239    311    163 0 0 0
54511 3948 11628    313 2017  5 17    260    321    176 0 0 0
54511 3948 11628    313 2017  5 18    277    347    197 0 0 0
54511 3948 11628    313 2017  5 19    293    368    226 0 0 0
54511 3948 11628    313 2017  5 20    281    351    207 0 0 0
54511 3948 11628    313 2017  5 21    237    292    198 0 0 0
54511 3948 11628    313 2017  5 22    181    228    161 0 0 0
54511 3948 11628    313 2017  5 23    218    294    132 0 0 0
54511 3948 11628    313 2017  5 24    254    337    136 0 0 0
54511 3948 11628    313 2017  5 25    245    291    170 0 0 0
54511 3948 11628    313 2017  5 26    225    290    147 0 0 0
54511 3948 11628    313 2017  5 27    242    307    180 0 0 0
54511 3948 11628    313 2017  5 28    273    354    203 0 0 0
54511 3948 11628    313 2017  5 29    241    289    218 0 0 0
54511 3948 11628    313 2017  5 30    219    273    181 0 0 0
54511 3948 11628    313 2017  5 31    253    335    165 0 0 0
54511 3948 11628    313 2017  6  1    254    311    162 0 0 0
54511 3948 11628    313 2017  6  2    197    261    179 0 0 0
54511 3948 11628    313 2017  6  3    208    277    126 0 0 0
54511 3948 11628    313 2017  6  4    249    320    154 0 0 0
54511 3948 11628    313 2017  6  5    253    293    200 0 0 0
54511 3948 11628    313 2017  6  6    181    266    168 0 0 0
54511 3948 11628    313 2017  6  7    228    304    147 0 0 0
54511 3948 11628    313 2017  6  8    254    331    167 0 0 0
54511 3948 11628    313 2017  6  9    292    383    184 0 0 0
54511 3948 11628    313 2017  6 10    250    326    191 0 0 0
54511 3948 11628    313 2017  6 11    236    306    156 0 0 0
54511 3948 11628    313 2017  6 12    233    271    197 0 0 0
54511 3948 11628    313 2017  6 13    221    261    162 0 0 0
54511 3948 11628    313 2017  6 14    266    361    161 0 0 0
54511 3948 11628    313 2017  6 15    296    385    190 0 0 0
54511 3948 11628    313 2017  6 16    310    376    235 0 0 0
54511 3948 11628    313 2017  6 17    302    352    238 0 0 0
54511 3948 11628    313 2017  6 18    292    347    256 0 0 0
54511 3948 11628    313 2017  6 19    289    352    226 0 0 0
54511 3948 11628    313 2017  6 20    280    336    210 0 0 0
54511 3948 11628    313 2017  6 21    271    313    233 0 0 0
54511 3948 11628    313 2017  6 22    208    264    195 0 0 0
54511 3948 11628    313 2017  6 23    195    221    184 0 0 0
54511 3948 11628    313 2017  6 24    225    265    182 0 0 0
54511 3948 11628    313 2017  6 25    251    318    179 0 0 0
54511 3948 11628    313 2017  6 26    279    341    198 0 0 0
54511 3948 11628    313 2017  6 27    289    351    229 0 0 0
54511 3948 11628    313 2017  6 28    283    344    234 0 0 0
54511 3948 11628    313 2017  6 29    293    328    243 0 0 0
54511 3948 11628    313 2017  6 30    299    353    242 0 0 0
