54416 4023 11652    718 2013 12  1    -17    101    -87 9 9 9
54416 4023 11652    718 2013 12  2      9    112    -56 9 9 9
54416 4023 11652    718 2013 12  3     38    141    -40 9 9 9
54416 4023 11652    718 2013 12  4     18    128    -38 9 9 9
54416 4023 11652    718 2013 12  5     33     86    -31 9 9 9
54416 4023 11652    718 2013 12  6     -8    101    -72 9 9 9
54416 4023 11652    718 2013 12  7    -14     70    -59 9 9 9
54416 4023 11652    718 2013 12  8     38     82    -31 9 9 9
54416 4023 11652    718 2013 12  9    -14     59    -68 9 9 9
54416 4023 11652    718 2013 12 10    -14     54    -68 9 9 9
54416 4023 11652    718 2013 12 11    -27     51   -115 9 9 9
54416 4023 11652    718 2013 12 12    -40     17    -79 9 9 9
54416 4023 11652    718 2013 12 13    -82     14   -137 9 9 9
54416 4023 11652    718 2013 12 14    -65     31   -129 9 9 9
54416 4023 11652    718 2013 12 15    -33     50    -77 9 9 9
54416 4023 11652    718 2013 12 16    -37     29    -85 9 9 9
54416 4023 11652    718 2013 12 17    -27     17    -62 9 9 9
54416 4023 11652    718 2013 12 18    -72     -9   -132 9 9 9
54416 4023 11652    718 2013 12 19    -63     -1    -93 9 9 9
54416 4023 11652    718 2013 12 20    -45     21   -128 9 9 9
54416 4023 11652    718 2013 12 21    -45     26   -107 9 9 9
54416 4023 11652    718 2013 12 22    -53     32   -105 9 9 9
54416 4023 11652    718 2013 12 23    -47     56   -111 9 9 9
54416 4023 11652    718 2013 12 24    -57     13   -102 9 9 9
54416 4023 11652    718 2013 12 25    -37     50    -97 9 9 9
54416 4023 11652    718 2013 12 26    -40     10    -83 9 9 9
54416 4023 11652    718 2013 12 27    -75     -2   -156 9 9 9
54416 4023 11652    718 2013 12 28    -73      7   -148 9 9 9
54416 4023 11652    718 2013 12 29    -39     70   -141 9 9 9
54416 4023 11652    718 2013 12 30    -36     82   -115 9 9 9
54416 4023 11652    718 2013 12 31    -19     90   -100 9 9 9
54416 4023 11652    718 2014  1  1    -11    111    -84 0 0 0
54416 4023 11652    718 2014  1  2    -18     69    -92 0 0 0
54416 4023 11652    718 2014  1  3      9     78    -45 0 0 0
54416 4023 11652    718 2014  1  4    -34     24    -82 0 0 0
54416 4023 11652    718 2014  1  5    -34     56    -82 0 0 0
54416 4023 11652    718 2014  1  6     -7      4    -64 0 0 0
54416 4023 11652    718 2014  1  7     -7     47    -67 0 0 0
54416 4023 11652    718 2014  1  8    -39     11    -67 0 0 0
54416 4023 11652    718 2014  1  9   -101    -11   -159 0 0 0
54416 4023 11652    718 2014  1 10    -79     29   -137 0 0 0
54416 4023 11652    718 2014  1 11    -64     47   -131 0 0 0
54416 4023 11652    718 2014  1 12    -43     14    -89 0 0 0
54416 4023 11652    718 2014  1 13    -77     29   -130 0 0 0
54416 4023 11652    718 2014  1 14    -67     34   -138 0 0 0
54416 4023 11652    718 2014  1 15    -52     62   -115 0 0 0
54416 4023 11652    718 2014  1 16    -29     44    -74 0 0 0
54416 4023 11652    718 2014  1 17    -24     29    -64 0 0 0
54416 4023 11652    718 2014  1 18    -40     72   -119 0 0 0
54416 4023 11652    718 2014  1 19     -4     28    -56 0 0 0
54416 4023 11652    718 2014  1 20    -25     24    -95 0 0 0
54416 4023 11652    718 2014  1 21    -62     31   -127 0 0 0
54416 4023 11652    718 2014  1 22    -47     58   -110 0 0 0
54416 4023 11652    718 2014  1 23    -50     37   -106 0 0 0
54416 4023 11652    718 2014  1 24     27     96    -70 0 0 0
54416 4023 11652    718 2014  1 25      4     58    -15 0 0 0
54416 4023 11652    718 2014  1 26    -16     21    -65 0 0 0
54416 4023 11652    718 2014  1 27    -15     96    -93 0 0 0
54416 4023 11652    718 2014  1 28    -24     43    -95 0 0 0
54416 4023 11652    718 2014  1 29    -41     37   -100 0 0 0
54416 4023 11652    718 2014  1 30      3     79    -72 0 0 0
54416 4023 11652    718 2014  1 31     -8     48    -80 0 0 0
54416 4023 11652    718 2014  2  1     20     39      3 0 0 0
54416 4023 11652    718 2014  2  2     34     83      6 0 0 0
54416 4023 11652    718 2014  2  3    -33     13    -94 0 0 0
54416 4023 11652    718 2014  2  4    -83      8   -163 0 0 0
54416 4023 11652    718 2014  2  5    -61     13   -127 0 0 0
54416 4023 11652    718 2014  2  6    -39     17    -93 0 0 0
54416 4023 11652    718 2014  2  7    -32    -15    -43 0 0 0
54416 4023 11652    718 2014  2  8    -34     12    -54 0 0 0
54416 4023 11652    718 2014  2  9    -67    -10   -138 0 0 0
54416 4023 11652    718 2014  2 10    -75    -12   -136 0 0 0
54416 4023 11652    718 2014  2 11    -76     11   -135 0 0 0
54416 4023 11652    718 2014  2 12    -44     47   -111 0 0 0
54416 4023 11652    718 2014  2 13    -40    -15    -80 0 0 0
54416 4023 11652    718 2014  2 14    -46     30    -93 0 0 0
54416 4023 11652    718 2014  2 15    -30     46    -80 0 0 0
54416 4023 11652    718 2014  2 16     -1     82    -70 0 0 0
54416 4023 11652    718 2014  2 17      9     50    -30 0 0 0
54416 4023 11652    718 2014  2 18    -25     12    -72 0 0 0
54416 4023 11652    718 2014  2 19    -28     57   -104 0 0 0
54416 4023 11652    718 2014  2 20    -21      6    -65 0 0 0
54416 4023 11652    718 2014  2 21    -10     38    -36 0 0 0
54416 4023 11652    718 2014  2 22     21     60    -38 0 0 0
54416 4023 11652    718 2014  2 23     22     32     10 0 0 0
54416 4023 11652    718 2014  2 24     24     77      1 0 0 0
54416 4023 11652    718 2014  2 25     15     86    -31 0 0 0
54416 4023 11652    718 2014  2 26     35     89    -17 0 0 0
54416 4023 11652    718 2014  2 27     28     73    -15 0 0 0
54416 4023 11652    718 2014  2 28    -20     53    -84 0 0 0
54416 4023 11652    718 2014  3  1     10    108    -44 0 0 0
54416 4023 11652    718 2014  3  2      2    105    -68 0 0 0
54416 4023 11652    718 2014  3  3     -8     17    -67 0 0 0
54416 4023 11652    718 2014  3  4     44     92    -29 0 0 0
54416 4023 11652    718 2014  3  5      1     86    -94 0 0 0
54416 4023 11652    718 2014  3  6      5     67    -81 0 0 0
54416 4023 11652    718 2014  3  7     -3     81    -90 0 0 0
54416 4023 11652    718 2014  3  8      5     96    -65 0 0 0
54416 4023 11652    718 2014  3  9     13    105    -80 0 0 0
54416 4023 11652    718 2014  3 10     28     90    -17 0 0 0
54416 4023 11652    718 2014  3 11     55    160    -26 0 0 0
54416 4023 11652    718 2014  3 12     56    100     34 0 0 0
54416 4023 11652    718 2014  3 13     45    132    -64 0 0 0
54416 4023 11652    718 2014  3 14     67    160    -49 0 0 0
54416 4023 11652    718 2014  3 15     85    227    -19 0 0 0
54416 4023 11652    718 2014  3 16     93    182      0 0 0 0
54416 4023 11652    718 2014  3 17    121    217     25 0 0 0
54416 4023 11652    718 2014  3 18    115    165     37 0 0 0
54416 4023 11652    718 2014  3 19     69    125      9 0 0 0
54416 4023 11652    718 2014  3 20     96    181    -25 0 0 0
54416 4023 11652    718 2014  3 21    107    217     -8 0 0 0
54416 4023 11652    718 2014  3 22    113    220     20 0 0 0
54416 4023 11652    718 2014  3 23    102    187     16 0 0 0
54416 4023 11652    718 2014  3 24    110    212     24 0 0 0
54416 4023 11652    718 2014  3 25    134    228     72 0 0 0
54416 4023 11652    718 2014  3 26    140    231     78 0 0 0
54416 4023 11652    718 2014  3 27    133    170     90 0 0 0
54416 4023 11652    718 2014  3 28    153    228    102 0 0 0
54416 4023 11652    718 2014  3 29    142    228     74 0 0 0
54416 4023 11652    718 2014  3 30    163    255     44 0 0 0
54416 4023 11652    718 2014  3 31    166    218    108 0 0 0
54416 4023 11652    718 2014  4  1    142    248     56 0 0 0
54416 4023 11652    718 2014  4  2    159    244     76 0 0 0
54416 4023 11652    718 2014  4  3    129    175     68 0 0 0
54416 4023 11652    718 2014  4  4    137    241     15 0 0 0
54416 4023 11652    718 2014  4  5    130    197     31 0 0 0
54416 4023 11652    718 2014  4  6    147    255     27 0 0 0
54416 4023 11652    718 2014  4  7    157    255     48 0 0 0
54416 4023 11652    718 2014  4  8    167    246     66 0 0 0
54416 4023 11652    718 2014  4  9    212    282    121 0 0 0
54416 4023 11652    718 2014  4 10    152    216    117 0 0 0
54416 4023 11652    718 2014  4 11    142    174    110 0 0 0
54416 4023 11652    718 2014  4 12    134    211     59 0 0 0
54416 4023 11652    718 2014  4 13    145    233     51 0 0 0
54416 4023 11652    718 2014  4 14    169    258     91 0 0 0
54416 4023 11652    718 2014  4 15    174    223    123 0 0 0
54416 4023 11652    718 2014  4 16    156    209    115 0 0 0
54416 4023 11652    718 2014  4 17    135    170    101 0 0 0
54416 4023 11652    718 2014  4 18    157    213    109 0 0 0
54416 4023 11652    718 2014  4 19    124    153     92 0 0 0
54416 4023 11652    718 2014  4 20    123    209     40 0 0 0
54416 4023 11652    718 2014  4 21    152    247     53 0 0 0
54416 4023 11652    718 2014  4 22    181    271     75 0 0 0
54416 4023 11652    718 2014  4 23    197    246    113 0 0 0
54416 4023 11652    718 2014  4 24    191    249    135 0 0 0
54416 4023 11652    718 2014  4 25    190    262    124 0 0 0
54416 4023 11652    718 2014  4 26    151    227    100 0 0 0
54416 4023 11652    718 2014  4 27    164    243     83 0 0 0
54416 4023 11652    718 2014  4 28    178    264     94 0 0 0
54416 4023 11652    718 2014  4 29    176    266     91 0 0 0
54416 4023 11652    718 2014  4 30    195    274    105 0 0 0
54416 4023 11652    718 2014  5  1    194    266    129 0 0 0
54416 4023 11652    718 2014  5  2    153    214    120 0 0 0
54416 4023 11652    718 2014  5  3    143    225     55 0 0 0
54416 4023 11652    718 2014  5  4    126    168     54 0 0 0
54416 4023 11652    718 2014  5  5    119    204     25 0 0 0
54416 4023 11652    718 2014  5  6    146    222     48 0 0 0
54416 4023 11652    718 2014  5  7    173    246     85 0 0 0
54416 4023 11652    718 2014  5  8    156    229     59 0 0 0
54416 4023 11652    718 2014  5  9    179    204    140 0 0 0
54416 4023 11652    718 2014  5 10    170    201    111 0 0 0
54416 4023 11652    718 2014  5 11    115    172    102 0 0 0
54416 4023 11652    718 2014  5 12    191    298     87 0 0 0
54416 4023 11652    718 2014  5 13    197    302    119 0 0 0
54416 4023 11652    718 2014  5 14    175    247    136 0 0 0
54416 4023 11652    718 2014  5 15    189    279     80 0 0 0
54416 4023 11652    718 2014  5 16    232    298    132 0 0 0
54416 4023 11652    718 2014  5 17    208    272    132 0 0 0
54416 4023 11652    718 2014  5 18    221    294    118 0 0 0
54416 4023 11652    718 2014  5 19    207    274    166 0 0 0
54416 4023 11652    718 2014  5 20    240    321    167 0 0 0
54416 4023 11652    718 2014  5 21    234    308    147 0 0 0
54416 4023 11652    718 2014  5 22    270    345    172 0 0 0
54416 4023 11652    718 2014  5 23    287    343    194 0 0 0
54416 4023 11652    718 2014  5 24    196    289    183 0 0 0
54416 4023 11652    718 2014  5 25    214    281    185 0 0 0
54416 4023 11652    718 2014  5 26    226    357     95 0 0 0
54416 4023 11652    718 2014  5 27    200    318    146 0 0 0
54416 4023 11652    718 2014  5 28    252    365    118 0 0 0
54416 4023 11652    718 2014  5 29    278    395    166 0 0 0
54416 4023 11652    718 2014  5 30    278    354    205 0 0 0
54416 4023 11652    718 2014  5 31    272    353    194 0 0 0
54416 4023 11652    718 2014  6  1    241    311    198 0 0 0
54416 4023 11652    718 2014  6  2    219    272    173 0 0 0
54416 4023 11652    718 2014  6  3    253    329    158 0 0 0
54416 4023 11652    718 2014  6  4    255    316    182 0 0 0
54416 4023 11652    718 2014  6  5    268    341    183 0 0 0
54416 4023 11652    718 2014  6  6    215    296    171 0 0 0
54416 4023 11652    718 2014  6  7    209    278    139 0 0 0
54416 4023 11652    718 2014  6  8    205    304    149 0 0 0
54416 4023 11652    718 2014  6  9    213    296    125 0 0 0
54416 4023 11652    718 2014  6 10    202    256    167 0 0 0
54416 4023 11652    718 2014  6 11    233    300    158 0 0 0
54416 4023 11652    718 2014  6 12    260    345    170 0 0 0
54416 4023 11652    718 2014  6 13    243    320    193 0 0 0
54416 4023 11652    718 2014  6 14    243    322    166 0 0 0
54416 4023 11652    718 2014  6 15    258    321    204 0 0 0
54416 4023 11652    718 2014  6 16    250    288    198 0 0 0
54416 4023 11652    718 2014  6 17    209    270    181 0 0 0
54416 4023 11652    718 2014  6 18    233    311    166 0 0 0
54416 4023 11652    718 2014  6 19    240    284    190 0 0 0
54416 4023 11652    718 2014  6 20    216    272    176 0 0 0
54416 4023 11652    718 2014  6 21    225    270    184 0 0 0
54416 4023 11652    718 2014  6 22    222    294    175 0 0 0
54416 4023 11652    718 2014  6 23    240    312    168 0 0 0
54416 4023 11652    718 2014  6 24    251    313    186 0 0 0
54416 4023 11652    718 2014  6 25    249    284    207 0 0 0
54416 4023 11652    718 2014  6 26    254    315    224 0 0 0
54416 4023 11652    718 2014  6 27    255    333    187 0 0 0
54416 4023 11652    718 2014  6 28    262    349    177 0 0 0
54416 4023 11652    718 2014  6 29    271    343    198 0 0 0
54416 4023 11652    718 2014  6 30    265    333    212 0 0 0
54416 4023 11652    718 2014  7  1    253    317    211 0 0 0
54416 4023 11652    718 2014  7  2    222    243    202 0 0 0
54416 4023 11652    718 2014  7  3    250    292    223 0 0 0
54416 4023 11652    718 2014  7  4    273    339    232 0 0 0
54416 4023 11652    718 2014  7  5    266    309    229 0 0 0
54416 4023 11652    718 2014  7  6    270    301    243 0 0 0
54416 4023 11652    718 2014  7  7    263    303    233 0 0 0
54416 4023 11652    718 2014  7  8    264    315    232 0 0 0
54416 4023 11652    718 2014  7  9    249    299    204 0 0 0
54416 4023 11652    718 2014  7 10    271    359    191 0 0 0
54416 4023 11652    718 2014  7 11    270    336    203 0 0 0
54416 4023 11652    718 2014  7 12    266    339    202 0 0 0
54416 4023 11652    718 2014  7 13    267    340    191 0 0 0
54416 4023 11652    718 2014  7 14    272    349    184 0 0 0
54416 4023 11652    718 2014  7 15    271    303    216 0 0 0
54416 4023 11652    718 2014  7 16    255    308    214 0 0 0
54416 4023 11652    718 2014  7 17    253    296    211 0 0 0
54416 4023 11652    718 2014  7 18    278    321    240 0 0 0
54416 4023 11652    718 2014  7 19    306    353    245 0 0 0
54416 4023 11652    718 2014  7 20    300    340    255 0 0 0
54416 4023 11652    718 2014  7 21    288    339    232 0 0 0
54416 4023 11652    718 2014  7 22    256    304    232 0 0 0
54416 4023 11652    718 2014  7 23    247    310    206 0 0 0
54416 4023 11652    718 2014  7 24    256    303    222 0 0 0
54416 4023 11652    718 2014  7 25    269    344    193 0 0 0
54416 4023 11652    718 2014  7 26    277    341    210 0 0 0
54416 4023 11652    718 2014  7 27    287    347    205 0 0 0
54416 4023 11652    718 2014  7 28    288    350    225 0 0 0
54416 4023 11652    718 2014  7 29    294    330    251 0 0 0
54416 4023 11652    718 2014  7 30    249    300    216 0 0 0
54416 4023 11652    718 2014  7 31    267    315    231 0 0 0
54416 4023 11652    718 2014  8  1    275    324    235 0 0 0
54416 4023 11652    718 2014  8  2    287    332    251 0 0 0
54416 4023 11652    718 2014  8  3    293    349    250 0 0 0
54416 4023 11652    718 2014  8  4    236    282    210 0 0 0
54416 4023 11652    718 2014  8  5    242    315    169 0 0 0
54416 4023 11652    718 2014  8  6    274    342    191 0 0 0
54416 4023 11652    718 2014  8  7    265    331    184 0 0 0
54416 4023 11652    718 2014  8  8    255    318    190 0 0 0
54416 4023 11652    718 2014  8  9    254    308    187 0 0 0
54416 4023 11652    718 2014  8 10    252    321    176 0 0 0
54416 4023 11652    718 2014  8 11    264    347    181 0 0 0
54416 4023 11652    718 2014  8 12    254    333    167 0 0 0
54416 4023 11652    718 2014  8 13    202    268    189 0 0 0
54416 4023 11652    718 2014  8 14    226    305    146 0 0 0
54416 4023 11652    718 2014  8 15    246    328    172 0 0 0
54416 4023 11652    718 2014  8 16    264    346    195 0 0 0
54416 4023 11652    718 2014  8 17    257    321    229 0 0 0
54416 4023 11652    718 2014  8 18    249    314    192 0 0 0
54416 4023 11652    718 2014  8 19    262    334    194 0 0 0
54416 4023 11652    718 2014  8 20    263    333    197 0 0 0
54416 4023 11652    718 2014  8 21    258    345    208 0 0 0
54416 4023 11652    718 2014  8 22    241    292    189 0 0 0
54416 4023 11652    718 2014  8 23    265    328    213 0 0 0
54416 4023 11652    718 2014  8 24    237    313    189 0 0 0
54416 4023 11652    718 2014  8 25    236    317    167 0 0 0
54416 4023 11652    718 2014  8 26    239    345    158 0 0 0
54416 4023 11652    718 2014  8 27    246    338    171 0 0 0
54416 4023 11652    718 2014  8 28    226    284    192 0 0 0
54416 4023 11652    718 2014  8 29    216    270    182 0 0 0
54416 4023 11652    718 2014  8 30    220    257    199 0 0 0
54416 4023 11652    718 2014  8 31    218    260    197 0 0 0
54416 4023 11652    718 2014  9  1    222    259    201 0 0 0
54416 4023 11652    718 2014  9  2    195    225    186 0 0 0
54416 4023 11652    718 2014  9  3    206    294    127 0 0 0
54416 4023 11652    718 2014  9  4    225    329    151 0 0 0
54416 4023 11652    718 2014  9  5    229    292    174 0 0 0
54416 4023 11652    718 2014  9  6    235    287    191 0 0 0
54416 4023 11652    718 2014  9  7    232    281    204 0 0 0
54416 4023 11652    718 2014  9  8    215    291    123 0 0 0
54416 4023 11652    718 2014  9  9    204    289    133 0 0 0
54416 4023 11652    718 2014  9 10    208    282    156 0 0 0
54416 4023 11652    718 2014  9 11    206    257    164 0 0 0
54416 4023 11652    718 2014  9 12    200    235    188 0 0 0
54416 4023 11652    718 2014  9 13    204    267    169 0 0 0
54416 4023 11652    718 2014  9 14    186    229    146 0 0 0
54416 4023 11652    718 2014  9 15    169    270     93 0 0 0
54416 4023 11652    718 2014  9 16    165    221     98 0 0 0
54416 4023 11652    718 2014  9 17    156    228    119 0 0 0
54416 4023 11652    718 2014  9 18    171    279     94 0 0 0
54416 4023 11652    718 2014  9 19    171    244    106 0 0 0
54416 4023 11652    718 2014  9 20    197    267    158 0 0 0
54416 4023 11652    718 2014  9 21    196    248    161 0 0 0
54416 4023 11652    718 2014  9 22    194    214    182 0 0 0
54416 4023 11652    718 2014  9 23    171    192    161 0 0 0
54416 4023 11652    718 2014  9 24    189    260    138 0 0 0
54416 4023 11652    718 2014  9 25    178    214    137 0 0 0
54416 4023 11652    718 2014  9 26    186    213    160 0 0 0
54416 4023 11652    718 2014  9 27    175    247    126 0 0 0
54416 4023 11652    718 2014  9 28    166    230    121 0 0 0
54416 4023 11652    718 2014  9 29    158    222    122 0 0 0
54416 4023 11652    718 2014  9 30    102    146     68 0 0 0
54416 4023 11652    718 2014 10  1    104    125     69 0 0 0
54416 4023 11652    718 2014 10  2    135    214     79 0 0 0
54416 4023 11652    718 2014 10  3    128    167     88 0 0 0
54416 4023 11652    718 2014 10  4    143    163    128 0 0 0
54416 4023 11652    718 2014 10  5    137    200     84 0 0 0
54416 4023 11652    718 2014 10  6    112    208     45 0 0 0
54416 4023 11652    718 2014 10  7    121    217     57 0 0 0
54416 4023 11652    718 2014 10  8    138    206     95 0 0 0
54416 4023 11652    718 2014 10  9    149    223    105 0 0 0
54416 4023 11652    718 2014 10 10    161    220    120 0 0 0
54416 4023 11652    718 2014 10 11    165    200    121 0 0 0
54416 4023 11652    718 2014 10 12    143    184    118 0 0 0
54416 4023 11652    718 2014 10 13     97    172     12 0 0 0
54416 4023 11652    718 2014 10 14     93    204     14 0 0 0
54416 4023 11652    718 2014 10 15    124    217     37 0 0 0
54416 4023 11652    718 2014 10 16     95    209      1 0 0 0
54416 4023 11652    718 2014 10 17    107    233     25 0 0 0
54416 4023 11652    718 2014 10 18    140    250     64 0 0 0
54416 4023 11652    718 2014 10 19    145    200    106 0 0 0
54416 4023 11652    718 2014 10 20    163    212    111 0 0 0
54416 4023 11652    718 2014 10 21    110    169     54 0 0 0
54416 4023 11652    718 2014 10 22     86    132     36 0 0 0
54416 4023 11652    718 2014 10 23    128    165    103 0 0 0
54416 4023 11652    718 2014 10 24    125    180     76 0 0 0
54416 4023 11652    718 2014 10 25    125    193     85 0 0 0
54416 4023 11652    718 2014 10 26    122    173     75 0 0 0
54416 4023 11652    718 2014 10 27     60    142    -12 0 0 0
54416 4023 11652    718 2014 10 28     66    138      5 0 0 0
54416 4023 11652    718 2014 10 29     91    166     35 0 0 0
54416 4023 11652    718 2014 10 30    113    156     87 0 0 0
54416 4023 11652    718 2014 10 31    117    143     93 0 0 0
54416 4023 11652    718 2014 11  1     93    149     43 0 0 0
54416 4023 11652    718 2014 11  2     92    150     42 0 0 0
54416 4023 11652    718 2014 11  3     60    185    -20 0 0 0
54416 4023 11652    718 2014 11  4     56    163    -12 0 0 0
54416 4023 11652    718 2014 11  5     89    198     -2 0 0 0
54416 4023 11652    718 2014 11  6     63    135     -2 0 0 0
54416 4023 11652    718 2014 11  7     19     92    -32 0 0 0
54416 4023 11652    718 2014 11  8     23    131    -42 0 0 0
54416 4023 11652    718 2014 11  9     48    170    -34 0 0 0
54416 4023 11652    718 2014 11 10     53    159    -18 0 0 0
54416 4023 11652    718 2014 11 11     40    120     -1 0 0 0
54416 4023 11652    718 2014 11 12     38     94    -13 0 0 0
54416 4023 11652    718 2014 11 13      0    120    -76 0 0 0
54416 4023 11652    718 2014 11 14     23    124    -53 0 0 0
54416 4023 11652    718 2014 11 15     29     90    -18 0 0 0
54416 4023 11652    718 2014 11 16     30    122    -32 0 0 0
54416 4023 11652    718 2014 11 17     25    111    -18 0 0 0
54416 4023 11652    718 2014 11 18     28    143    -36 0 0 0
54416 4023 11652    718 2014 11 19     20     89    -25 0 0 0
54416 4023 11652    718 2014 11 20     21    113    -25 0 0 0
54416 4023 11652    718 2014 11 21     47    144    -30 0 0 0
54416 4023 11652    718 2014 11 22     21    117    -38 0 0 0
54416 4023 11652    718 2014 11 23     24     95     -9 0 0 0
54416 4023 11652    718 2014 11 24     22    118    -55 0 0 0
54416 4023 11652    718 2014 11 25     19     84    -33 0 0 0
54416 4023 11652    718 2014 11 26     27     74    -21 0 0 0
54416 4023 11652    718 2014 11 27     43     63     -8 0 0 0
54416 4023 11652    718 2014 11 28     18    100    -34 0 0 0
54416 4023 11652    718 2014 11 29      4     34    -44 0 0 0
54416 4023 11652    718 2014 11 30     21     75    -13 0 0 0
54416 4023 11652    718 2014 12  1    -41     -4   -101 0 0 0
54416 4023 11652    718 2014 12  2    -76     -7   -127 0 0 0
54416 4023 11652    718 2014 12  3    -61      1   -142 0 0 0
54416 4023 11652    718 2014 12  4    -27      6   -119 0 0 0
54416 4023 11652    718 2014 12  5    -82     22   -142 0 0 0
54416 4023 11652    718 2014 12  6    -27     49   -115 0 0 0
54416 4023 11652    718 2014 12  7    -19     42    -51 0 0 0
54416 4023 11652    718 2014 12  8    -59     39   -119 0 0 0
54416 4023 11652    718 2014 12  9    -42      8   -106 0 0 0
54416 4023 11652    718 2014 12 10    -19     40    -64 0 0 0
54416 4023 11652    718 2014 12 11    -52     26   -116 0 0 0
54416 4023 11652    718 2014 12 12    -29     26    -82 0 0 0
54416 4023 11652    718 2014 12 13    -62     44   -129 0 0 0
54416 4023 11652    718 2014 12 14    -40     57   -103 0 0 0
54416 4023 11652    718 2014 12 15    -41     27    -94 0 0 0
54416 4023 11652    718 2014 12 16    -69    -10   -145 0 0 0
54416 4023 11652    718 2014 12 17    -65     30   -132 0 0 0
54416 4023 11652    718 2014 12 18    -43     27   -121 0 0 0
54416 4023 11652    718 2014 12 19    -31     50   -102 0 0 0
54416 4023 11652    718 2014 12 20    -84      6   -148 0 0 0
54416 4023 11652    718 2014 12 21    -73     21   -157 0 0 0
54416 4023 11652    718 2014 12 22    -34     85   -104 0 0 0
54416 4023 11652    718 2014 12 23    -27     90    -91 0 0 0
54416 4023 11652    718 2014 12 24    -11     47    -57 0 0 0
54416 4023 11652    718 2014 12 25    -47     58   -107 0 0 0
54416 4023 11652    718 2014 12 26    -50     26   -101 0 0 0
54416 4023 11652    718 2014 12 27    -40     59    -91 0 0 0
54416 4023 11652    718 2014 12 28    -21     75    -76 0 0 0
54416 4023 11652    718 2014 12 29      9    115    -90 0 0 0
54416 4023 11652    718 2014 12 30      2     75    -57 0 0 0
54416 4023 11652    718 2014 12 31    -39     34    -71 0 0 0
54416 4023 11652    718 2015  1  1    -73     13   -128 0 0 0
54416 4023 11652    718 2015  1  2    -33     45    -97 0 0 0
54416 4023 11652    718 2015  1  3    -49     34   -111 0 0 0
54416 4023 11652    718 2015  1  4     -7     98    -89 0 0 0
54416 4023 11652    718 2015  1  5     20     92    -10 0 0 0
54416 4023 11652    718 2015  1  6    -45     46    -99 0 0 0
54416 4023 11652    718 2015  1  7    -46     33    -88 0 0 0
54416 4023 11652    718 2015  1  8    -46     47   -103 0 0 0
54416 4023 11652    718 2015  1  9    -39     61   -113 0 0 0
54416 4023 11652    718 2015  1 10    -23     95   -108 0 0 0
54416 4023 11652    718 2015  1 11      1     67    -44 0 0 0
54416 4023 11652    718 2015  1 12    -54     32   -106 0 0 0
54416 4023 11652    718 2015  1 13    -43     30    -79 0 0 0
54416 4023 11652    718 2015  1 14    -44     -4    -90 0 0 0
54416 4023 11652    718 2015  1 15    -48      6    -94 0 0 0
54416 4023 11652    718 2015  1 16    -50     25   -116 0 0 0
54416 4023 11652    718 2015  1 17    -48     19    -94 0 0 0
54416 4023 11652    718 2015  1 18     -9     58    -61 0 0 0
54416 4023 11652    718 2015  1 19    -27     56   -112 0 0 0
54416 4023 11652    718 2015  1 20    -45     51   -101 0 0 0
54416 4023 11652    718 2015  1 21     -9     59    -70 0 0 0
54416 4023 11652    718 2015  1 22    -44     54    -95 0 0 0
54416 4023 11652    718 2015  1 23    -38     76    -98 0 0 0
54416 4023 11652    718 2015  1 24     -2     37    -58 0 0 0
54416 4023 11652    718 2015  1 25    -13     26    -39 0 0 0
54416 4023 11652    718 2015  1 26    -35     27    -74 0 0 0
54416 4023 11652    718 2015  1 27    -65      5   -101 0 0 0
54416 4023 11652    718 2015  1 28    -37     14   -103 0 0 0
54416 4023 11652    718 2015  1 29    -27     38    -75 0 0 0
54416 4023 11652    718 2015  1 30    -52     21   -132 0 0 0
54416 4023 11652    718 2015  1 31    -48     40   -108 0 0 0
54416 4023 11652    718 2015  2  1    -50     46   -108 9 9 9
54416 4023 11652    718 2015  2  2    -40     38   -104 9 9 9
54416 4023 11652    718 2015  2  3      6     87    -75 9 9 9
54416 4023 11652    718 2015  2  4    -15     52    -76 9 9 9
54416 4023 11652    718 2015  2  5    -19     77    -84 9 9 9
54416 4023 11652    718 2015  2  6    -12    102    -90 9 9 9
54416 4023 11652    718 2015  2  7     -2     29    -42 9 9 9
54416 4023 11652    718 2015  2  8    -77      3   -140 9 9 9
54416 4023 11652    718 2015  2  9    -60     59   -131 9 9 9
54416 4023 11652    718 2015  2 10     -7    125    -80 9 9 9
54416 4023 11652    718 2015  2 11     31     94    -60 9 9 9
54416 4023 11652    718 2015  2 12    -18     63    -95 9 9 9
54416 4023 11652    718 2015  2 13    -28     85    -98 9 9 9
54416 4023 11652    718 2015  2 14     -2    113    -66 9 9 9
54416 4023 11652    718 2015  2 15     17     89    -44 9 9 9
54416 4023 11652    718 2015  2 16     20    116    -60 9 9 9
54416 4023 11652    718 2015  2 17     30    106    -20 9 9 9
54416 4023 11652    718 2015  2 18     15    104    -36 9 9 9
54416 4023 11652    718 2015  2 19    -11     46    -80 9 9 9
54416 4023 11652    718 2015  2 20      6     18     -4 9 9 9
54416 4023 11652    718 2015  2 21      5     29     -4 9 9 9
54416 4023 11652    718 2015  2 22    -14     48    -55 9 9 9
54416 4023 11652    718 2015  2 23    -23     62    -94 9 9 9
54416 4023 11652    718 2015  2 24    -13     75    -74 9 9 9
54416 4023 11652    718 2015  2 25     19     69    -31 9 9 9
54416 4023 11652    718 2015  2 26    -16     63   -106 9 9 9
54416 4023 11652    718 2015  2 27    -19     13    -45 9 9 9
54416 4023 11652    718 2015  2 28    -12     20    -31 9 9 9
54416 4023 11652    718 2015  3  1     23    125    -77 0 0 0
54416 4023 11652    718 2015  3  2     42    146    -55 0 0 0
54416 4023 11652    718 2015  3  3     11     84    -23 0 0 0
54416 4023 11652    718 2015  3  4    -37     59   -127 0 0 0
54416 4023 11652    718 2015  3  5    -18     82    -98 0 0 0
54416 4023 11652    718 2015  3  6      6     96    -76 0 0 0
54416 4023 11652    718 2015  3  7     36    132    -49 0 0 0
54416 4023 11652    718 2015  3  8     43    124    -19 0 0 0
54416 4023 11652    718 2015  3  9    -11     64    -55 0 0 0
54416 4023 11652    718 2015  3 10    -18     90   -116 0 0 0
54416 4023 11652    718 2015  3 11     18    105    -65 0 0 0
54416 4023 11652    718 2015  3 12     46    138    -47 0 0 0
54416 4023 11652    718 2015  3 13     47    135    -42 0 0 0
54416 4023 11652    718 2015  3 14     39    101    -20 0 0 0
54416 4023 11652    718 2015  3 15     64    167    -32 0 0 0
54416 4023 11652    718 2015  3 16    100    152     68 0 0 0
54416 4023 11652    718 2015  3 17    102    179     25 0 0 0
54416 4023 11652    718 2015  3 18     81    144     41 0 0 0
54416 4023 11652    718 2015  3 19     99    198     18 0 0 0
54416 4023 11652    718 2015  3 20    118    199     28 0 0 0
54416 4023 11652    718 2015  3 21    145    194     44 0 0 0
54416 4023 11652    718 2015  3 22     89    149     42 0 0 0
54416 4023 11652    718 2015  3 23     69    185    -27 0 0 0
54416 4023 11652    718 2015  3 24     69    165    -32 0 0 0
54416 4023 11652    718 2015  3 25     96    177      8 0 0 0
54416 4023 11652    718 2015  3 26    125    206     23 0 0 0
54416 4023 11652    718 2015  3 27    126    198     31 0 0 0
54416 4023 11652    718 2015  3 28    164    239     68 0 0 0
54416 4023 11652    718 2015  3 29    138    222     59 0 0 0
54416 4023 11652    718 2015  3 30    164    222    104 0 0 0
54416 4023 11652    718 2015  3 31    135    181    103 0 0 0
54416 4023 11652    718 2015  4  1     97    144     39 0 0 0
54416 4023 11652    718 2015  4  2     72    117     39 0 0 0
54416 4023 11652    718 2015  4  3    119    176     60 0 0 0
54416 4023 11652    718 2015  4  4    119    167     78 0 0 0
54416 4023 11652    718 2015  4  5    120    177     72 0 0 0
54416 4023 11652    718 2015  4  6     68    115     28 0 0 0
54416 4023 11652    718 2015  4  7     75    134    -25 0 0 0
54416 4023 11652    718 2015  4  8     75    152    -13 0 0 0
54416 4023 11652    718 2015  4  9    102    173     20 0 0 0
54416 4023 11652    718 2015  4 10    123    218     46 0 0 0
54416 4023 11652    718 2015  4 11    135    196     98 0 0 0
54416 4023 11652    718 2015  4 12     67    103     45 0 0 0
54416 4023 11652    718 2015  4 13    102    182     44 0 0 0
54416 4023 11652    718 2015  4 14    145    268     38 0 0 0
54416 4023 11652    718 2015  4 15    164    238     69 0 0 0
54416 4023 11652    718 2015  4 16    160    217    101 0 0 0
54416 4023 11652    718 2015  4 17    152    259     43 0 0 0
54416 4023 11652    718 2015  4 18    166    225    109 0 0 0
54416 4023 11652    718 2015  4 19    165    227    101 0 0 0
54416 4023 11652    718 2015  4 20    142    233     35 0 0 0
54416 4023 11652    718 2015  4 21    162    253     60 0 0 0
54416 4023 11652    718 2015  4 22    165    262     49 0 0 0
54416 4023 11652    718 2015  4 23    199    301     90 0 0 0
54416 4023 11652    718 2015  4 24    170    269     55 0 0 0
54416 4023 11652    718 2015  4 25    206    318     81 0 0 0
54416 4023 11652    718 2015  4 26    230    319    117 0 0 0
54416 4023 11652    718 2015  4 27    203    277    163 0 0 0
54416 4023 11652    718 2015  4 28    184    249    149 0 0 0
54416 4023 11652    718 2015  4 29    202    267    126 0 0 0
54416 4023 11652    718 2015  4 30    219    281    146 0 0 0
54416 4023 11652    718 2015  5  1    177    250    137 0 0 0
54416 4023 11652    718 2015  5  2    185    244    118 0 0 0
54416 4023 11652    718 2015  5  3    185    232    119 0 0 0
54416 4023 11652    718 2015  5  4    177    237     46 0 0 0
54416 4023 11652    718 2015  5  5    196    273     88 0 0 0
54416 4023 11652    718 2015  5  6    174    216    100 0 0 0
54416 4023 11652    718 2015  5  7    177    251     77 0 0 0
54416 4023 11652    718 2015  5  8    169    240    102 0 0 0
54416 4023 11652    718 2015  5  9    132    186    111 0 0 0
54416 4023 11652    718 2015  5 10     99    118     85 0 0 0
54416 4023 11652    718 2015  5 11    115    176     71 0 0 0
54416 4023 11652    718 2015  5 12    149    258     66 0 0 0
54416 4023 11652    718 2015  5 13    189    289     93 0 0 0
54416 4023 11652    718 2015  5 14    215    278    163 0 0 0
54416 4023 11652    718 2015  5 15    202    257    165 0 0 0
54416 4023 11652    718 2015  5 16    200    292     97 0 0 0
54416 4023 11652    718 2015  5 17    219    254    154 0 0 0
54416 4023 11652    718 2015  5 18    222    276    157 0 0 0
54416 4023 11652    718 2015  5 19    191    254     90 0 0 0
54416 4023 11652    718 2015  5 20    207    298     79 0 0 0
54416 4023 11652    718 2015  5 21    215    295    132 0 0 0
54416 4023 11652    718 2015  5 22    208    294    112 0 0 0
54416 4023 11652    718 2015  5 23    222    310    134 0 0 0
54416 4023 11652    718 2015  5 24    237    325    154 0 0 0
54416 4023 11652    718 2015  5 25    257    334    157 0 0 0
54416 4023 11652    718 2015  5 26    278    342    181 0 0 0
54416 4023 11652    718 2015  5 27    259    310    180 0 0 0
54416 4023 11652    718 2015  5 28    255    292    194 0 0 0
54416 4023 11652    718 2015  5 29    247    321    208 0 0 0
54416 4023 11652    718 2015  5 30    234    299    147 0 0 0
54416 4023 11652    718 2015  5 31    255    331    160 0 0 0
54416 4023 11652    718 2015  6  1    267    335    211 0 0 0
54416 4023 11652    718 2015  6  2    268    327    181 0 0 0
54416 4023 11652    718 2015  6  3    251    329    141 0 0 0
54416 4023 11652    718 2015  6  4    191    274    171 0 0 0
54416 4023 11652    718 2015  6  5    211    305    137 0 0 0
54416 4023 11652    718 2015  6  6    225    305    177 0 0 0
54416 4023 11652    718 2015  6  7    213    292    141 0 0 0
54416 4023 11652    718 2015  6  8    217    306    111 0 0 0
54416 4023 11652    718 2015  6  9    235    294    179 0 0 0
54416 4023 11652    718 2015  6 10    206    246    176 0 0 0
54416 4023 11652    718 2015  6 11    201    278    154 0 0 0
54416 4023 11652    718 2015  6 12    223    281    143 0 0 0
54416 4023 11652    718 2015  6 13    214    289    175 0 0 0
54416 4023 11652    718 2015  6 14    242    331    151 0 0 0
54416 4023 11652    718 2015  6 15    250    307    182 0 0 0
54416 4023 11652    718 2015  6 16    247    322    200 0 0 0
54416 4023 11652    718 2015  6 17    243    336    182 0 0 0
54416 4023 11652    718 2015  6 18    255    324    148 0 0 0
54416 4023 11652    718 2015  6 19    203    283    160 0 0 0
54416 4023 11652    718 2015  6 20    240    320    138 0 0 0
54416 4023 11652    718 2015  6 21    247    317    181 0 0 0
54416 4023 11652    718 2015  6 22    256    319    178 0 0 0
54416 4023 11652    718 2015  6 23    258    307    195 0 0 0
54416 4023 11652    718 2015  6 24    250    287    228 0 0 0
54416 4023 11652    718 2015  6 25    237    264    211 0 0 0
54416 4023 11652    718 2015  6 26    227    295    207 0 0 0
54416 4023 11652    718 2015  6 27    241    294    183 0 0 0
54416 4023 11652    718 2015  6 28    277    315    230 0 0 0
54416 4023 11652    718 2015  6 29    230    286    198 0 0 0
54416 4023 11652    718 2015  6 30    222    278    177 0 0 0
54416 4023 11652    718 2015  7  1    235    310    154 0 0 0
54416 4023 11652    718 2015  7  2    240    329    134 0 0 0
54416 4023 11652    718 2015  7  3    245    319    147 0 0 0
54416 4023 11652    718 2015  7  4    215    277    181 0 0 0
54416 4023 11652    718 2015  7  5    231    309    150 0 0 0
54416 4023 11652    718 2015  7  6    249    312    173 0 0 0
54416 4023 11652    718 2015  7  7    265    323    183 0 0 0
54416 4023 11652    718 2015  7  8    266    326    191 0 0 0
54416 4023 11652    718 2015  7  9    273    336    199 0 0 0
54416 4023 11652    718 2015  7 10    274    325    212 0 0 0
54416 4023 11652    718 2015  7 11    284    345    217 0 0 0
54416 4023 11652    718 2015  7 12    294    393    223 0 0 0
54416 4023 11652    718 2015  7 13    319    397    225 0 0 0
54416 4023 11652    718 2015  7 14    300    360    221 0 0 0
54416 4023 11652    718 2015  7 15    277    326    226 0 0 0
54416 4023 11652    718 2015  7 16    234    273    210 0 0 0
54416 4023 11652    718 2015  7 17    232    278    200 0 0 0
54416 4023 11652    718 2015  7 18    239    284    211 0 0 0
54416 4023 11652    718 2015  7 19    220    265    203 0 0 0
54416 4023 11652    718 2015  7 20    240    291    212 0 0 0
54416 4023 11652    718 2015  7 21    252    293    227 0 0 0
54416 4023 11652    718 2015  7 22    253    304    209 0 0 0
54416 4023 11652    718 2015  7 23    249    304    211 0 0 0
54416 4023 11652    718 2015  7 24    257    326    213 0 0 0
54416 4023 11652    718 2015  7 25    265    322    210 0 0 0
54416 4023 11652    718 2015  7 26    289    348    237 0 0 0
54416 4023 11652    718 2015  7 27    275    328    237 0 0 0
54416 4023 11652    718 2015  7 28    250    306    224 0 0 0
54416 4023 11652    718 2015  7 29    280    327    233 0 0 0
54416 4023 11652    718 2015  7 30    249    292    218 0 0 0
54416 4023 11652    718 2015  7 31    253    309    217 0 0 0
54416 4023 11652    718 2015  8  1    252    272    227 0 0 0
54416 4023 11652    718 2015  8  2    258    313    226 0 0 0
54416 4023 11652    718 2015  8  3    253    292    215 0 0 0
54416 4023 11652    718 2015  8  4    245    327    159 0 0 0
54416 4023 11652    718 2015  8  5    262    310    211 0 0 0
54416 4023 11652    718 2015  8  6    236    297    186 0 0 0
54416 4023 11652    718 2015  8  7    250    313    215 0 0 0
54416 4023 11652    718 2015  8  8    234    302    184 0 0 0
54416 4023 11652    718 2015  8  9    260    331    202 0 0 0
54416 4023 11652    718 2015  8 10    280    355    209 0 0 0
54416 4023 11652    718 2015  8 11    277    341    225 0 0 0
54416 4023 11652    718 2015  8 12    272    344    222 0 0 0
54416 4023 11652    718 2015  8 13    280    330    228 0 0 0
54416 4023 11652    718 2015  8 14    264    322    230 0 0 0
54416 4023 11652    718 2015  8 15    258    346    178 0 0 0
54416 4023 11652    718 2015  8 16    259    338    185 0 0 0
54416 4023 11652    718 2015  8 17    268    322    214 0 0 0
54416 4023 11652    718 2015  8 18    251    297    214 0 0 0
54416 4023 11652    718 2015  8 19    230    292    206 0 0 0
54416 4023 11652    718 2015  8 20    242    317    180 0 0 0
54416 4023 11652    718 2015  8 21    242    323    170 0 0 0
54416 4023 11652    718 2015  8 22    246    319    188 0 0 0
54416 4023 11652    718 2015  8 23    209    278    195 0 0 0
54416 4023 11652    718 2015  8 24    228    299    178 0 0 0
54416 4023 11652    718 2015  8 25    231    301    188 0 0 0
54416 4023 11652    718 2015  8 26    241    320    182 0 0 0
54416 4023 11652    718 2015  8 27    243    320    186 0 0 0
54416 4023 11652    718 2015  8 28    255    334    178 0 0 0
54416 4023 11652    718 2015  8 29    239    303    174 0 0 0
54416 4023 11652    718 2015  8 30    210    253    191 0 0 0
54416 4023 11652    718 2015  8 31    201    238    188 0 0 0
54416 4023 11652    718 2015  9  1    202    235    181 0 0 0
54416 4023 11652    718 2015  9  2    232    315    173 0 0 0
54416 4023 11652    718 2015  9  3    241    320    175 0 0 0
54416 4023 11652    718 2015  9  4    214    249    190 0 0 0
54416 4023 11652    718 2015  9  5    187    205    180 0 0 0
54416 4023 11652    718 2015  9  6    214    285    167 0 0 0
54416 4023 11652    718 2015  9  7    208    284    150 0 0 0
54416 4023 11652    718 2015  9  8    212    276    162 0 0 0
54416 4023 11652    718 2015  9  9    201    249    177 0 0 0
54416 4023 11652    718 2015  9 10    169    189    146 0 0 0
54416 4023 11652    718 2015  9 11    165    230    135 0 0 0
54416 4023 11652    718 2015  9 12    176    251     91 0 0 0
54416 4023 11652    718 2015  9 13    186    291    110 0 0 0
54416 4023 11652    718 2015  9 14    186    267    131 0 0 0
54416 4023 11652    718 2015  9 15    180    264    130 0 0 0
54416 4023 11652    718 2015  9 16    184    260    133 0 0 0
54416 4023 11652    718 2015  9 17    195    263    152 0 0 0
54416 4023 11652    718 2015  9 18    214    295    176 0 0 0
54416 4023 11652    718 2015  9 19    198    285    121 0 0 0
54416 4023 11652    718 2015  9 20    192    260    134 0 0 0
54416 4023 11652    718 2015  9 21    199    275    138 0 0 0
54416 4023 11652    718 2015  9 22    206    251    172 0 0 0
54416 4023 11652    718 2015  9 23    184    264    125 0 0 0
54416 4023 11652    718 2015  9 24    184    259    154 0 0 0
54416 4023 11652    718 2015  9 25    175    252    122 0 0 0
54416 4023 11652    718 2015  9 26    160    257     91 0 0 0
54416 4023 11652    718 2015  9 27    187    284    123 0 0 0
54416 4023 11652    718 2015  9 28    170    189    153 0 0 0
54416 4023 11652    718 2015  9 29    143    162    125 0 0 0
54416 4023 11652    718 2015  9 30    150    184    122 0 0 0
54416 4023 11652    718 2015 10  1    149    212    100 0 0 0
54416 4023 11652    718 2015 10  2    146    261     55 0 0 0
54416 4023 11652    718 2015 10  3    164    234     72 0 0 0
54416 4023 11652    718 2015 10  4    155    242    100 0 0 0
54416 4023 11652    718 2015 10  5    161    242    110 0 0 0
54416 4023 11652    718 2015 10  6    175    251    127 0 0 0
54416 4023 11652    718 2015 10  7    183    249    141 0 0 0
54416 4023 11652    718 2015 10  8    139    222     70 0 0 0
54416 4023 11652    718 2015 10  9    102    180     32 0 0 0
54416 4023 11652    718 2015 10 10    107    153     15 0 0 0
54416 4023 11652    718 2015 10 11    106    214     37 0 0 0
54416 4023 11652    718 2015 10 12    118    244     25 0 0 0
54416 4023 11652    718 2015 10 13    142    268     54 0 0 0
54416 4023 11652    718 2015 10 14    132    228     71 0 0 0
54416 4023 11652    718 2015 10 15    147    246     85 0 0 0
54416 4023 11652    718 2015 10 16    149    241     93 0 0 0
54416 4023 11652    718 2015 10 17    142    223     89 0 0 0
54416 4023 11652    718 2015 10 18    159    197     96 0 0 0
54416 4023 11652    718 2015 10 19    116    183     61 0 0 0
54416 4023 11652    718 2015 10 20    105    131     66 0 0 0
54416 4023 11652    718 2015 10 21     97    117     84 0 0 0
54416 4023 11652    718 2015 10 22     95    122     83 0 0 0
54416 4023 11652    718 2015 10 23    115    196     65 0 0 0
54416 4023 11652    718 2015 10 24    124    209     66 0 0 0
54416 4023 11652    718 2015 10 25     95    140     42 0 0 0
54416 4023 11652    718 2015 10 26     96    123     66 0 0 0
54416 4023 11652    718 2015 10 27     73    157    -11 0 0 0
54416 4023 11652    718 2015 10 28     72    154    -16 0 0 0
54416 4023 11652    718 2015 10 29     61    137    -37 0 0 0
54416 4023 11652    718 2015 10 30     33    143    -37 0 0 0
54416 4023 11652    718 2015 10 31     53    166    -31 0 0 0
54416 4023 11652    718 2015 11  1     68    190     -9 0 0 0
54416 4023 11652    718 2015 11  2     85    206      3 0 0 0
54416 4023 11652    718 2015 11  3     80    181      2 0 0 0
54416 4023 11652    718 2015 11  4     84    157     25 0 0 0
54416 4023 11652    718 2015 11  5     78    115     25 0 0 0
54416 4023 11652    718 2015 11  6     14     36      2 0 0 0
54416 4023 11652    718 2015 11  7     21     35      0 0 0 0
54416 4023 11652    718 2015 11  8     29     72      0 0 0 0
54416 4023 11652    718 2015 11  9     18     59    -28 0 0 0
54416 4023 11652    718 2015 11 10     48     55     37 0 0 0
54416 4023 11652    718 2015 11 11     56     70     48 0 0 0
54416 4023 11652    718 2015 11 12     61     76     50 0 0 0
54416 4023 11652    718 2015 11 13     67     84     53 0 0 0
54416 4023 11652    718 2015 11 14     85    118     64 0 0 0
54416 4023 11652    718 2015 11 15     99    158     45 0 0 0
54416 4023 11652    718 2015 11 16     64    103     48 0 0 0
54416 4023 11652    718 2015 11 17     54     99     -4 0 0 0
54416 4023 11652    718 2015 11 18     40     65     34 0 0 0
54416 4023 11652    718 2015 11 19     29     43     14 0 0 0
54416 4023 11652    718 2015 11 20      7     14      3 0 0 0
54416 4023 11652    718 2015 11 21     11     19      2 0 0 0
54416 4023 11652    718 2015 11 22    -15     13    -35 0 0 0
54416 4023 11652    718 2015 11 23    -37      2    -57 0 0 0
54416 4023 11652    718 2015 11 24    -67    -37    -83 0 0 0
54416 4023 11652    718 2015 11 25    -70    -12   -115 0 0 0
54416 4023 11652    718 2015 11 26    -83    -31   -115 0 0 0
54416 4023 11652    718 2015 11 27    -65    -10   -119 0 0 0
54416 4023 11652    718 2015 11 28    -25      2    -75 0 0 0
54416 4023 11652    718 2015 11 29    -10     59    -52 0 0 0
54416 4023 11652    718 2015 11 30    -25     33    -60 0 0 0
54416 4023 11652    718 2015 12  1      4     11    -28 0 0 0
54416 4023 11652    718 2015 12  2     -2     54    -72 0 0 0
54416 4023 11652    718 2015 12  3     -7     24    -30 0 0 0
54416 4023 11652    718 2015 12  4    -15     62    -70 0 0 0
54416 4023 11652    718 2015 12  5    -14     76    -80 0 0 0
54416 4023 11652    718 2015 12  6    -14     56    -57 0 0 0
54416 4023 11652    718 2015 12  7     -3     33    -30 0 0 0
54416 4023 11652    718 2015 12  8     -1     21    -33 0 0 0
54416 4023 11652    718 2015 12  9     19     41      5 0 0 0
54416 4023 11652    718 2015 12 10     15     81    -27 0 0 0
54416 4023 11652    718 2015 12 11     -8     70    -55 0 0 0
54416 4023 11652    718 2015 12 12    -10     59    -40 0 0 0
54416 4023 11652    718 2015 12 13    -15     45    -67 0 0 0
54416 4023 11652    718 2015 12 14     -8     33    -32 0 0 0
54416 4023 11652    718 2015 12 15     -7     39    -65 0 0 0
54416 4023 11652    718 2015 12 16    -27     17    -72 0 0 0
54416 4023 11652    718 2015 12 17    -48     33    -98 0 0 0
54416 4023 11652    718 2015 12 18    -33     66    -96 0 0 0
54416 4023 11652    718 2015 12 19    -38     33    -87 0 0 0
54416 4023 11652    718 2015 12 20    -26     24    -57 0 0 0
54416 4023 11652    718 2015 12 21    -36     54    -79 0 0 0
54416 4023 11652    718 2015 12 22    -30     20    -77 0 0 0
54416 4023 11652    718 2015 12 23    -29     70    -90 0 0 0
54416 4023 11652    718 2015 12 24    -11     57    -45 0 0 0
54416 4023 11652    718 2015 12 25    -50    -20    -88 0 0 0
54416 4023 11652    718 2015 12 26    -45      2    -76 0 0 0
54416 4023 11652    718 2015 12 27    -77    -40   -109 0 0 0
54416 4023 11652    718 2015 12 28    -53     42   -129 0 0 0
54416 4023 11652    718 2015 12 29    -40     30    -86 0 0 0
54416 4023 11652    718 2015 12 30    -20     50    -74 0 0 0
54416 4023 11652    718 2015 12 31    -37     47    -90 0 0 0
54416 4023 11652    718 2016  1  1    -41     41    -84 0 0 0
54416 4023 11652    718 2016  1  2    -19     77    -74 0 0 0
54416 4023 11652    718 2016  1  3    -48     27    -87 0 0 0
54416 4023 11652    718 2016  1  4    -24     17    -74 0 0 0
54416 4023 11652    718 2016  1  5    -76      3   -140 0 0 0
54416 4023 11652    718 2016  1  6    -53     29   -131 0 0 0
54416 4023 11652    718 2016  1  7    -61     11    -95 0 0 0
54416 4023 11652    718 2016  1  8    -57     12    -90 0 0 0
54416 4023 11652    718 2016  1  9    -67     41   -132 0 0 0
54416 4023 11652    718 2016  1 10    -44     18   -103 0 0 0
54416 4023 11652    718 2016  1 11    -68    -19   -108 0 0 0
54416 4023 11652    718 2016  1 12    -84    -14   -111 0 0 0
54416 4023 11652    718 2016  1 13    -82      9   -154 0 0 0
54416 4023 11652    718 2016  1 14    -51     45   -123 0 0 0
54416 4023 11652    718 2016  1 15    -44     48   -114 0 0 0
54416 4023 11652    718 2016  1 16    -21      0    -43 0 0 0
54416 4023 11652    718 2016  1 17    -84    -23   -135 0 0 0
54416 4023 11652    718 2016  1 18   -103    -61   -156 0 0 0
54416 4023 11652    718 2016  1 19   -108    -22   -181 0 0 0
54416 4023 11652    718 2016  1 20    -87    -19   -132 0 0 0
54416 4023 11652    718 2016  1 21    -72    -20   -123 0 0 0
54416 4023 11652    718 2016  1 22   -112    -58   -130 0 0 0
54416 4023 11652    718 2016  1 23   -164   -128   -187 0 0 0
54416 4023 11652    718 2016  1 24   -123    -37   -187 0 0 0
54416 4023 11652    718 2016  1 25    -79     23   -140 0 0 0
54416 4023 11652    718 2016  1 26    -88      8   -151 0 0 0
54416 4023 11652    718 2016  1 27    -74     26   -154 0 0 0
54416 4023 11652    718 2016  1 28    -51     43   -100 0 0 0
54416 4023 11652    718 2016  1 29    -74    -21   -129 0 0 0
54416 4023 11652    718 2016  1 30    -89    -29   -130 0 0 0
54416 4023 11652    718 2016  1 31    -80      7   -141 0 0 0
54416 4023 11652    718 2016  2  1    -66     33   -144 0 0 0
54416 4023 11652    718 2016  2  2    -53     40   -107 0 0 0
54416 4023 11652    718 2016  2  3    -48     53   -113 0 0 0
54416 4023 11652    718 2016  2  4    -18     32    -66 0 0 0
54416 4023 11652    718 2016  2  5    -27     32    -99 0 0 0
54416 4023 11652    718 2016  2  6    -39     53   -105 0 0 0
54416 4023 11652    718 2016  2  7    -21     85   -112 0 0 0
54416 4023 11652    718 2016  2  8     -4    111    -96 0 0 0
54416 4023 11652    718 2016  2  9     13    104    -73 0 0 0
54416 4023 11652    718 2016  2 10     -6    101    -76 0 0 0
54416 4023 11652    718 2016  2 11      8     72    -26 0 0 0
54416 4023 11652    718 2016  2 12     28    113    -46 0 0 0
54416 4023 11652    718 2016  2 13      5     53    -27 0 0 0
54416 4023 11652    718 2016  2 14    -53     -5    -98 0 0 0
54416 4023 11652    718 2016  2 15    -40     41   -127 0 0 0
54416 4023 11652    718 2016  2 16    -12     83    -95 0 0 0
54416 4023 11652    718 2016  2 17     10    104    -79 0 0 0
54416 4023 11652    718 2016  2 18      9     90    -57 0 0 0
54416 4023 11652    718 2016  2 19      9     64    -25 0 0 0
54416 4023 11652    718 2016  2 20    -35     40   -109 0 0 0
54416 4023 11652    718 2016  2 21    -26     50   -107 0 0 0
54416 4023 11652    718 2016  2 22      2     84    -80 0 0 0
54416 4023 11652    718 2016  2 23    -23     25    -99 0 0 0
54416 4023 11652    718 2016  2 24    -26     57   -113 0 0 0
54416 4023 11652    718 2016  2 25    -16     63   -100 0 0 0
54416 4023 11652    718 2016  2 26     -8     74    -97 0 0 0
54416 4023 11652    718 2016  2 27     24     77    -36 0 0 0
54416 4023 11652    718 2016  2 28     -8     61    -73 0 0 0
54416 4023 11652    718 2016  2 29    -19     38    -81 0 0 0
54416 4023 11652    718 2016  3  1      7    101    -78 0 0 0
54416 4023 11652    718 2016  3  2     58    197    -46 0 0 0
54416 4023 11652    718 2016  3  3     46    146    -16 0 0 0
54416 4023 11652    718 2016  3  4     37     84    -14 0 0 0
54416 4023 11652    718 2016  3  5     86    124      4 0 0 0
54416 4023 11652    718 2016  3  6     27    100    -33 0 0 0
54416 4023 11652    718 2016  3  7     31    103    -47 0 0 0
54416 4023 11652    718 2016  3  8      7     58    -36 0 0 0
54416 4023 11652    718 2016  3  9    -10     56    -55 0 0 0
54416 4023 11652    718 2016  3 10      6     73   -105 0 0 0
54416 4023 11652    718 2016  3 11     -6     81    -80 0 0 0
54416 4023 11652    718 2016  3 12     -2     95    -80 0 0 0
54416 4023 11652    718 2016  3 13     34    124    -54 0 0 0
54416 4023 11652    718 2016  3 14     51    162    -50 0 0 0
54416 4023 11652    718 2016  3 15     55    127     10 0 0 0
54416 4023 11652    718 2016  3 16     62    162    -18 0 0 0
54416 4023 11652    718 2016  3 17     80    175     -1 0 0 0
54416 4023 11652    718 2016  3 18    115    214     35 0 0 0
54416 4023 11652    718 2016  3 19     88    152      4 0 0 0
54416 4023 11652    718 2016  3 20     96    207    -12 0 0 0
54416 4023 11652    718 2016  3 21     97    199     15 0 0 0
54416 4023 11652    718 2016  3 22    125    173     86 0 0 0
54416 4023 11652    718 2016  3 23     97    139     49 0 0 0
54416 4023 11652    718 2016  3 24     68    144    -37 0 0 0
54416 4023 11652    718 2016  3 25     76    152    -24 0 0 0
54416 4023 11652    718 2016  3 26    108    204     -8 0 0 0
54416 4023 11652    718 2016  3 27    121    224      0 0 0 0
54416 4023 11652    718 2016  3 28    116    214     12 0 0 0
54416 4023 11652    718 2016  3 29    139    230      9 0 0 0
54416 4023 11652    718 2016  3 30    143    217     54 0 0 0
54416 4023 11652    718 2016  3 31    141    226     43 0 0 0
54416 4023 11652    718 2016  4  1    169    214    105 0 0 0
54416 4023 11652    718 2016  4  2    147    190    103 0 0 0
54416 4023 11652    718 2016  4  3    132    191     57 0 0 0
54416 4023 11652    718 2016  4  4    128    222     30 0 0 0
54416 4023 11652    718 2016  4  5    146    225     72 0 0 0
54416 4023 11652    718 2016  4  6    132    189     50 0 0 0
54416 4023 11652    718 2016  4  7    156    246     77 0 0 0
54416 4023 11652    718 2016  4  8    142    246     11 0 0 0
54416 4023 11652    718 2016  4  9    149    268     57 0 0 0
54416 4023 11652    718 2016  4 10    122    201     35 0 0 0
54416 4023 11652    718 2016  4 11    103    154     32 0 0 0
54416 4023 11652    718 2016  4 12     99    176     52 0 0 0
54416 4023 11652    718 2016  4 13    147    252     54 0 0 0
54416 4023 11652    718 2016  4 14    175    234    103 0 0 0
54416 4023 11652    718 2016  4 15    145    205     47 0 0 0
54416 4023 11652    718 2016  4 16    147    186    115 0 0 0
54416 4023 11652    718 2016  4 17    149    194     71 0 0 0
54416 4023 11652    718 2016  4 18    139    204     34 0 0 0
54416 4023 11652    718 2016  4 19    124    156     76 0 0 0
54416 4023 11652    718 2016  4 20    173    273     76 0 0 0
54416 4023 11652    718 2016  4 21    188    316     55 0 0 0
54416 4023 11652    718 2016  4 22    197    245     82 0 0 0
54416 4023 11652    718 2016  4 23    164    231     60 0 0 0
54416 4023 11652    718 2016  4 24    153    245     34 0 0 0
54416 4023 11652    718 2016  4 25    212    268    147 0 0 0
54416 4023 11652    718 2016  4 26    178    238    126 0 0 0
54416 4023 11652    718 2016  4 27    138    175    104 0 0 0
54416 4023 11652    718 2016  4 28    176    247     79 0 0 0
54416 4023 11652    718 2016  4 29    176    237    116 0 0 0
54416 4023 11652    718 2016  4 30    218    299    128 0 0 0
54416 4023 11652    718 2016  5  1    223    296    176 0 0 0
54416 4023 11652    718 2016  5  2    150    241    104 0 0 0
54416 4023 11652    718 2016  5  3    173    253     51 0 0 0
54416 4023 11652    718 2016  5  4    181    280     51 0 0 0
54416 4023 11652    718 2016  5  5    189    259    134 0 0 0
54416 4023 11652    718 2016  5  6    197    255    105 0 0 0
54416 4023 11652    718 2016  5  7    188    260     60 0 0 0
54416 4023 11652    718 2016  5  8    189    264     70 0 0 0
54416 4023 11652    718 2016  5  9    158    223    119 0 0 0
54416 4023 11652    718 2016  5 10    193    281     95 0 0 0
54416 4023 11652    718 2016  5 11    218    250    173 0 0 0
54416 4023 11652    718 2016  5 12    159    231    124 0 0 0
54416 4023 11652    718 2016  5 13    160    241     56 0 0 0
54416 4023 11652    718 2016  5 14    139    204    117 0 0 0
54416 4023 11652    718 2016  5 15    150    232     89 0 0 0
54416 4023 11652    718 2016  5 16    195    314     68 0 0 0
54416 4023 11652    718 2016  5 17    221    310    107 0 0 0
54416 4023 11652    718 2016  5 18    245    289    145 0 0 0
54416 4023 11652    718 2016  5 19    230    283    141 0 0 0
54416 4023 11652    718 2016  5 20    210    289    130 0 0 0
54416 4023 11652    718 2016  5 21    213    295    135 0 0 0
54416 4023 11652    718 2016  5 22    219    295    138 0 0 0
54416 4023 11652    718 2016  5 23    195    255    155 0 0 0
54416 4023 11652    718 2016  5 24    197    294     95 0 0 0
54416 4023 11652    718 2016  5 25    188    267    114 0 0 0
54416 4023 11652    718 2016  5 26    216    298    114 0 0 0
54416 4023 11652    718 2016  5 27    221    295    135 0 0 0
54416 4023 11652    718 2016  5 28    226    299    126 0 0 0
54416 4023 11652    718 2016  5 29    232    301    162 0 0 0
54416 4023 11652    718 2016  5 30    234    321    143 0 0 0
54416 4023 11652    718 2016  5 31    234    263    210 0 0 0
54416 4023 11652    718 2016  6  1    239    297    178 0 0 0
54416 4023 11652    718 2016  6  2    239    324    141 0 0 0
54416 4023 11652    718 2016  6  3    230    302    157 0 0 0
54416 4023 11652    718 2016  6  4    254    318    188 0 0 0
54416 4023 11652    718 2016  6  5    238    299    159 0 0 0
54416 4023 11652    718 2016  6  6    222    299    153 0 0 0
54416 4023 11652    718 2016  6  7    228    274    194 0 0 0
54416 4023 11652    718 2016  6  8    238    310    173 0 0 0
54416 4023 11652    718 2016  6  9    269    340    183 0 0 0
54416 4023 11652    718 2016  6 10    241    304    194 0 0 0
54416 4023 11652    718 2016  6 11    237    311    141 0 0 0
54416 4023 11652    718 2016  6 12    242    305    176 0 0 0
54416 4023 11652    718 2016  6 13    190    256    182 0 0 0
54416 4023 11652    718 2016  6 14    189    218    176 0 0 0
54416 4023 11652    718 2016  6 15    228    312    150 0 0 0
54416 4023 11652    718 2016  6 16    253    350    162 0 0 0
54416 4023 11652    718 2016  6 17    240    284    197 0 0 0
54416 4023 11652    718 2016  6 18    251    333    161 0 0 0
54416 4023 11652    718 2016  6 19    276    362    184 0 0 0
54416 4023 11652    718 2016  6 20    271    328    223 0 0 0
54416 4023 11652    718 2016  6 21    253    337    211 0 0 0
54416 4023 11652    718 2016  6 22    255    318    199 0 0 0
54416 4023 11652    718 2016  6 23    265    307    236 0 0 0
54416 4023 11652    718 2016  6 24    243    324    149 0 0 0
54416 4023 11652    718 2016  6 25    258    361    144 0 0 0
54416 4023 11652    718 2016  6 26    291    360    199 0 0 0
54416 4023 11652    718 2016  6 27    268    320    216 0 0 0
54416 4023 11652    718 2016  6 28    196    225    189 0 0 0
54416 4023 11652    718 2016  6 29    226    286    197 0 0 0
54416 4023 11652    718 2016  6 30    240    319    178 0 0 0
54416 4023 11652    718 2016  7  1    253    319    193 0 0 0
54416 4023 11652    718 2016  7  2    257    332    183 0 0 0
54416 4023 11652    718 2016  7  3    261    318    199 0 0 0
54416 4023 11652    718 2016  7  4    274    315    230 0 0 0
54416 4023 11652    718 2016  7  5    268    320    201 0 0 0
54416 4023 11652    718 2016  7  6    270    337    201 0 0 0
54416 4023 11652    718 2016  7  7    277    331    215 0 0 0
54416 4023 11652    718 2016  7  8    283    323    245 0 0 0
54416 4023 11652    718 2016  7  9    297    351    235 0 0 0
54416 4023 11652    718 2016  7 10    305    359    243 0 0 0
54416 4023 11652    718 2016  7 11    302    353    250 0 0 0
54416 4023 11652    718 2016  7 12    270    311    242 0 0 0
54416 4023 11652    718 2016  7 13    286    375    200 0 0 0
54416 4023 11652    718 2016  7 14    268    321    231 0 0 0
54416 4023 11652    718 2016  7 15    210    231    201 0 0 0
54416 4023 11652    718 2016  7 16    225    260    198 0 0 0
54416 4023 11652    718 2016  7 17    250    312    203 0 0 0
54416 4023 11652    718 2016  7 18    258    301    215 0 0 0
54416 4023 11652    718 2016  7 19    245    278    227 0 0 0
54416 4023 11652    718 2016  7 20    222    237    217 0 0 0
54416 4023 11652    718 2016  7 21    238    269    217 0 0 0
54416 4023 11652    718 2016  7 22    264    307    234 0 0 0
54416 4023 11652    718 2016  7 23    287    328    254 0 0 0
54416 4023 11652    718 2016  7 24    281    341    231 0 0 0
54416 4023 11652    718 2016  7 25    266    303    239 0 0 0
54416 4023 11652    718 2016  7 26    275    337    214 0 0 0
54416 4023 11652    718 2016  7 27    282    343    214 0 0 0
54416 4023 11652    718 2016  7 28    263    318    203 0 0 0
54416 4023 11652    718 2016  7 29    284    331    245 0 0 0
54416 4023 11652    718 2016  7 30    263    303    247 0 0 0
54416 4023 11652    718 2016  7 31    248    290    216 0 0 0
54416 4023 11652    718 2016  8  1    278    323    242 0 0 0
54416 4023 11652    718 2016  8  2    284    345    225 0 0 0
54416 4023 11652    718 2016  8  3    285    347    236 0 0 0
54416 4023 11652    718 2016  8  4    285    332    248 0 0 0
54416 4023 11652    718 2016  8  5    289    324    243 0 0 0
54416 4023 11652    718 2016  8  6    284    324    252 0 0 0
54416 4023 11652    718 2016  8  7    264    335    227 0 0 0
54416 4023 11652    718 2016  8  8    268    330    212 0 0 0
54416 4023 11652    718 2016  8  9    265    318    201 0 0 0
54416 4023 11652    718 2016  8 10    292    328    248 0 0 0
54416 4023 11652    718 2016  8 11    301    333    276 0 0 0
54416 4023 11652    718 2016  8 12    262    293    243 0 0 0
54416 4023 11652    718 2016  8 13    257    295    226 0 0 0
54416 4023 11652    718 2016  8 14    273    345    202 0 0 0
54416 4023 11652    718 2016  8 15    239    274    221 0 0 0
54416 4023 11652    718 2016  8 16    250    313    180 0 0 0
54416 4023 11652    718 2016  8 17    245    274    223 0 0 0
54416 4023 11652    718 2016  8 18    231    245    216 0 0 0
54416 4023 11652    718 2016  8 19    263    327    216 0 0 0
54416 4023 11652    718 2016  8 20    261    317    217 0 0 0
54416 4023 11652    718 2016  8 21    273    331    216 0 0 0
54416 4023 11652    718 2016  8 22    273    321    231 0 0 0
54416 4023 11652    718 2016  8 23    255    281    223 0 0 0
54416 4023 11652    718 2016  8 24    271    328    217 0 0 0
54416 4023 11652    718 2016  8 25    250    287    212 0 0 0
54416 4023 11652    718 2016  8 26    209    297    124 0 0 0
54416 4023 11652    718 2016  8 27    215    307    135 0 0 0
54416 4023 11652    718 2016  8 28    221    317    143 0 0 0
54416 4023 11652    718 2016  8 29    235    315    147 0 0 0
54416 4023 11652    718 2016  8 30    233    314    166 0 0 0
54416 4023 11652    718 2016  8 31    234    336    149 0 0 0
54416 4023 11652    718 2016  9  1    217    258    172 0 0 0
54416 4023 11652    718 2016  9  2    218    264    188 0 0 0
54416 4023 11652    718 2016  9  3    234    306    183 0 0 0
54416 4023 11652    718 2016  9  4    234    282    202 0 0 0
54416 4023 11652    718 2016  9  5    216    295    161 0 0 0
54416 4023 11652    718 2016  9  6    224    295    165 0 0 0
54416 4023 11652    718 2016  9  7    228    282    187 0 0 0
54416 4023 11652    718 2016  9  8    217    304    158 0 0 0
54416 4023 11652    718 2016  9  9    224    306    161 0 0 0
54416 4023 11652    718 2016  9 10    220    297    139 0 0 0
54416 4023 11652    718 2016  9 11    199    248    173 0 0 0
54416 4023 11652    718 2016  9 12    203    272    150 0 0 0
54416 4023 11652    718 2016  9 13    212    265    176 0 0 0
54416 4023 11652    718 2016  9 14    228    278    182 0 0 0
54416 4023 11652    718 2016  9 15    226    307    174 0 0 0
54416 4023 11652    718 2016  9 16    225    295    191 0 0 0
54416 4023 11652    718 2016  9 17    196    222    170 0 0 0
54416 4023 11652    718 2016  9 18    172    213    149 0 0 0
54416 4023 11652    718 2016  9 19    176    253    108 0 0 0
54416 4023 11652    718 2016  9 20    172    259    107 0 0 0
54416 4023 11652    718 2016  9 21    158    207    123 0 0 0
54416 4023 11652    718 2016  9 22    184    243    139 0 0 0
54416 4023 11652    718 2016  9 23    200    264    148 0 0 0
54416 4023 11652    718 2016  9 24    210    262    160 0 0 0
54416 4023 11652    718 2016  9 25    210    248    176 0 0 0
54416 4023 11652    718 2016  9 26    195    219    182 0 0 0
54416 4023 11652    718 2016  9 27    171    197    152 0 0 0
54416 4023 11652    718 2016  9 28    127    209     56 0 0 0
54416 4023 11652    718 2016  9 29    127    205     62 0 0 0
54416 4023 11652    718 2016  9 30    153    231     92 0 0 0
54416 4023 11652    718 2016 10  1    175    248    117 0 0 0
54416 4023 11652    718 2016 10  2    182    241    130 0 0 0
54416 4023 11652    718 2016 10  3    219    294    182 0 0 0
54416 4023 11652    718 2016 10  4    161    221    140 0 0 0
54416 4023 11652    718 2016 10  5    142    193     95 0 0 0
54416 4023 11652    718 2016 10  6    134    152    112 0 0 0
54416 4023 11652    718 2016 10  7    130    143    121 0 0 0
54416 4023 11652    718 2016 10  8     94    166     39 0 0 0
54416 4023 11652    718 2016 10  9     78    167     23 0 0 0
54416 4023 11652    718 2016 10 10     94    177     33 0 0 0
54416 4023 11652    718 2016 10 11    127    206     64 0 0 0
54416 4023 11652    718 2016 10 12    135    171     98 0 0 0
54416 4023 11652    718 2016 10 13    155    211    130 0 0 0
54416 4023 11652    718 2016 10 14    148    214    112 0 0 0
54416 4023 11652    718 2016 10 15    134    178     88 0 0 0
54416 4023 11652    718 2016 10 16    146    175    132 0 0 0
54416 4023 11652    718 2016 10 17    137    222     90 0 0 0
54416 4023 11652    718 2016 10 18    149    182    111 0 0 0
54416 4023 11652    718 2016 10 19    167    203    148 0 0 0
54416 4023 11652    718 2016 10 20    137    171    102 0 0 0
54416 4023 11652    718 2016 10 21    107    109    101 0 0 0
54416 4023 11652    718 2016 10 22    114    140    100 0 0 0
54416 4023 11652    718 2016 10 23    100    160     27 0 0 0
54416 4023 11652    718 2016 10 24     80    128     31 0 0 0
54416 4023 11652    718 2016 10 25     87    176     17 0 0 0
54416 4023 11652    718 2016 10 26    119    171     75 0 0 0
54416 4023 11652    718 2016 10 27     85    112     76 0 0 0
54416 4023 11652    718 2016 10 28     76    129     31 0 0 0
54416 4023 11652    718 2016 10 29     40    117    -29 0 0 0
54416 4023 11652    718 2016 10 30     52    132    -13 0 0 0
54416 4023 11652    718 2016 10 31     10     69    -27 0 0 0
54416 4023 11652    718 2016 11  1    -15     70    -77 0 0 0
54416 4023 11652    718 2016 11  2     14    120    -46 0 0 0
54416 4023 11652    718 2016 11  3     33    126    -28 0 0 0
54416 4023 11652    718 2016 11  4     50    132    -13 0 0 0
54416 4023 11652    718 2016 11  5     71    212     33 0 0 0
54416 4023 11652    718 2016 11  6     68     97     50 0 0 0
54416 4023 11652    718 2016 11  7     73    126     38 0 0 0
54416 4023 11652    718 2016 11  8     21    110    -43 0 0 0
54416 4023 11652    718 2016 11  9     15     73    -38 0 0 0
54416 4023 11652    718 2016 11 10     54     79     10 0 0 0
54416 4023 11652    718 2016 11 11     24     99    -28 0 0 0
54416 4023 11652    718 2016 11 12     63    128     -6 0 0 0
54416 4023 11652    718 2016 11 13     81     93     70 0 0 0
54416 4023 11652    718 2016 11 14     80    128     36 0 0 0
54416 4023 11652    718 2016 11 15     29    103    -36 0 0 0
54416 4023 11652    718 2016 11 16     38    130    -12 0 0 0
54416 4023 11652    718 2016 11 17     40     73    -16 0 0 0
54416 4023 11652    718 2016 11 18     60     75     46 0 0 0
54416 4023 11652    718 2016 11 19     81    135     38 0 0 0
54416 4023 11652    718 2016 11 20     29     76      9 0 0 0
54416 4023 11652    718 2016 11 21    -18      9    -38 0 0 0
54416 4023 11652    718 2016 11 22    -48     -1    -83 0 0 0
54416 4023 11652    718 2016 11 23    -47     25    -90 0 0 0
54416 4023 11652    718 2016 11 24    -44     43   -102 0 0 0
54416 4023 11652    718 2016 11 25    -28     40    -72 0 0 0
54416 4023 11652    718 2016 11 26     -6     88    -53 0 0 0
54416 4023 11652    718 2016 11 27      2     61    -70 0 0 0
54416 4023 11652    718 2016 11 28    -15     81    -76 0 0 0
54416 4023 11652    718 2016 11 29     -1     53    -51 0 0 0
54416 4023 11652    718 2016 11 30     34     90    -15 0 0 0
54416 4023 11652    718 2016 12  1    -11     80    -66 0 0 0
54416 4023 11652    718 2016 12  2     -8    103    -66 0 0 0
54416 4023 11652    718 2016 12  3      3     79    -41 0 0 0
54416 4023 11652    718 2016 12  4     26     98    -42 0 0 0
54416 4023 11652    718 2016 12  5     13     58    -31 0 0 0
54416 4023 11652    718 2016 12  6    -30     59    -98 0 0 0
54416 4023 11652    718 2016 12  7     -8     83    -63 0 0 0
54416 4023 11652    718 2016 12  8     16     77    -34 0 0 0
54416 4023 11652    718 2016 12  9    -27     41    -82 0 0 0
54416 4023 11652    718 2016 12 10    -36     65   -100 0 0 0
54416 4023 11652    718 2016 12 11    -28     33    -93 0 0 0
54416 4023 11652    718 2016 12 12     13     72    -29 0 0 0
54416 4023 11652    718 2016 12 13      7     40    -48 0 0 0
54416 4023 11652    718 2016 12 14    -39     19    -66 0 0 0
54416 4023 11652    718 2016 12 15    -34     47   -102 0 0 0
54416 4023 11652    718 2016 12 16    -44     62    -98 0 0 0
54416 4023 11652    718 2016 12 17    -16     72    -63 0 0 0
54416 4023 11652    718 2016 12 18    -13     90    -67 0 0 0
54416 4023 11652    718 2016 12 19     -6    107    -70 0 0 0
54416 4023 11652    718 2016 12 20    -32     65    -77 0 0 0
54416 4023 11652    718 2016 12 21     -3     46    -25 0 0 0
54416 4023 11652    718 2016 12 22     10     54    -34 0 0 0
54416 4023 11652    718 2016 12 23    -33     25    -63 0 0 0
54416 4023 11652    718 2016 12 24    -50     20    -99 0 0 0
54416 4023 11652    718 2016 12 25    -30      8    -76 0 0 0
54416 4023 11652    718 2016 12 26      5     28    -25 0 0 0
54416 4023 11652    718 2016 12 27    -47     17    -95 0 0 0
54416 4023 11652    718 2016 12 28    -34      9    -96 0 0 0
54416 4023 11652    718 2016 12 29    -67     22   -120 0 0 0
54416 4023 11652    718 2016 12 30    -68     10   -124 0 0 0
54416 4023 11652    718 2016 12 31    -51     37   -108 0 0 0
54416 4023 11652    718 2017  1  1    -68      0   -115 0 0 0
54416 4023 11652    718 2017  1  2    -29     92   -109 0 0 0
54416 4023 11652    718 2017  1  3    -25    104    -81 0 0 0
54416 4023 11652    718 2017  1  4    -18     66    -75 0 0 0
54416 4023 11652    718 2017  1  5     -1     38    -44 0 0 0
54416 4023 11652    718 2017  1  6    -14     46    -55 0 0 0
54416 4023 11652    718 2017  1  7     -3     18    -49 0 0 0
54416 4023 11652    718 2017  1  8      0     51    -37 0 0 0
54416 4023 11652    718 2017  1  9    -11     40    -54 0 0 0
54416 4023 11652    718 2017  1 10    -35     40   -114 0 0 0
54416 4023 11652    718 2017  1 11    -47     70   -118 0 0 0
54416 4023 11652    718 2017  1 12    -20     65   -103 0 0 0
54416 4023 11652    718 2017  1 13    -21     29    -50 0 0 0
54416 4023 11652    718 2017  1 14    -39     27    -89 0 0 0
54416 4023 11652    718 2017  1 15    -31    -14    -52 0 0 0
54416 4023 11652    718 2017  1 16    -32    -15    -42 0 0 0
54416 4023 11652    718 2017  1 17    -29     17    -60 0 0 0
54416 4023 11652    718 2017  1 18    -45     14    -79 0 0 0
54416 4023 11652    718 2017  1 19    -46      7    -77 0 0 0
54416 4023 11652    718 2017  1 20    -86    -20   -111 0 0 0
54416 4023 11652    718 2017  1 21    -86     -1   -152 0 0 0
54416 4023 11652    718 2017  1 22    -75     -8   -134 0 0 0
54416 4023 11652    718 2017  1 23    -74      7   -141 0 0 0
54416 4023 11652    718 2017  1 24    -70     31   -132 0 0 0
54416 4023 11652    718 2017  1 25    -43     34   -110 0 0 0
54416 4023 11652    718 2017  1 26    -14     87    -73 0 0 0
54416 4023 11652    718 2017  1 27    -45     43   -114 0 0 0
54416 4023 11652    718 2017  1 28    -31     30    -76 0 0 0
54416 4023 11652    718 2017  1 29    -26     -9    -52 0 0 0
54416 4023 11652    718 2017  1 30    -65      8   -129 0 0 0
54416 4023 11652    718 2017  1 31    -42     43    -90 0 0 0
54416 4023 11652    718 2017  2  1    -31     44    -65 0 0 0
54416 4023 11652    718 2017  2  2    -46     64   -111 0 0 0
54416 4023 11652    718 2017  2  3    -25     64    -88 0 0 0
54416 4023 11652    718 2017  2  4     -3     91    -56 0 0 0
54416 4023 11652    718 2017  2  5      6     88    -78 0 0 0
54416 4023 11652    718 2017  2  6     -6     59    -42 0 0 0
54416 4023 11652    718 2017  2  7    -34      9    -61 0 0 0
54416 4023 11652    718 2017  2  8    -22     35    -82 0 0 0
54416 4023 11652    718 2017  2  9    -28     21   -104 0 0 0
54416 4023 11652    718 2017  2 10    -14     45   -106 0 0 0
54416 4023 11652    718 2017  2 11    -34     78   -115 0 0 0
54416 4023 11652    718 2017  2 12     -8    108    -73 0 0 0
54416 4023 11652    718 2017  2 13     13    123    -53 0 0 0
54416 4023 11652    718 2017  2 14    -29     54    -88 0 0 0
54416 4023 11652    718 2017  2 15     -4     85    -54 0 0 0
54416 4023 11652    718 2017  2 16     39     75     -6 0 0 0
54416 4023 11652    718 2017  2 17    -24     50    -76 0 0 0
54416 4023 11652    718 2017  2 18      6    105    -82 0 0 0
54416 4023 11652    718 2017  2 19     50    148    -26 0 0 0
54416 4023 11652    718 2017  2 20    -10     53    -47 0 0 0
54416 4023 11652    718 2017  2 21    -34     11    -73 0 0 0
54416 4023 11652    718 2017  2 22     -2     47    -46 0 0 0
54416 4023 11652    718 2017  2 23     -3     81    -76 0 0 0
54416 4023 11652    718 2017  2 24      6    110    -81 0 0 0
54416 4023 11652    718 2017  2 25     27    128    -67 0 0 0
54416 4023 11652    718 2017  2 26     31    132    -51 0 0 0
54416 4023 11652    718 2017  2 27     46    157    -35 0 0 0
54416 4023 11652    718 2017  2 28     58    154    -12 0 0 0
54416 4023 11652    718 2017  3  1     45     74      6 0 0 0
54416 4023 11652    718 2017  3  2     16    143    -78 0 0 0
54416 4023 11652    718 2017  3  3     57    166    -29 0 0 0
54416 4023 11652    718 2017  3  4     29    122    -38 0 0 0
54416 4023 11652    718 2017  3  5     52    100     10 0 0 0
54416 4023 11652    718 2017  3  6      7     83    -52 0 0 0
54416 4023 11652    718 2017  3  7     15     80    -56 0 0 0
54416 4023 11652    718 2017  3  8     28    140    -55 0 0 0
54416 4023 11652    718 2017  3  9     42    169    -47 0 0 0
54416 4023 11652    718 2017  3 10     72    191    -23 0 0 0
54416 4023 11652    718 2017  3 11    110    199     33 0 0 0
54416 4023 11652    718 2017  3 12     80    146     36 0 0 0
54416 4023 11652    718 2017  3 13     54    149    -32 0 0 0
54416 4023 11652    718 2017  3 14     69    165    -28 0 0 0
54416 4023 11652    718 2017  3 15     46    144    -35 0 0 0
54416 4023 11652    718 2017  3 16     62    159     -9 0 0 0
54416 4023 11652    718 2017  3 17     98    155     19 0 0 0
54416 4023 11652    718 2017  3 18    106    197     22 0 0 0
54416 4023 11652    718 2017  3 19    102    180     23 0 0 0
54416 4023 11652    718 2017  3 20     66    145     44 0 0 0
54416 4023 11652    718 2017  3 21     61    139      2 0 0 0
54416 4023 11652    718 2017  3 22     72    139     10 0 0 0
54416 4023 11652    718 2017  3 23     69     94     58 0 0 0
54416 4023 11652    718 2017  3 24     34     62     11 0 0 0
54416 4023 11652    718 2017  3 25     74    133     13 0 0 0
54416 4023 11652    718 2017  3 26     82    136     21 0 0 0
54416 4023 11652    718 2017  3 27     62    149    -22 0 0 0
54416 4023 11652    718 2017  3 28     89    169     15 0 0 0
54416 4023 11652    718 2017  3 29    103    193     22 0 0 0
54416 4023 11652    718 2017  3 30    120    170     67 0 0 0
54416 4023 11652    718 2017  3 31    116    181     47 0 0 0
54416 4023 11652    718 2017  4  1    126    220     10 0 0 0
54416 4023 11652    718 2017  4  2    126    240     39 0 0 0
54416 4023 11652    718 2017  4  3    143    246     45 0 0 0
54416 4023 11652    718 2017  4  4    161    199     92 0 0 0
54416 4023 11652    718 2017  4  5    148    197     82 0 0 0
54416 4023 11652    718 2017  4  6    171    253    105 0 0 0
54416 4023 11652    718 2017  4  7    145    206    125 0 0 0
54416 4023 11652    718 2017  4  8    149    191    121 0 0 0
54416 4023 11652    718 2017  4  9    127    199     25 0 0 0
54416 4023 11652    718 2017  4 10    143    205     75 0 0 0
54416 4023 11652    718 2017  4 11    139    214     67 0 0 0
54416 4023 11652    718 2017  4 12    136    242     17 0 0 0
54416 4023 11652    718 2017  4 13    132    207     27 0 0 0
54416 4023 11652    718 2017  4 14    168    278     54 0 0 0
54416 4023 11652    718 2017  4 15    197    309     73 0 0 0
54416 4023 11652    718 2017  4 16    193    254    114 0 0 0
54416 4023 11652    718 2017  4 17    177    251     81 0 0 0
54416 4023 11652    718 2017  4 18    161    220    128 0 0 0
54416 4023 11652    718 2017  4 19    116    150     82 0 0 0
54416 4023 11652    718 2017  4 20    130    224     27 0 0 0
54416 4023 11652    718 2017  4 21    153    224     86 0 0 0
54416 4023 11652    718 2017  4 22    169    262     37 0 0 0
54416 4023 11652    718 2017  4 23    173    229    121 0 0 0
54416 4023 11652    718 2017  4 24    161    224     61 0 0 0
54416 4023 11652    718 2017  4 25    136    195     34 0 0 0
54416 4023 11652    718 2017  4 26    145    232     24 0 0 0
54416 4023 11652    718 2017  4 27    158    286     28 0 0 0
54416 4023 11652    718 2017  4 28    191    303     71 0 0 0
54416 4023 11652    718 2017  4 29    217    344    100 0 0 0
54416 4023 11652    718 2017  4 30    221    295    138 0 0 0
54416 4023 11652    718 2017  5  1    183    268    103 0 0 0
54416 4023 11652    718 2017  5  2    206    289    108 0 0 0
54416 4023 11652    718 2017  5  3    213    251    146 0 0 0
54416 4023 11652    718 2017  5  4    186    237    142 0 0 0
54416 4023 11652    718 2017  5  5    160    205    107 0 0 0
54416 4023 11652    718 2017  5  6    170    280     57 0 0 0
54416 4023 11652    718 2017  5  7    212    312     79 0 0 0
54416 4023 11652    718 2017  5  8    201    303    131 0 0 0
54416 4023 11652    718 2017  5  9    202    276    136 0 0 0
54416 4023 11652    718 2017  5 10    220    310    124 0 0 0
54416 4023 11652    718 2017  5 11    218    305    122 0 0 0
54416 4023 11652    718 2017  5 12    194    276     56 0 0 0
54416 4023 11652    718 2017  5 13    194    277    119 0 0 0
54416 4023 11652    718 2017  5 14    224    284    149 0 0 0
54416 4023 11652    718 2017  5 15    199    285     85 0 0 0
54416 4023 11652    718 2017  5 16    232    301    134 0 0 0
54416 4023 11652    718 2017  5 17    244    321    149 0 0 0
54416 4023 11652    718 2017  5 18    267    345    171 0 0 0
54416 4023 11652    718 2017  5 19    283    350    197 0 0 0
54416 4023 11652    718 2017  5 20    277    352    181 0 0 0
54416 4023 11652    718 2017  5 21    248    301    179 0 0 0
54416 4023 11652    718 2017  5 22    179    245    142 0 0 0
54416 4023 11652    718 2017  5 23    202    298     95 0 0 0
54416 4023 11652    718 2017  5 24    233    337    127 0 0 0
54416 4023 11652    718 2017  5 25    231    311    135 0 0 0
54416 4023 11652    718 2017  5 26    216    279    115 0 0 0
54416 4023 11652    718 2017  5 27    247    311    146 0 0 0
54416 4023 11652    718 2017  5 28    281    375    180 0 0 0
54416 4023 11652    718 2017  5 29    230    298    203 0 0 0
54416 4023 11652    718 2017  5 30    218    286    170 0 0 0
54416 4023 11652    718 2017  5 31    246    333    154 0 0 0
54416 4023 11652    718 2017  6  1    240    316    137 0 0 0
54416 4023 11652    718 2017  6  2    201    267    153 0 0 0
54416 4023 11652    718 2017  6  3    200    285    107 0 0 0
54416 4023 11652    718 2017  6  4    239    323    122 0 0 0
54416 4023 11652    718 2017  6  5    241    304    174 0 0 0
54416 4023 11652    718 2017  6  6    166    260    155 0 0 0
54416 4023 11652    718 2017  6  7    214    314    161 0 0 0
54416 4023 11652    718 2017  6  8    223    333    133 0 0 0
54416 4023 11652    718 2017  6  9    259    380    133 0 0 0
54416 4023 11652    718 2017  6 10    246    315    164 0 0 0
54416 4023 11652    718 2017  6 11    226    298    124 0 0 0
54416 4023 11652    718 2017  6 12    221    273    143 0 0 0
54416 4023 11652    718 2017  6 13    235    288    181 0 0 0
54416 4023 11652    718 2017  6 14    265    375    153 0 0 0
54416 4023 11652    718 2017  6 15    297    398    184 0 0 0
54416 4023 11652    718 2017  6 16    298    383    176 0 0 0
54416 4023 11652    718 2017  6 17    306    345    242 0 0 0
54416 4023 11652    718 2017  6 18    277    351    214 0 0 0
54416 4023 11652    718 2017  6 19    256    356    197 0 0 0
54416 4023 11652    718 2017  6 20    254    336    167 0 0 0
54416 4023 11652    718 2017  6 21    271    323    216 0 0 0
54416 4023 11652    718 2017  6 22    214    288    200 0 0 0
54416 4023 11652    718 2017  6 23    196    222    183 0 0 0
54416 4023 11652    718 2017  6 24    215    272    182 0 0 0
54416 4023 11652    718 2017  6 25    233    325    169 0 0 0
54416 4023 11652    718 2017  6 26    270    354    178 0 0 0
54416 4023 11652    718 2017  6 27    280    334    201 0 0 0
54416 4023 11652    718 2017  6 28    266    333    205 0 0 0
54416 4023 11652    718 2017  6 29    292    346    242 0 0 0
54416 4023 11652    718 2017  6 30    291    348    224 0 0 0
